# Giai phuong trinh vi phan
######################################################################
#     i             x         theta         omega
      0   0.000000000   0.523598776   0.000000000
      1   0.010000000   0.523190026  -0.081750000
      2   0.020000000   0.521964065  -0.163384212
      3   0.030000000   0.519922631  -0.244786800
      4   0.040000000   0.517068618  -0.325841933
      5   0.050000000   0.513406081  -0.406433791
      6   0.060000000   0.508940230  -0.486446579
      7   0.070000000   0.503677436  -0.565764552
      8   0.080000000   0.497625224  -0.644272048
      9   0.090000000   0.490792278  -0.721853538
     10   0.100000000   0.483188435  -0.798393684
     11   0.110000000   0.474824683  -0.873777423
     12   0.120000000   0.465713162  -0.947890058
     13   0.130000000   0.455867155  -1.020617375
     14   0.140000000   0.445301084  -1.091845780
     15   0.150000000   0.434030505  -1.161462451
     16   0.160000000   0.422072097  -1.229355513
     17   0.170000000   0.409443651  -1.295414238
     18   0.180000000   0.396164063  -1.359529259
     19   0.190000000   0.382253311  -1.421592806
     20   0.200000000   0.367732446  -1.481498963
     21   0.210000000   0.352623565  -1.539143940
     22   0.220000000   0.336949793  -1.594426357
     23   0.230000000   0.320735255  -1.647247553
     24   0.240000000   0.304005051  -1.697511892
     25   0.250000000   0.286785219  -1.745127091
     26   0.260000000   0.269102701  -1.790004543
     27   0.270000000   0.250985310  -1.832059653
     28   0.280000000   0.232461680  -1.871212162
     29   0.290000000   0.213561228  -1.907386479
     30   0.300000000   0.194314101  -1.940512000
     31   0.310000000   0.174751127  -1.970523414
     32   0.320000000   0.154903760  -1.997360999
     33   0.330000000   0.134804022  -2.020970899
     34   0.340000000   0.114484444  -2.041305376
     35   0.350000000   0.093978004  -2.058323047
     36   0.360000000   0.073318059  -2.071989082
     37   0.370000000   0.052538285  -2.082275383
     38   0.380000000   0.031672601  -2.089160722
     39   0.390000000   0.010755105  -2.092630854
     40   0.400000000  -0.010179995  -2.092678585
     41   0.410000000  -0.031098459  -2.089303816
     42   0.420000000  -0.051966078  -2.082513536
     43   0.430000000  -0.072748751  -2.072321793
     44   0.440000000  -0.093412549  -2.058749616
     45   0.450000000  -0.113923791  -2.041824910
     46   0.460000000  -0.134249109  -2.021582316
     47   0.470000000  -0.154355513  -1.998063034
     48   0.480000000  -0.174210458  -1.971314623
     49   0.490000000  -0.193781907  -1.941390769
     50   0.500000000  -0.213038387  -1.908351031
     51   0.510000000  -0.231949053  -1.872260564
     52   0.520000000  -0.250483736  -1.833189827
     53   0.530000000  -0.268612998  -1.791214274
     54   0.540000000  -0.286308181  -1.746414034
     55   0.550000000  -0.303541449  -1.698873584
     56   0.560000000  -0.320285833  -1.648681422
     57   0.570000000  -0.336515267  -1.595929730
     58   0.580000000  -0.352204626  -1.540714054
     59   0.590000000  -0.367329755  -1.483132973
     60   0.600000000  -0.381867501  -1.423287793
     61   0.610000000  -0.395795734  -1.361282241
     62   0.620000000  -0.409093375  -1.297222176
     63   0.630000000  -0.421740414  -1.231215318
     64   0.640000000  -0.433717924  -1.163370993
     65   0.650000000  -0.445008082  -1.093799894
     66   0.660000000  -0.455594176  -1.022613864
     67   0.670000000  -0.465460618  -0.949925703
     68   0.680000000  -0.474592952  -0.875848984
     69   0.690000000  -0.482977864  -0.800497907
     70   0.700000000  -0.490603181  -0.723987156
     71   0.710000000  -0.497457881  -0.646431786
     72   0.720000000  -0.503532093  -0.567947129
     73   0.730000000  -0.508817103  -0.488648711
     74   0.740000000  -0.513305349  -0.408652189
     75   0.750000000  -0.516990430  -0.328073310
     76   0.760000000  -0.519867101  -0.247027867
     77   0.770000000  -0.521931274  -0.165631681
     78   0.780000000  -0.523180022  -0.084000584
     79   0.790000000  -0.523611574  -0.002250415
     80   0.800000000  -0.523225319   0.079502991
     81   0.810000000  -0.522021804   0.161143794
     82   0.820000000  -0.520002733   0.242556159
     83   0.830000000  -0.517170970   0.323624250
     84   0.840000000  -0.513530537   0.404232247
     85   0.850000000  -0.509086613   0.484264351
     86   0.860000000  -0.503845536   0.563604813
     87   0.870000000  -0.497814802   0.642137968
     88   0.880000000  -0.491003060   0.719748278
     89   0.890000000  -0.483420118   0.796320400
     90   0.900000000  -0.475076931   0.871739257
     91   0.910000000  -0.465985609   0.945890139
     92   0.920000000  -0.456159402   1.018658816
     93   0.930000000  -0.445612702   1.089931672
     94   0.940000000  -0.434361034   1.159595857
     95   0.950000000  -0.422421046   1.227539468
     96   0.960000000  -0.409810501   1.293651739
     97   0.970000000  -0.396548263   1.357823259
     98   0.980000000  -0.382654281   1.419946208
     99   0.990000000  -0.368149578   1.479914614
    100   1.000000000  -0.353056222   1.537624621
    101   1.010000000  -0.337397311   1.592974776
    102   1.020000000  -0.321196944   1.645866335
    103   1.030000000  -0.304480194   1.696203574
    104   1.040000000  -0.287273074   1.743894109
    105   1.050000000  -0.269602504   1.788849225
    106   1.060000000  -0.251496272   1.830984209
    107   1.070000000  -0.232982992   1.870218676
    108   1.080000000  -0.214092060   1.906476900
    109   1.090000000  -0.194853605   1.939688133
    110   1.100000000  -0.175298437   1.969786912
    111   1.110000000  -0.155457994   1.996713355
    112   1.120000000  -0.135364285   2.020413438
    113   1.130000000  -0.115049828   2.040839252
    114   1.140000000  -0.094547590   2.057949233
    115   1.150000000  -0.073890920   2.071708368
    116   1.160000000  -0.053113485   2.082088368
    117   1.170000000  -0.032249202   2.089067816
    118   1.180000000  -0.011332164   2.092632270
    119   1.190000000   0.009603422   2.092774344
    120   1.200000000   0.030523315   2.089493742
    121   1.210000000   0.051393303   2.082797258
    122   1.220000000   0.072179280   2.072698747
    123   1.230000000   0.092847313   2.059219047
    124   1.240000000   0.113363709   2.042385877
    125   1.250000000   0.133695092   2.022233696
    126   1.260000000   0.153808458   1.998803526
    127   1.270000000   0.173671250   1.972142757
    128   1.280000000   0.193251414   1.942304910
    129   1.290000000   0.212517462   1.909349388
    130   1.300000000   0.231438527   1.873341198
    131   1.310000000   0.249984423   1.834350660
    132   1.320000000   0.268125689   1.792453095
    133   1.330000000   0.285833644   1.747728511
    134   1.340000000   0.303080429   1.700261272
    135   1.350000000   0.319839049   1.650139772
    136   1.360000000   0.336083414   1.597456101
    137   1.370000000   0.351788370   1.542305715
    138   1.380000000   0.366929735   1.484787121
    139   1.390000000   0.381484327   1.425001554
    140   1.400000000   0.395429989   1.363052680
    141   1.410000000   0.408745610   1.299046308
    142   1.420000000   0.421411151   1.233090113
    143   1.430000000   0.433407655   1.165293381
    144   1.440000000   0.444717267   1.095766773
    145   1.450000000   0.455323244   1.024622106
    146   1.460000000   0.465209967   0.951972159
    147   1.470000000   0.474362950   0.877930488
    148   1.480000000   0.482768844   0.802611279
    149   1.490000000   0.490415446   0.726129208
    150   1.500000000   0.497291701   0.648599323
    151   1.510000000   0.503387709   0.570136950
    152   1.520000000   0.508694720   0.490857613
    153   1.530000000   0.513205142   0.410876971
    154   1.540000000   0.516912543   0.330310767
    155   1.550000000   0.519811643   0.249274796
    156   1.560000000   0.521898325   0.167884882
    157   1.570000000   0.523169628   0.086256858
    158   1.580000000   0.523623751   0.004506563
    159   1.590000000   0.523260049  -0.077250163
    160   1.600000000   0.522079037  -0.158897482
    161   1.610000000   0.520082389  -0.240319555
    162   1.620000000   0.517272935  -0.321400545
    163   1.630000000   0.513654666  -0.402024629
    164   1.640000000   0.509232730  -0.482076005
    165   1.650000000   0.504013433  -0.561438921
    166   1.660000000   0.498004237  -0.639997707
    167   1.670000000   0.491213762  -0.717636819
    168   1.680000000   0.483651782  -0.794240905
    169   1.690000000   0.475329223  -0.869694877
    170   1.700000000   0.466258161  -0.943884013
    171   1.710000000   0.456451816  -1.016694064
    172   1.720000000   0.445924549  -1.088011393
    173   1.730000000   0.434691854  -1.157723125
    174   1.740000000   0.422770348  -1.225717325
    175   1.750000000   0.410177764  -1.291883190
    176   1.760000000   0.396932936  -1.356111266
    177   1.770000000   0.383055785  -1.418293685
    178   1.780000000   0.368567302  -1.478324416
    179   1.790000000   0.353489529  -1.536099536
    180   1.800000000   0.337845537  -1.591517522
    181   1.810000000   0.321659397  -1.644479549
    182   1.820000000   0.304956156  -1.694889799
    183   1.830000000   0.287761803  -1.742655791
    184   1.840000000   0.270103233  -1.787688702
    185   1.850000000   0.252008211  -1.829903699
    186   1.860000000   0.233505331  -1.869220273
    187   1.870000000   0.214623968  -1.905562562
    188   1.880000000   0.195394231  -1.938859674
    189   1.890000000   0.175846914  -1.969045992
    190   1.900000000   0.156013439  -1.996061477
    191   1.910000000   0.135925800  -2.019851936
    192   1.920000000   0.115616503  -2.040369286
    193   1.930000000   0.095118504  -2.057571785
    194   1.940000000   0.074465144  -2.071424233
    195   1.950000000   0.053690083  -2.081898155
    196   1.960000000   0.032827231  -2.088971939
    197   1.970000000   0.011910680  -2.092630952
    198   1.980000000  -0.009025366  -2.092867609
    199   1.990000000  -0.029946664  -2.089681419
    200   2.000000000  -0.050819001  -2.083078981
    201   2.010000000  -0.071608264  -2.073073956
    202   2.020000000  -0.092280514  -2.059686991
    203   2.030000000  -0.112802051  -2.042945618
    204   2.040000000  -0.133139487  -2.022884113
    205   2.050000000  -0.153259808  -1.999543320
    206   2.060000000  -0.173130441  -1.972970458
    207   2.070000000  -0.192719318  -1.943218885
    208   2.080000000  -0.211994932  -1.910347845
    209   2.090000000  -0.230926400  -1.874422197
    210   2.100000000  -0.249483513  -1.835512121
    211   2.110000000  -0.267636790  -1.793692807
    212   2.120000000  -0.285357528  -1.749044138
    213   2.130000000  -0.302617843  -1.701650368
    214   2.140000000  -0.319390715  -1.651599783
    215   2.150000000  -0.335650027  -1.598984381
    216   2.160000000  -0.351370601  -1.543899531
    217   2.170000000  -0.366528225  -1.486443662
    218   2.180000000  -0.381099689  -1.426717942
    219   2.190000000  -0.395062806  -1.364825976
    220   2.200000000  -0.408396438  -1.300873519
    221   2.210000000  -0.421080512  -1.234968202
    222   2.220000000  -0.433096044  -1.167219271
    223   2.230000000  -0.444425146  -1.097737357
    224   2.240000000  -0.455051044  -1.026634249
    225   2.250000000  -0.464958089  -0.954022703
    226   2.260000000  -0.474131761  -0.880016261
    227   2.270000000  -0.482558681  -0.804729093
    228   2.280000000  -0.490226613  -0.728275866
    229   2.290000000  -0.497124471  -0.650771623
    230   2.300000000  -0.503242322  -0.572331683
    231   2.310000000  -0.508571384  -0.493071570
    232   2.320000000  -0.513104035  -0.413106939
    233   2.330000000  -0.516833807  -0.332553536
    234   2.340000000  -0.519755391  -0.251527156
    235   2.350000000  -0.521864636  -0.170143623
    236   2.360000000  -0.523158551  -0.088518772
    237   2.370000000  -0.523635300  -0.006768445
    238   2.380000000  -0.523294209   0.074991518
    239   2.390000000  -0.522135759   0.156645276
    240   2.400000000  -0.520161593   0.238076988
    241   2.410000000  -0.517374509   0.319170817
    242   2.420000000  -0.513778465   0.399810935
    243   2.430000000  -0.509378578   0.479881539
    244   2.440000000  -0.504181121   0.559266873
    245   2.450000000  -0.498193526   0.637851262
    246   2.460000000  -0.491424379   0.715519156
    247   2.470000000  -0.483883424   0.792155194
    248   2.480000000  -0.475581555   0.867644279
    249   2.490000000  -0.466530815   0.941871673
    250   2.500000000  -0.456744394   1.014723112
    251   2.510000000  -0.446236622   1.086084936
    252   2.520000000  -0.435022962   1.155844246
    253   2.530000000  -0.423119999   1.223889074
    254   2.540000000  -0.410545437   1.290108582
    255   2.550000000  -0.397318079   1.354393272
    256   2.560000000  -0.383457817   1.416635226
    257   2.570000000  -0.368985614   1.476728355
    258   2.580000000  -0.353923483   1.534568674
    259   2.590000000  -0.338294467   1.590054585
    260   2.600000000  -0.322122610   1.643087180
    261   2.610000000  -0.305432934   1.693570554
    262   2.620000000  -0.288251401   1.741412124
    263   2.630000000  -0.270604884   1.786522959
    264   2.640000000  -0.252521125   1.828818109
    265   2.650000000  -0.234028695   1.868216938
    266   2.660000000  -0.215156948   1.904643449
    267   2.670000000  -0.195935977   1.938026605
    268   2.680000000  -0.176396556   1.968300638
    269   2.690000000  -0.156570092   1.995405347
    270   2.700000000  -0.136488565   2.019286373
    271   2.710000000  -0.116184468   2.039895460
    272   2.720000000  -0.095690746   2.057190683
    273   2.730000000  -0.075040732   2.071136660
    274   2.740000000  -0.054268077   2.081704725
    275   2.750000000  -0.033406687   2.088873074
    276   2.760000000  -0.012490652   2.092626879
    277   2.770000000   0.008445828   2.092958360
    278   2.780000000   0.029368507   2.089866827
    279   2.790000000   0.050243170   2.083358686
    280   2.800000000   0.071035701   2.073447401
    281   2.810000000   0.091712152   2.060153429
    282   2.820000000   0.112238816   2.043504114
    283   2.830000000   0.132582295   2.023533547
    284   2.840000000   0.152709562   2.000282397
    285   2.850000000   0.172588030   1.973797708
    286   2.860000000   0.192185616   1.944132674
    287   2.870000000   0.211470796   1.911346383
    288   2.880000000   0.230412668   1.875503544
    289   2.890000000   0.248981004   1.836674194
    290   2.900000000   0.267146300   1.794933392
    291   2.910000000   0.284879830   1.750360899
    292   2.920000000   0.302153687   1.703040853
    293   2.930000000   0.318940827   1.653061439
    294   2.940000000   0.335215105   1.600514554
    295   2.950000000   0.350951316   1.545495485
    296   2.960000000   0.366125221   1.488102582
    297   2.970000000   0.380713582   1.428436943
    298   2.980000000   0.394694182   1.366602114
    299   2.990000000   0.408045853   1.302703795
    300   3.000000000   0.420748494   1.236849573
    301   3.010000000   0.432783087   1.169148654
    302   3.020000000   0.444131715   1.099711636
    303   3.030000000   0.454777573   1.028650283
    304   3.040000000   0.464704978   0.956077327
    305   3.050000000   0.473899382   0.882106294
    306   3.060000000   0.482347371   0.806851341
    307   3.070000000   0.490036679   0.730427124
    308   3.080000000   0.496956187   0.652948679
    309   3.090000000   0.503095929   0.574531324
    310   3.100000000   0.508447092   0.495290575
    311   3.110000000   0.513002022   0.415342091
    312   3.120000000   0.516754218   0.334801614
    313   3.130000000   0.519698339   0.253784941
    314   3.140000000   0.521830203   0.172407899
    315   3.150000000   0.523146785   0.090786324
    316   3.160000000   0.523646218   0.009036057
    317   3.170000000   0.523327795  -0.072727057
    318   3.180000000   0.522191966  -0.154387177
    319   3.190000000   0.520240341  -0.235828459
    320   3.200000000   0.517475686  -0.316935064
    321   3.210000000   0.513901928  -0.397591163
    322   3.220000000   0.509524151  -0.477680951
    323   3.230000000   0.504348596  -0.557088666
    324   3.240000000   0.498382663  -0.635698629
    325   3.250000000   0.491634907  -0.713395285
    326   3.260000000   0.484115039  -0.790063264
    327   3.270000000   0.475833921  -0.865587457
    328   3.280000000   0.466803566  -0.939853115
    329   3.290000000   0.457037132  -1.012745954
    330   3.300000000   0.446548917  -1.084152295
    331   3.310000000   0.435354352  -1.153959212
    332   3.320000000   0.423469994  -1.222054707
    333   3.330000000   0.410913515  -1.288327905
    334   3.340000000   0.397703688  -1.352669265
    335   3.350000000   0.383860376  -1.414970820
    336   3.360000000   0.369404512  -1.475126423
    337   3.370000000   0.354358081  -1.533032023
    338   3.380000000   0.338744097  -1.588585951
    339   3.390000000   0.322586580  -1.641689217
    340   3.400000000   0.305910524  -1.692245825
    341   3.410000000   0.288741866  -1.740163093
    342   3.420000000   0.271107455  -1.785351981
    343   3.430000000   0.253035010  -1.827727423
    344   3.440000000   0.234553080  -1.867208654
    345   3.450000000   0.215690999  -1.903719544
    346   3.460000000   0.196478840  -1.937188909
    347   3.470000000   0.176947361  -1.967550831
    348   3.480000000   0.157127952  -1.994744947
    349   3.490000000   0.137052579  -2.018716732
    350   3.500000000   0.116753721  -2.039417754
    351   3.510000000   0.096264314  -2.056805908
    352   3.520000000   0.075617680  -2.070845628
    353   3.530000000   0.054847466  -2.081508058
    354   3.540000000   0.033987570  -2.088771201
    355   3.550000000   0.013072078  -2.092620033
    356   3.560000000  -0.007864808  -2.093046577
    357   3.570000000  -0.028788845  -2.090049947
    358   3.580000000  -0.049665812  -2.083636351
    359   3.590000000  -0.070461591  -2.073819061
    360   3.600000000  -0.091142227  -2.060618340
    361   3.610000000  -0.111674004  -2.044061343
    362   3.620000000  -0.132023514  -2.024181978
    363   3.630000000  -0.152157718  -2.001020735
    364   3.640000000  -0.172044016  -1.974624486
    365   3.650000000  -0.191650307  -1.945046259
    366   3.660000000  -0.210945053  -1.912344983
    367   3.670000000  -0.229897332  -1.876585218
    368   3.680000000  -0.248476894  -1.837836859
    369   3.690000000  -0.266654216  -1.796174833
    370   3.700000000  -0.284400549  -1.751678776
    371   3.710000000  -0.301687961  -1.704432713
    372   3.720000000  -0.318489382  -1.654524722
    373   3.730000000  -0.334778644  -1.602046606
    374   3.740000000  -0.350530512  -1.547093563
    375   3.750000000  -0.365720721  -1.489763866
    376   3.760000000  -0.380326004  -1.430158544
    377   3.770000000  -0.394324114  -1.368381080
    378   3.780000000  -0.407693854  -1.304537124
    379   3.790000000  -0.420415092  -1.238734213
    380   3.800000000  -0.432468780  -1.171081517
    381   3.810000000  -0.443836970  -1.101689599
    382   3.820000000  -0.454502825  -1.030670197
    383   3.830000000  -0.464450632  -0.958136021
    384   3.840000000  -0.473665808  -0.884200578
    385   3.850000000  -0.482134910  -0.808978013
    386   3.860000000  -0.489845638  -0.732582973
    387   3.870000000  -0.496786843  -0.655130486
    388   3.880000000  -0.502948525  -0.576735864
    389   3.890000000  -0.508321839  -0.497514623
    390   3.900000000  -0.512899098  -0.417582419
    391   3.910000000  -0.516673771  -0.337054995
    392   3.920000000  -0.519640483  -0.256048149
    393   3.930000000  -0.521795020  -0.174677708
    394   3.940000000  -0.523134325  -0.093059509
    395   3.950000000  -0.523656499  -0.011309398
    396   3.960000000  -0.523360802   0.070456781
    397   3.970000000  -0.522247653   0.152123184
    398   3.980000000  -0.520318628   0.233573967
    399   3.990000000  -0.517576463   0.314693287
    400   4.000000000  -0.514025051   0.395365314
    401   4.010000000  -0.509669444   0.475474238
    402   4.020000000  -0.504515853   0.554904297
    403   4.030000000  -0.498571644   0.633539806
    404   4.040000000  -0.491845341   0.711265202
    405   4.050000000  -0.484346622   0.787965108
    406   4.060000000  -0.476086318   0.863524406
    407   4.070000000  -0.467076410   0.937828330
    408   4.080000000  -0.457330025   1.010762582
    409   4.090000000  -0.446861428   1.082213461
    410   4.100000000  -0.435686021   1.152068015
    411   4.110000000  -0.423820330   1.220214215
    412   4.120000000  -0.411281994   1.286541150
    413   4.130000000  -0.398089759   1.350939236
    414   4.140000000  -0.384263456   1.413300456
    415   4.150000000  -0.369823990   1.473518606
    416   4.160000000  -0.354793317   1.531489571
    417   4.170000000  -0.339194425   1.587111608
    418   4.180000000  -0.323051304   1.640285646
    419   4.190000000  -0.306388923   1.690915598
    420   4.200000000  -0.289233194   1.738908683
    421   4.210000000  -0.271610942   1.784175754
    422   4.220000000  -0.253549863   1.826631625
    423   4.230000000  -0.235078483   1.866195406
    424   4.240000000  -0.216226118   1.902790830
    425   4.250000000  -0.197022819   1.936346570
    426   4.260000000  -0.177499327   1.966796554
    427   4.270000000  -0.157687016   1.994080260
    428   4.280000000  -0.137617838   2.018142994
    429   4.290000000  -0.117324261   2.038936150
    430   4.300000000  -0.096839206   2.056417443
    431   4.310000000  -0.076195990   2.070551120
    432   4.320000000  -0.055428248   2.081308135
    433   4.330000000  -0.034569878   2.088666299
    434   4.340000000  -0.013654959   2.092610392
    435   4.350000000   0.007282307   2.093132239
    436   4.360000000   0.028207676   2.090230758
    437   4.370000000   0.049086927   2.083911959
    438   4.380000000   0.069885934   2.074188917
    439   4.390000000   0.090570738   2.061081704
    440   4.400000000   0.111107615   2.044617287
    441   4.410000000   0.131463144   2.024829387
    442   4.420000000   0.151604276   2.001758317
    443   4.430000000   0.171498397   1.975450774
    444   4.440000000   0.191113391   1.945959620
    445   4.450000000   0.210417701   1.913343626
    446   4.460000000   0.229380388   1.877667202
    447   4.470000000   0.247971181   1.839000099
    448   4.480000000   0.266160537   1.797417112
    449   4.490000000   0.283919682   1.752997753
    450   4.500000000   0.301220661   1.705825930
    451   4.510000000   0.318036379   1.655989617
    452   4.520000000   0.334340641   1.603580519
    453   4.530000000   0.350108187   1.548693749
    454   4.540000000   0.365314722   1.491427499
    455   4.550000000   0.379936951   1.431882729
    456   4.560000000   0.393952599   1.370162862
    457   4.570000000   0.407340437   1.306373492
    458   4.580000000   0.420080304   1.240622110
    459   4.590000000   0.432153121   1.173017848
    460   4.600000000   0.443540908   1.103671235
    461   4.610000000   0.454226798   1.032693980
    462   4.620000000   0.464195046   0.960198773
    463   4.630000000   0.473431036   0.886299103
    464   4.640000000   0.481921294   0.811109102
    465   4.650000000   0.489653488   0.734743405
    466   4.660000000   0.496616435   0.657317034
    467   4.670000000   0.502800105   0.578945298
    468   4.680000000   0.508195620   0.499743708
    469   4.690000000   0.512795261   0.419827919
    470   4.700000000   0.516592462   0.339313675
    471   4.710000000   0.519581819   0.258316775
    472   4.720000000   0.521759084   0.176953045
    473   4.730000000   0.523121168   0.095338327
    474   4.740000000   0.523666139   0.013588466
    475   4.750000000   0.523393226  -0.068180691
    476   4.760000000   0.522302815  -0.149853299
    477   4.770000000   0.520396450  -0.231313511
    478   4.780000000   0.517676834  -0.312445484
    479   4.790000000   0.514147829  -0.393133384
    480   4.800000000   0.509814454  -0.473261400
    481   4.810000000   0.504682887  -0.552713764
    482   4.820000000   0.498760464  -0.631374788
    483   4.830000000   0.492055675  -0.709128903
    484   4.840000000   0.484578168  -0.785860723
    485   4.850000000   0.476338740  -0.861455119
    486   4.860000000   0.467349342  -0.935797314
    487   4.870000000   0.457623068  -1.008772990
    488   4.880000000   0.447174152  -1.080268427
    489   4.890000000   0.436017965  -1.150170647
    490   4.900000000   0.424171001  -1.218367590
    491   4.910000000   0.411650871  -1.284748307
    492   4.920000000   0.398476287  -1.349203175
    493   4.930000000   0.384667054  -1.411624123
    494   4.940000000   0.370244045  -1.471904894
    495   4.950000000   0.355229190  -1.529941306
    496   4.960000000   0.339645446  -1.585631543
    497   4.970000000   0.323516778  -1.638876453
    498   4.980000000   0.306868128  -1.689579859
    499   4.990000000   0.289725383  -1.737648881
    500   5.000000000   0.272115344  -1.782994262
    501   5.010000000   0.254065682  -1.825530700
    502   5.020000000   0.235604903  -1.865177177
    503   5.030000000   0.216762302  -1.901857291
    504   5.040000000   0.197567910  -1.935499570
    505   5.050000000   0.178052451  -1.966037791
    506   5.060000000   0.158247283  -1.993411268
    507   5.070000000   0.138184343  -2.017565142
    508   5.080000000   0.117896085  -2.038450630
    509   5.090000000   0.097415422  -2.056025267
    510   5.100000000   0.076775658  -2.070253115
    511   5.110000000   0.056010424  -2.081104937
    512   5.120000000   0.035153610  -2.088558350
    513   5.130000000   0.014239294  -2.092597938
    514   5.140000000  -0.006698325  -2.093215328
    515   5.150000000  -0.027625003  -2.090409240
    516   5.160000000  -0.048506514  -2.084185487
    517   5.170000000  -0.069308731  -2.074556948
    518   5.180000000  -0.089997686  -2.061543502
    519   5.190000000  -0.110539647  -2.045171925
    520   5.200000000  -0.130901184  -2.025475754
    521   5.210000000  -0.151049235  -2.002495121
    522   5.220000000  -0.170951173  -1.976276551
    523   5.230000000  -0.190574865  -1.946872738
    524   5.240000000  -0.209888739  -1.914342294
    525   5.250000000  -0.228861835  -1.878749476
    526   5.260000000  -0.247463864  -1.840163896
    527   5.270000000  -0.265665260  -1.798660211
    528   5.280000000  -0.283437226  -1.754317811
    529   5.290000000  -0.300751784  -1.707220487
    530   5.300000000  -0.317581815  -1.657456106
    531   5.310000000  -0.333901095  -1.605116278
    532   5.320000000  -0.349684337  -1.550296027
    533   5.330000000  -0.364907221  -1.493093466
    534   5.340000000  -0.379546420  -1.433609486
    535   5.350000000  -0.393579632  -1.371947445
    536   5.360000000  -0.406985598  -1.308212886
    537   5.370000000  -0.419744125  -1.242513252
    538   5.380000000  -0.431836105  -1.174957635
    539   5.390000000  -0.443243525  -1.105656531
    540   5.400000000  -0.453949488  -1.034721622
    541   5.410000000  -0.463938215  -0.962265575
    542   5.420000000  -0.473195061  -0.888401861
    543   5.430000000  -0.481706519  -0.813244598
    544   5.440000000  -0.489460223  -0.736908413
    545   5.450000000  -0.496444960  -0.659508318
    546   5.460000000  -0.502650666  -0.581159618
    547   5.470000000  -0.508068431  -0.501977823
    548   5.480000000  -0.512690504  -0.422078586
    549   5.490000000  -0.516510286  -0.341577650
    550   5.500000000  -0.519522342  -0.260590815
    551   5.510000000  -0.521722389  -0.179233909
    552   5.520000000  -0.523107307  -0.097622775
    553   5.530000000  -0.523675133  -0.015873259
    554   5.540000000  -0.523425062   0.065898789
    555   5.550000000  -0.522357447   0.147577522
    556   5.560000000  -0.520473801   0.229047093
    557   5.570000000  -0.517776794   0.310191655
    558   5.580000000  -0.514270256   0.390895373
    559   5.590000000  -0.509959175   0.471042433
    560   5.600000000  -0.504849695   0.550517064
    561   5.610000000  -0.498949119   0.629203572
    562   5.620000000  -0.492265907   0.706986383
    563   5.630000000  -0.484809673   0.783750103
    564   5.640000000  -0.476591184   0.859379592
    565   5.650000000  -0.467622358   0.933760059
    566   5.660000000  -0.457916257   1.006777172
    567   5.670000000  -0.447487085   1.078317186
    568   5.680000000  -0.436350179   1.148267099
    569   5.690000000  -0.424522005   1.216514822
    570   5.700000000  -0.412020140   1.282949368
    571   5.710000000  -0.398863270   1.347461071
    572   5.720000000  -0.385071166   1.409941812
    573   5.730000000  -0.370664674   1.470285275
    574   5.740000000  -0.355665694   1.528387215
    575   5.750000000  -0.340097157   1.584145743
    576   5.760000000  -0.323982999   1.637461626
    577   5.770000000  -0.307348135   1.688238595
    578   5.780000000  -0.290218429   1.736383672
    579   5.790000000  -0.272620656   1.781807491
    580   5.800000000  -0.254582464   1.824424632
    581   5.810000000  -0.236132337   1.864153952
    582   5.820000000  -0.217299548   1.900918911
    583   5.830000000  -0.198114112   1.934647893
    584   5.840000000  -0.178606732   1.965274522
    585   5.850000000  -0.158808751   1.992737953
    586   5.860000000  -0.138752090   2.016983156
    587   5.870000000  -0.118469192   2.037961175
    588   5.880000000  -0.097992958   2.055629363
    589   5.890000000  -0.077356683   2.069951595
    590   5.900000000  -0.056593992   2.080898445
    591   5.910000000  -0.035738766   2.088447334
    592   5.920000000  -0.014825083   2.092582650
    593   5.930000000   0.006112863   2.093295823
    594   5.940000000   0.027040824   2.090585374
    595   5.950000000   0.047924575   2.084456916
    596   5.960000000   0.068729980   2.074923135
    597   5.970000000   0.089423069   2.062003713
    598   5.980000000   0.109970100   2.045725237
    599   5.990000000   0.130337633   2.026121059
    600   6.000000000   0.150492594   2.003231129
    601   6.010000000   0.170402342   1.977101798
    602   6.020000000   0.190034729   1.947785594
    603   6.030000000   0.209358165   1.915340967
    604   6.040000000   0.228341672   1.879832024
    605   6.050000000   0.246954941   1.841328231
    606   6.060000000   0.265168383   1.799904113
    607   6.070000000   0.282953180   1.755638932
    608   6.080000000   0.300281330   1.708616366
    609   6.090000000   0.317125686   1.658924174
    610   6.100000000   0.333460001   1.606653867
    611   6.110000000   0.349258960   1.551900382
    612   6.120000000   0.364498214   1.494761753
    613   6.130000000   0.379154409   1.435338798
    614   6.140000000   0.393205212   1.373734816
    615   6.150000000   0.406629334   1.310055293
    616   6.160000000   0.419406553   1.244407626
    617   6.170000000   0.431517728   1.176900867
    618   6.180000000   0.442944817   1.107645477
    619   6.190000000   0.453670890   1.036753112
    620   6.200000000   0.463680137   0.964336416
    621   6.210000000   0.472957880   0.890508841
    622   6.220000000   0.481490580   0.815384493
    623   6.230000000   0.489265840   0.739077987
    624   6.240000000   0.496272413   0.661704329
    625   6.250000000   0.502500202   0.583378819
    626   6.260000000   0.507940268   0.504216963
    627   6.270000000   0.512584823   0.424334414
    628   6.280000000   0.516427239   0.343846914
    629   6.290000000   0.519462046   0.262870265
    630   6.300000000   0.521684931   0.181520295
    631   6.310000000   0.523092740   0.099912849
    632   6.320000000   0.523683477   0.018163776
    633   6.330000000   0.523456304  -0.063611075
    634   6.340000000   0.522411544  -0.145295854
    635   6.350000000   0.520550677  -0.226774711
    636   6.360000000   0.517876339  -0.307931799
    637   6.370000000   0.514392329  -0.388651279
    638   6.380000000   0.510103602  -0.468817335
    639   6.390000000   0.505016270  -0.548314193
    640   6.400000000   0.499137604  -0.627026155
    641   6.410000000   0.492476030  -0.704837639
    642   6.420000000   0.485041133  -0.781633244
    643   6.430000000   0.476843645  -0.857297820
    644   6.440000000   0.467895453  -0.931716561
    645   6.450000000   0.458209588  -1.004775119
    646   6.460000000   0.447800221  -1.076359729
    647   6.470000000   0.436682659  -1.146357364
    648   6.480000000   0.424873336  -1.214655902
    649   6.490000000   0.412389799  -1.281144322
    650   6.500000000   0.399250702  -1.345712914
    651   6.510000000   0.385475787  -1.408253511
    652   6.520000000   0.371085872  -1.468659738
    653   6.530000000   0.356102827  -1.526827288
    654   6.540000000   0.340549554  -1.582654197
    655   6.550000000   0.324449962  -1.636041151
    656   6.560000000   0.307828942  -1.686891792
    657   6.570000000   0.290712330  -1.735113041
    658   6.580000000   0.273126875  -1.780615425
    659   6.590000000   0.255100206  -1.823313406
    660   6.600000000   0.236660782  -1.863125714
    661   6.610000000   0.217837855  -1.899975672
    662   6.620000000   0.198661421  -1.933791522
    663   6.630000000   0.179162166  -1.964506732
    664   6.640000000   0.159371416  -1.992060298
    665   6.650000000   0.139321078  -2.016397019
    666   6.660000000   0.119043581  -2.037467766
    667   6.670000000   0.098571815  -2.055229711
    668   6.680000000   0.077939066  -2.069646540
    669   6.690000000   0.057178950  -2.080688637
    670   6.700000000   0.036325345  -2.088333231
    671   6.710000000   0.015412323  -2.092564509
    672   6.720000000  -0.005525921  -2.093373705
    673   6.730000000  -0.026455141  -2.090759138
    674   6.740000000  -0.047341107  -2.084726227
    675   6.750000000  -0.068149683  -2.075287456
    676   6.760000000  -0.088846888  -2.062462317
    677   6.770000000  -0.109398974  -2.046277204
    678   6.780000000  -0.129772491  -2.026765282
    679   6.790000000  -0.149934352  -2.003966321
    680   6.800000000  -0.169851903  -1.977926497
    681   6.810000000  -0.189492981  -1.948698168
    682   6.820000000  -0.208825977  -1.916339626
    683   6.830000000  -0.227819896  -1.880914824
    684   6.840000000  -0.246444409  -1.842493085
    685   6.850000000  -0.264669905  -1.801148799
    686   6.860000000  -0.282467542  -1.756961101
    687   6.870000000  -0.299809294  -1.710013551
    688   6.880000000  -0.316667991  -1.660393803
    689   6.890000000  -0.333017358  -1.608193270
    690   6.900000000  -0.348832053  -1.553506798
    691   6.910000000  -0.364087699  -1.496432343
    692   6.920000000  -0.378760913  -1.437070652
    693   6.930000000  -0.392829333  -1.375524960
    694   6.940000000  -0.406271641  -1.311900699
    695   6.950000000  -0.419067582  -1.246305219
    696   6.960000000  -0.431197987  -1.178847530
    697   6.970000000  -0.442644780  -1.109638062
    698   6.980000000  -0.453391000  -1.038788440
    699   6.990000000  -0.463420806  -0.966411286
    700   7.000000000  -0.472719488  -0.892620035
    701   7.010000000  -0.481273473  -0.817528778
    702   7.020000000  -0.489070333  -0.741252120
    703   7.030000000  -0.496098788  -0.663905061
    704   7.040000000  -0.502348710  -0.585602893
    705   7.050000000  -0.507811125  -0.506461122
    706   7.060000000  -0.512478214  -0.426595397
    707   7.070000000  -0.516343316  -0.346121464
    708   7.080000000  -0.519400928  -0.265155121
    709   7.090000000  -0.521646705  -0.183812200
    710   7.100000000  -0.523077460  -0.102208548
    711   7.110000000  -0.523691164  -0.020460013
    712   7.120000000  -0.523486949   0.061317552
    713   7.130000000  -0.522465103   0.143008296
    714   7.140000000  -0.520627073   0.224496366
    715   7.150000000  -0.517975465   0.305665915
    716   7.160000000  -0.514514043   0.386401101
    717   7.170000000  -0.510247731   0.466586105
    718   7.180000000  -0.505182608   0.546105151
    719   7.190000000  -0.499325913   0.624842533
    720   7.200000000  -0.492686041   0.702682666
    721   7.210000000  -0.485272542   0.779510141
    722   7.220000000  -0.477096118   0.855209796
    723   7.230000000  -0.468168623   0.929666813
    724   7.240000000  -0.458503056   1.002766827
    725   7.250000000  -0.448113557   1.074396051
    726   7.260000000  -0.437015401   1.144441434
    727   7.270000000  -0.425224990   1.212790823
    728   7.280000000  -0.412759842   1.279333161
    729   7.290000000  -0.399638580   1.343958695
    730   7.300000000  -0.385880915   1.406559209
    731   7.310000000  -0.371507636   1.467028272
    732   7.320000000  -0.356540584   1.525261511
    733   7.330000000  -0.341002633   1.581156891
    734   7.340000000  -0.324917666   1.634615015
    735   7.350000000  -0.308310545   1.685539435
    736   7.360000000  -0.291207081   1.733836975
    737   7.370000000  -0.273634000   1.779418050
    738   7.380000000  -0.255618905   1.822197007
    739   7.390000000  -0.237190234   1.862092448
    740   7.400000000  -0.218377220   1.899027560
    741   7.410000000  -0.199209836   1.932930440
    742   7.420000000  -0.179718753   1.963734403
    743   7.430000000  -0.159935278   1.991378283
    744   7.440000000  -0.139891305   2.015806713
    745   7.450000000  -0.119619250   2.036970385
    746   7.460000000  -0.099151990   2.054826291
    747   7.470000000  -0.078522803   2.069337931
    748   7.480000000  -0.057765297   2.080475497
    749   7.490000000  -0.036913346   2.088216020
    750   7.500000000  -0.016001016   2.092543494
    751   7.510000000   0.004937500   2.093448952
    752   7.520000000   0.025867953   2.090930514
    753   7.530000000   0.046756113   2.084993398
    754   7.540000000   0.067567838   2.075649893
    755   7.550000000   0.088269142   2.062919294
    756   7.560000000   0.108826269   2.046827805
    757   7.570000000   0.129205757   2.027408403
    758   7.580000000   0.149374509   2.004700676
    759   7.590000000   0.169299856   1.978750626
    760   7.600000000   0.188949619   1.949610441
    761   7.610000000   0.208292175   1.917338253
    762   7.620000000   0.227296507   1.881997860
    763   7.630000000   0.245932267   1.843658441
    764   7.640000000   0.264169822   1.802394251
    765   7.650000000   0.281980309   1.758284297
    766   7.660000000   0.299335676   1.711412025
    767   7.670000000   0.316208727   1.661864977
    768   7.680000000   0.332573163   1.609734470
    769   7.690000000   0.348403613   1.555115260
    770   7.700000000   0.363675673   1.498105223
    771   7.710000000   0.378365931   1.438805033
    772   7.720000000   0.392451994   1.377317864
    773   7.730000000   0.405912516   1.313749091
    774   7.740000000   0.418727211   1.248206018
    775   7.750000000   0.430876877   1.180797614
    776   7.760000000   0.442343410   1.111634273
    777   7.770000000   0.453109815   1.040827594
    778   7.780000000   0.463160219   0.968490175
    779   7.790000000   0.472479880   0.894735433
    780   7.800000000   0.481055194   0.819677445
    781   7.810000000   0.488873699   0.743430805
    782   7.820000000   0.495924083   0.666110505
    783   7.830000000   0.502196185   0.587831834
    784   7.840000000   0.507680998   0.508710293
    785   7.850000000   0.512370672   0.428861532
    786   7.860000000   0.516258512   0.348401293
    787   7.870000000   0.519338983   0.267445379
    788   7.880000000   0.521607706   0.186109621
    789   7.890000000   0.523061463   0.104509867
    790   7.900000000   0.523698192   0.022761969
    791   7.910000000   0.523516991  -0.059018220
    792   7.920000000   0.522518117  -0.140714847
    793   7.930000000   0.520702984  -0.222212058
    794   7.940000000   0.518074165  -0.303394003
    795   7.950000000   0.514635392  -0.384144838
    796   7.960000000   0.510391556  -0.464348741
    797   7.970000000   0.505348705  -0.543889932
    798   7.980000000   0.499514043  -0.622652703
    799   7.990000000   0.492895935  -0.700521462
    800   8.000000000   0.485503896  -0.777380789
    801   8.010000000   0.477348598  -0.853115516
    802   8.020000000   0.468441863  -0.927610809
    803   8.030000000   0.458796656  -1.000752287
    804   8.040000000   0.448427087  -1.072426143
    805   8.050000000   0.437348400  -1.142519300
    806   8.060000000   0.425576964  -1.210919575
    807   8.070000000   0.413130266  -1.277515875
    808   8.080000000   0.400026899  -1.342198404
    809   8.090000000   0.386286545  -1.404858896
    810   8.100000000   0.371929962  -1.465390866
    811   8.110000000   0.356978963  -1.523689874
    812   8.120000000   0.341456392  -1.579653812
    813   8.130000000   0.325386106  -1.633183204
    814   8.140000000   0.308792940  -1.684181512
    815   8.150000000   0.291702680  -1.732555458
    816   8.160000000   0.274142026  -1.778215351
    817   8.170000000   0.256138558  -1.821075419
    818   8.180000000   0.237720692  -1.861054136
    819   8.190000000   0.218917639  -1.898074556
    820   8.200000000   0.199759355  -1.932064629
    821   8.210000000   0.180276489  -1.962957516
    822   8.220000000   0.160500335  -1.990691892
    823   8.230000000   0.140462770  -2.015212218
    824   8.240000000   0.120196196  -2.036469013
    825   8.250000000   0.099733482  -2.054419086
    826   8.260000000   0.079107894  -2.069025749
    827   8.270000000   0.058353033  -2.080259002
    828   8.280000000   0.037502767  -2.088095683
    829   8.290000000   0.016591159  -2.092519586
    830   8.300000000  -0.004347600  -2.093521545
    831   8.310000000  -0.025279261  -2.091099480
    832   8.320000000  -0.046169592  -2.085258409
    833   8.330000000  -0.066984446  -2.076010424
    834   8.340000000  -0.087689831  -2.063374624
    835   8.350000000  -0.108251983  -2.047377019
    836   8.360000000  -0.128637430  -2.028050402
    837   8.370000000  -0.148813063  -2.005434176
    838   8.380000000  -0.168746198  -1.979574166
    839   8.390000000  -0.188404644  -1.950522394
    840   8.400000000  -0.207756756  -1.918336827
    841   8.410000000  -0.226771503  -1.883081111
    842   8.420000000  -0.245418513  -1.844824280
    843   8.430000000  -0.263668134  -1.803640450
    844   8.440000000  -0.281491479  -1.759608505
    845   8.450000000  -0.298860472  -1.712811770
    846   8.460000000  -0.315747892  -1.663337679
    847   8.470000000  -0.332127412  -1.611277451
    848   8.480000000  -0.347973637  -1.556725752
    849   8.490000000  -0.363262132  -1.499780376
    850   8.500000000  -0.377969457  -1.440541927
    851   8.510000000  -0.392073191  -1.379113514
    852   8.520000000  -0.405551955  -1.315600457
    853   8.530000000  -0.418385435  -1.250110011
    854   8.540000000  -0.430554397  -1.182751105
    855   8.550000000  -0.442040704  -1.113634100
    856   8.560000000  -0.452827331  -1.042870564
    857   8.570000000  -0.462898372  -0.970573073
    858   8.580000000  -0.472239054  -0.896855025
    859   8.590000000  -0.480835738  -0.821830484
    860   8.600000000  -0.488675933  -0.745614032
    861   8.610000000  -0.495748292  -0.668320654
    862   8.620000000  -0.502042622  -0.590065634
    863   8.630000000  -0.507549883  -0.510964470
    864   8.640000000  -0.512262192  -0.431132811
    865   8.650000000  -0.516172823  -0.350686398
    866   8.660000000  -0.519276205  -0.269741035
    867   8.670000000  -0.521567930  -0.188412555
    868   8.680000000  -0.523044744  -0.106816806
    869   8.690000000  -0.523704554  -0.025069642
    870   8.700000000  -0.523546426   0.056713081
    871   8.710000000  -0.522570582   0.138415510
    872   8.720000000  -0.520778405   0.219921787
    873   8.730000000  -0.518172436   0.301116061
    874   8.740000000  -0.514756373   0.381882487
    875   8.750000000  -0.510535074   0.462105240
    876   8.760000000  -0.505514555   0.541668536
    877   8.770000000  -0.499701989   0.620456662
    878   8.780000000  -0.493105706   0.698354020
    879   8.790000000  -0.485735190   0.775245184
    880   8.800000000  -0.477601082   0.851014974
    881   8.810000000  -0.468715168   0.925548543
    882   8.820000000  -0.459090385   0.998731494
    883   8.830000000  -0.448740809   1.070449999
    884   8.840000000  -0.437681652   1.140590955
    885   8.850000000  -0.425929252   1.209042150
    886   8.860000000  -0.413501067   1.275692454
    887   8.870000000  -0.400415656   1.340432030
    888   8.880000000  -0.386692673   1.403152562
    889   8.890000000  -0.372352846   1.463747507
    890   8.900000000  -0.357417958   1.522112363
    891   8.910000000  -0.341910827   1.578144949
    892   8.920000000  -0.325855279   1.631745707
    893   8.930000000  -0.309276125   1.682818008
    894   8.940000000  -0.292199123   1.731268477
    895   8.950000000  -0.274650950   1.777007313
    896   8.960000000  -0.256659162   1.819948626
    897   8.970000000  -0.238252153   1.860010765
    898   8.980000000  -0.219459111   1.897116645
    899   8.990000000  -0.200309974   1.931194072
    900   9.000000000  -0.180835373   1.962176056
    901   9.010000000  -0.161066583   1.990001106
    902   9.020000000  -0.141035469   2.014613517
    903   9.030000000  -0.120774419   2.035963631
    904   9.040000000  -0.100316290   2.054008075
    905   9.050000000  -0.079694338   2.068709974
    906   9.060000000  -0.058942157   2.080039135
    907   9.070000000  -0.038093608   2.087972200
    908   9.080000000  -0.017182752   2.092492765
    909   9.090000000   0.003756222   2.093591464
    910   9.100000000   0.024689065   2.091266016
    911   9.110000000   0.045581544   2.085521241
    912   9.120000000   0.066399507   2.076369030
    913   9.130000000   0.087108955   2.063828286
    914   9.140000000   0.107676117   2.047924828
    915   9.150000000   0.128067510   2.028691258
    916   9.160000000   0.148250013   2.006166799
    917   9.170000000   0.168190930   1.980397099
    918   9.180000000   0.187858052   1.951434007
    919   9.190000000   0.207219720   1.919335330
    920   9.200000000   0.226244881   1.884164560
    921   9.210000000   0.244903145   1.845990583
    922   9.220000000   0.263164838   1.804887380
    923   9.230000000   0.281001049   1.760933707
    924   9.240000000   0.298383679   1.714212768
    925   9.250000000   0.315285482   1.664811893
    926   9.260000000   0.331680104   1.612822197
    927   9.270000000   0.347542122   1.558338258
    928   9.280000000   0.362847074   1.501457787
    929   9.290000000   0.377571490   1.442281318
    930   9.300000000   0.391692921   1.380911895
    931   9.310000000   0.405189956   1.317454781
    932   9.320000000   0.418042251   1.252017184
    933   9.330000000   0.430230540   1.184707992
    934   9.340000000   0.441736657   1.115637530
    935   9.350000000   0.452543543   1.044917338
    936   9.360000000   0.462635261   0.972659969
    937   9.370000000   0.471997004   0.898978802
    938   9.380000000   0.480615102   0.823987886
    939   9.390000000   0.488477031   0.747801793
    940   9.400000000   0.495571411   0.670535501
    941   9.410000000   0.501888017   0.592304287
    942   9.420000000   0.507417775   0.513223648
    943   9.430000000   0.512152771   0.433409229
    944   9.440000000   0.516086243   0.352976774
    945   9.450000000   0.519212591   0.272042085
    946   9.460000000   0.521527371   0.190720997
    947   9.470000000   0.523027298   0.109129360
    948   9.480000000   0.523710247   0.027383030
    949   9.490000000   0.523575248  -0.054402137
    950   9.500000000   0.522622493  -0.136110284
    951   9.510000000   0.520853332  -0.217625553
    952   9.520000000   0.518270272  -0.298832091
    953   9.530000000   0.514876979  -0.379614049
    954   9.540000000   0.510678279  -0.459855601
    955   9.550000000   0.505680154  -0.539440959
    956   9.560000000   0.499889745  -0.618254407
    957   9.570000000   0.493315350  -0.696180339
    958   9.580000000   0.485966421  -0.773103322
    959   9.590000000   0.477853563  -0.848908164
    960   9.600000000   0.468988535  -0.923480009
    961   9.610000000   0.459384237  -0.996704440
    962   9.620000000   0.449054716  -1.068467610
    963   9.630000000   0.438015152  -1.138656390
    964   9.640000000   0.426281851  -1.207158539
    965   9.650000000   0.413872239  -1.273862890
    966   9.660000000   0.400804847  -1.338659563
    967   9.670000000   0.387099295  -1.401440195
    968   9.680000000   0.372776284  -1.462098186
    969   9.690000000   0.357857567  -1.520528968
    970   9.700000000   0.342365933  -1.576630289
    971   9.710000000   0.326325181  -1.630302509
    972   9.720000000   0.309760095  -1.681448910
    973   9.730000000   0.292696407  -1.729976016
    974   9.740000000   0.275160770  -1.775793920
    975   9.750000000   0.257180714  -1.818816613
    976   9.760000000   0.238784613  -1.858962316
    977   9.770000000   0.220001633  -1.896153809
    978   9.780000000   0.200861691  -1.930318753
    979   9.790000000   0.181395401  -1.961390003
    980   9.800000000   0.161634022  -1.989305907
    981   9.810000000   0.141609402  -2.014010592
    982   9.820000000   0.121353917  -2.035454221
    983   9.830000000   0.100900411  -2.053593241
    984   9.840000000   0.080282133  -2.068390587
    985   9.850000000   0.059532667  -2.079815874
    986   9.860000000   0.038685869  -2.087845550
    987   9.870000000   0.017775795  -2.092463010
    988   9.880000000  -0.003163366  -2.093658688
    989   9.890000000  -0.024097367  -2.091430103
    990   9.900000000  -0.044991970  -2.085781872
    991   9.910000000  -0.065813020  -2.076725689
    992   9.920000000  -0.086526514  -2.064280259
    993   9.930000000  -0.107098669  -2.048471209
    994   9.940000000  -0.127495995  -2.029330952
    995   9.950000000  -0.147685359  -2.006898526
    996   9.960000000  -0.167634050  -1.981219403
    997   9.970000000  -0.187309844  -1.952345260
    998   9.980000000  -0.206681065  -1.920333743
    999   9.990000000  -0.225716641  -1.885248186
   1000  10.000000000  -0.244386162  -1.847157332
