# Giai phuong trinh vi phan
######################################################################
#      i             x         theta         omega
      0   0.000000000   0.523598776   0.000000000
      1   0.010000000   0.523170792  -0.085585072
      2   0.020000000   0.521887541  -0.171030231
      3   0.030000000   0.519751119  -0.256195793
      4   0.040000000   0.516765021  -0.340942533
      5   0.050000000   0.512934127  -0.425131907
      6   0.060000000   0.508264700  -0.508626286
      7   0.070000000   0.502764373  -0.591289174
      8   0.080000000   0.496442139  -0.672985436
      9   0.090000000   0.489308332  -0.753581517
     10   0.100000000   0.481374615  -0.832945659
     11   0.110000000   0.472653958  -0.910948122
     12   0.120000000   0.463160618  -0.987461387
     13   0.130000000   0.452910112  -1.062360373
     14   0.140000000   0.441919200  -1.135522636
     15   0.150000000   0.430205848  -1.206828573
     16   0.160000000   0.417789206  -1.276161614
     17   0.170000000   0.404689571  -1.343408415
     18   0.180000000   0.390928359  -1.408459042
     19   0.190000000   0.376528066  -1.471207153
     20   0.200000000   0.361512234  -1.531550168
     21   0.210000000   0.345905410  -1.589389440
     22   0.220000000   0.329733107  -1.644630415
     23   0.230000000   0.313021765  -1.697182785
     24   0.240000000   0.295798701  -1.746960639
     25   0.250000000   0.278092073  -1.793882602
     26   0.260000000   0.259930826  -1.837871967
     27   0.270000000   0.241344650  -1.878856820
     28   0.280000000   0.222363929  -1.916770161
     29   0.290000000   0.203019693  -1.951550010
     30   0.300000000   0.183343565  -1.983139510
     31   0.310000000   0.163367711  -2.011487019
     32   0.320000000   0.143124787  -2.036546194
     33   0.330000000   0.122647886  -2.058276071
     34   0.340000000   0.101970483  -2.076641124
     35   0.350000000   0.081126381  -2.091611332
     36   0.360000000   0.060149656  -2.103162222
     37   0.370000000   0.039074599  -2.111274910
     38   0.380000000   0.017935664  -2.115936134
     39   0.390000000  -0.003232592  -2.117138274
     40   0.400000000  -0.024395563  -2.114879364
     41   0.410000000  -0.045518653  -2.109163098
     42   0.420000000  -0.066567330  -2.099998821
     43   0.430000000  -0.087507184  -2.087401513
     44   0.440000000  -0.108303984  -2.071391769
     45   0.450000000  -0.128923730  -2.051995761
     46   0.460000000  -0.149332716  -2.029245197
     47   0.470000000  -0.169497575  -2.003177269
     48   0.480000000  -0.189385344  -1.973834593
     49   0.490000000  -0.208963509  -1.941265138
     50   0.500000000  -0.228200067  -1.905522146
     51   0.510000000  -0.247063567  -1.866664050
     52   0.520000000  -0.265523174  -1.824754374
     53   0.530000000  -0.283548710  -1.779861632
     54   0.540000000  -0.301110707  -1.732059212
     55   0.550000000  -0.318180454  -1.681425262
     56   0.560000000  -0.334730048  -1.628042556
     57   0.570000000  -0.350732433  -1.571998363
     58   0.580000000  -0.366161448  -1.513384303
     59   0.590000000  -0.380991871  -1.452296197
     60   0.600000000  -0.395199457  -1.388833911
     61   0.610000000  -0.408760980  -1.323101190
     62   0.620000000  -0.421654270  -1.255205494
     63   0.630000000  -0.433858249  -1.185257816
     64   0.640000000  -0.445352966  -1.113372507
     65   0.650000000  -0.456119631  -1.039667081
     66   0.660000000  -0.466140642  -0.964262031
     67   0.670000000  -0.475399616  -0.887280627
     68   0.680000000  -0.483881419  -0.808848718
     69   0.690000000  -0.491572182  -0.729094521
     70   0.700000000  -0.498459335  -0.648148417
     71   0.710000000  -0.504531618  -0.566142735
     72   0.720000000  -0.509779105  -0.483211535
     73   0.730000000  -0.514193216  -0.399490393
     74   0.740000000  -0.517766735  -0.315116172
     75   0.750000000  -0.520493822  -0.230226807
     76   0.760000000  -0.522370017  -0.144961072
     77   0.770000000  -0.523392253  -0.059458359
     78   0.780000000  -0.523558860   0.026141556
     79   0.790000000  -0.522869564   0.111698735
     80   0.800000000  -0.521325494   0.197073312
     81   0.810000000  -0.518929172   0.282125718
     82   0.820000000  -0.515684517   0.366716911
     83   0.830000000  -0.511596832   0.450708603
     84   0.840000000  -0.506672801   0.533963488
     85   0.850000000  -0.500920473   0.616345461
     86   0.860000000  -0.494349251   0.697719847
     87   0.870000000  -0.486969878   0.777953616
     88   0.880000000  -0.478794418   0.856915604
     89   0.890000000  -0.469836236   0.934476726
     90   0.900000000  -0.460109977   1.010510187
     91   0.910000000  -0.449631540   1.084891689
     92   0.920000000  -0.438418056   1.157499635
     93   0.930000000  -0.426487856   1.228215327
     94   0.940000000  -0.413860443   1.296923161
     95   0.950000000  -0.400556461   1.363510814
     96   0.960000000  -0.386597658   1.427869431
     97   0.970000000  -0.372006854   1.489893799
     98   0.980000000  -0.356807902   1.549482523
     99   0.990000000  -0.341025648   1.606538189
    100   1.000000000  -0.324685893   1.660967522
    101   1.010000000  -0.307815350   1.712681544
    102   1.020000000  -0.290441597   1.761595713
    103   1.030000000  -0.272593036   1.807630065
    104   1.040000000  -0.254298847   1.850709345
    105   1.050000000  -0.235588936   1.890763128
    106   1.060000000  -0.216493889   1.927725934
    107   1.070000000  -0.197044923   1.961537338
    108   1.080000000  -0.177273833   1.992142066
    109   1.090000000  -0.157212939   2.019490085
    110   1.100000000  -0.136895037   2.043536688
    111   1.110000000  -0.116353342   2.064242564
    112   1.120000000  -0.095621436   2.081573863
    113   1.130000000  -0.074733210   2.095502253
    114   1.140000000  -0.053722811   2.106004963
    115   1.150000000  -0.032624588   2.113064825
    116   1.160000000  -0.011473031   2.116670296
    117   1.170000000   0.009697282   2.116815483
    118   1.180000000   0.030851742   2.113500149
    119   1.190000000   0.051955766   2.106729713
    120   1.200000000   0.072974855   2.096515243
    121   1.210000000   0.093874645   2.082873438
    122   1.220000000   0.114620972   2.065826599
    123   1.230000000   0.135179918   2.045402594
    124   1.240000000   0.155517876   2.021634811
    125   1.250000000   0.175601597   1.994562106
    126   1.260000000   0.195398248   1.964228736
    127   1.270000000   0.214875466   1.930684290
    128   1.280000000   0.234001411   1.893983606
    129   1.290000000   0.252744816   1.854186680
    130   1.300000000   0.271075040   1.811358572
    131   1.310000000   0.288962116   1.765569297
    132   1.320000000   0.306376803   1.716893709
    133   1.330000000   0.323290633   1.665411382
    134   1.340000000   0.339675954   1.611206479
    135   1.350000000   0.355505981   1.554367613
    136   1.360000000   0.370754835   1.494987702
    137   1.370000000   0.385397588   1.433163819
    138   1.380000000   0.399410301   1.368997032
    139   1.390000000   0.412770067   1.302592241
    140   1.400000000   0.425455047   1.234058001
    141   1.410000000   0.437444502   1.163506352
    142   1.420000000   0.448718832   1.091052628
    143   1.430000000   0.459259608   1.016815277
    144   1.440000000   0.469049596   0.940915660
    145   1.450000000   0.478072793   0.863477855
    146   1.460000000   0.486314447   0.784628457
    147   1.470000000   0.493761086   0.704496365
    148   1.480000000   0.500400535   0.623212579
    149   1.490000000   0.506221941   0.540909980
    150   1.500000000   0.511215787   0.457723113
    151   1.510000000   0.515373909   0.373787970
    152   1.520000000   0.518689509   0.289241768
    153   1.530000000   0.521157168   0.204222720
    154   1.540000000   0.522772850   0.118869813
    155   1.550000000   0.523533916   0.033322581
    156   1.560000000   0.523439120  -0.052279126
    157   1.570000000   0.522488618  -0.137795369
    158   1.580000000   0.520683964  -0.223086347
    159   1.590000000   0.518028107  -0.308012628
    160   1.600000000   0.514525390  -0.392435378
    161   1.610000000   0.510181538  -0.476216583
    162   1.620000000   0.505003654  -0.559219280
    163   1.630000000   0.499000201  -0.641307778
    164   1.640000000   0.492180993  -0.722347881
    165   1.650000000   0.484557180  -0.802207106
    166   1.660000000   0.476141223  -0.880754901
    167   1.670000000   0.466946882  -0.957862858
    168   1.680000000   0.456989186  -1.033404923
    169   1.690000000   0.446284415  -1.107257600
    170   1.700000000   0.434850069  -1.179300159
    171   1.710000000   0.422704839  -1.249414824
    172   1.720000000   0.409868582  -1.317486975
    173   1.730000000   0.396362280  -1.383405328
    174   1.740000000   0.382208015  -1.447062122
    175   1.750000000   0.367428924  -1.508353291
    176   1.760000000   0.352049169  -1.567178639
    177   1.770000000   0.336093892  -1.623441999
    178   1.780000000   0.319589177  -1.677051393
    179   1.790000000   0.302562004  -1.727919182
    180   1.800000000   0.285040210  -1.775962208
    181   1.810000000   0.267052439  -1.821101932
    182   1.820000000   0.248628097  -1.863264559
    183   1.830000000   0.229797303  -1.902381165
    184   1.840000000   0.210590841  -1.938387801
    185   1.850000000   0.191040111  -1.971225605
    186   1.860000000   0.171177073  -2.000840894
    187   1.870000000   0.151034198  -2.027185254
    188   1.880000000   0.130644416  -2.050215618
    189   1.890000000   0.110041059  -2.069894336
    190   1.900000000   0.089257810  -2.086189239
    191   1.910000000   0.068328644  -2.099073687
    192   1.920000000   0.047287776  -2.108526617
    193   1.930000000   0.026169603  -2.114532575
    194   1.940000000   0.005008649  -2.117081745
    195   1.950000000  -0.016160494  -2.116169957
    196   1.960000000  -0.037303217  -2.111798703
    197   1.970000000  -0.058384958  -2.103975129
    198   1.980000000  -0.079371253  -2.092712024
    199   1.990000000  -0.100227794  -2.078027802
    200   2.000000000  -0.120920484  -2.059946467
    201   2.010000000  -0.141415496  -2.038497578
    202   2.020000000  -0.161679326  -2.013716200
    203   2.030000000  -0.181678846  -1.985642845
    204   2.040000000  -0.201381361  -1.954323407
    205   2.050000000  -0.220754663  -1.919809085
    206   2.060000000  -0.239767080  -1.882156303
    207   2.070000000  -0.258387531  -1.841426615
    208   2.080000000  -0.276585576  -1.797686604
    209   2.090000000  -0.294331466  -1.751007777
    210   2.100000000  -0.311596189  -1.701466442
    211   2.110000000  -0.328351521  -1.649143589
    212   2.120000000  -0.344570073  -1.594124753
    213   2.130000000  -0.360225328  -1.536499879
    214   2.140000000  -0.375291696  -1.476363170
    215   2.150000000  -0.389744546  -1.413812935
    216   2.160000000  -0.403560250  -1.348951432
    217   2.170000000  -0.416716222  -1.281884694
    218   2.180000000  -0.429190957  -1.212722360
    219   2.190000000  -0.440964060  -1.141577495
    220   2.200000000  -0.452016285  -1.068566405
    221   2.210000000  -0.462329565  -0.993808448
    222   2.220000000  -0.471887038  -0.917425835
    223   2.230000000  -0.480673081  -0.839543435
    224   2.240000000  -0.488673331  -0.760288568
    225   2.250000000  -0.495874709  -0.679790800
    226   2.260000000  -0.502265442  -0.598181725
    227   2.270000000  -0.507835084  -0.515594756
    228   2.280000000  -0.512574527  -0.432164904
    229   2.290000000  -0.516476026  -0.348028559
    230   2.300000000  -0.519533202  -0.263323266
    231   2.310000000  -0.521741056  -0.178187497
    232   2.320000000  -0.523095981  -0.092760431
    233   2.330000000  -0.523595759  -0.007181723
    234   2.340000000  -0.523239576   0.078408726
    235   2.350000000  -0.522028012   0.163870994
    236   2.360000000  -0.519963049   0.249065369
    237   2.370000000  -0.517048062   0.333852578
    238   2.380000000  -0.513287817   0.418094013
    239   2.390000000  -0.508688461   0.501651957
    240   2.400000000  -0.503257512   0.584389811
    241   2.410000000  -0.497003849   0.666172319
    242   2.420000000  -0.489937696   0.746865783
    243   2.430000000  -0.482070604   0.826338289
    244   2.440000000  -0.473415434   0.904459915
    245   2.450000000  -0.463986335   0.981102950
    246   2.460000000  -0.453798722   1.056142102
    247   2.470000000  -0.442869249   1.129454696
    248   2.480000000  -0.431215783   1.200920883
    249   2.490000000  -0.418857376   1.270423832
    250   2.500000000  -0.405814231   1.337849921
    251   2.510000000  -0.392107669   1.403088924
    252   2.520000000  -0.377760099   1.466034189
    253   2.530000000  -0.362794975   1.526582815
    254   2.540000000  -0.347236762   1.584635818
    255   2.550000000  -0.331110895   1.640098295
    256   2.560000000  -0.314443735   1.692879577
    257   2.570000000  -0.297262530   1.742893377
    258   2.580000000  -0.279595366   1.790057935
    259   2.590000000  -0.261471127   1.834296148
    260   2.600000000  -0.242919440   1.875535695
    261   2.610000000  -0.223970634   1.913709159
    262   2.620000000  -0.204655687   1.948754135
    263   2.630000000  -0.185006172   1.980613332
    264   2.640000000  -0.165054214   2.009234667
    265   2.650000000  -0.144832429   2.034571352
    266   2.660000000  -0.124373876   2.056581966
    267   2.670000000  -0.103711998   2.075230527
    268   2.680000000  -0.082880575   2.090486548
    269   2.690000000  -0.061913661   2.102325089
    270   2.700000000  -0.040845531   2.110726798
    271   2.710000000  -0.019710628   2.115677938
    272   2.720000000   0.001456497   2.117170417
    273   2.730000000   0.022621242   2.115201793
    274   2.740000000   0.043749005   2.109775286
    275   2.750000000   0.064805249   2.100899767
    276   2.760000000   0.085755551   2.088589744
    277   2.770000000   0.106565661   2.072865343
    278   2.780000000   0.127201560   2.053752269
    279   2.790000000   0.147629514   2.031281767
    280   2.800000000   0.167816125   2.005490573
    281   2.810000000   0.187728395   1.976420848
    282   2.820000000   0.207333771   1.944120115
    283   2.830000000   0.226600202   1.908641180
    284   2.840000000   0.245496192   1.870042041
    285   2.850000000   0.263990851   1.828385800
    286   2.860000000   0.282053943   1.783740556
    287   2.870000000   0.299655941   1.736179294
    288   2.880000000   0.316768067   1.685779765
    289   2.890000000   0.333362348   1.632624362
    290   2.900000000   0.349411657   1.576799982
    291   2.910000000   0.364889755   1.518397886
    292   2.920000000   0.379771339   1.457513547
    293   2.930000000   0.394032082   1.394246498
    294   2.940000000   0.407648670   1.328700167
    295   2.950000000   0.420598844   1.260981707
    296   2.960000000   0.432861432   1.191201824
    297   2.970000000   0.444416388   1.119474590
    298   2.980000000   0.455244823   1.045917265
    299   2.990000000   0.465329033   0.970650099
    300   3.000000000   0.474652535   0.893796136
    301   3.010000000   0.483200085   0.815481015
    302   3.020000000   0.490957711   0.735832765
    303   3.030000000   0.497912730   0.654981592
    304   3.040000000   0.504053773   0.573059670
    305   3.050000000   0.509370800   0.490200923
    306   3.060000000   0.513855120   0.406540807
    307   3.070000000   0.517499400   0.322216087
    308   3.080000000   0.520297685   0.237364616
    309   3.090000000   0.522245399   0.152125107
    310   3.100000000   0.523339358   0.066636906
    311   3.110000000   0.523577774  -0.018960230
    312   3.120000000   0.522960257  -0.104526371
    313   3.130000000   0.521487816  -0.189921634
    314   3.140000000   0.519162859  -0.275006418
    315   3.150000000   0.515989187  -0.359641628
    316   3.160000000   0.511971987  -0.443688904
    317   3.170000000   0.507117827  -0.527010847
    318   3.180000000   0.501434642  -0.609471245
    319   3.190000000   0.494931723  -0.690935293
    320   3.200000000   0.487619702  -0.771269817
    321   3.210000000   0.479510530  -0.850343485
    322   3.220000000   0.470617466  -0.928027032
    323   3.230000000   0.460955047  -1.004193461
    324   3.240000000   0.450539070  -1.078718258
    325   3.250000000   0.439386561  -1.151479591
    326   3.260000000   0.427515754  -1.222358511
    327   3.270000000   0.414946053  -1.291239147
    328   3.280000000   0.401698008  -1.358008895
    329   3.290000000   0.387793276  -1.422558601
    330   3.300000000   0.373254589  -1.484782741
    331   3.310000000   0.358105713  -1.544579592
    332   3.320000000   0.342371415  -1.601851399
    333   3.330000000   0.326077415  -1.656504537
    334   3.340000000   0.309250352  -1.708449658
    335   3.350000000   0.291917733  -1.757601845
    336   3.360000000   0.274107894  -1.803880745
    337   3.370000000   0.255849950  -1.847210701
    338   3.380000000   0.237173747  -1.887520880
    339   3.390000000   0.218109819  -1.924745383
    340   3.400000000   0.198689330  -1.958823355
    341   3.410000000   0.178944027  -1.989699088
    342   3.420000000   0.158906192  -2.017322107
    343   3.430000000   0.138608580  -2.041647253
    344   3.440000000   0.118084374  -2.062634761
    345   3.450000000   0.097367126  -2.080250321
    346   3.460000000   0.076490704  -2.094465135
    347   3.470000000   0.055489238  -2.105255965
    348   3.480000000   0.034397059  -2.112605171
    349   3.490000000   0.013248648  -2.116500738
    350   3.500000000  -0.007921421  -2.116936299
    351   3.510000000  -0.029078541  -2.113911140
    352   3.520000000  -0.050188123  -2.107430207
    353   3.530000000  -0.071215659  -2.097504095
    354   3.540000000  -0.092126774  -2.084149032
    355   3.550000000  -0.112887281  -2.067386849
    356   3.560000000  -0.133463243  -2.047244950
    357   3.570000000  -0.153821023  -2.023756261
    358   3.580000000  -0.173927339  -1.996959182
    359   3.590000000  -0.193749323  -1.966897520
    360   3.600000000  -0.213254570  -1.933620418
    361   3.610000000  -0.232411193  -1.897182278
    362   3.620000000  -0.251187876  -1.857642667
    363   3.630000000  -0.269553922  -1.815066225
    364   3.640000000  -0.287479308  -1.769522554
    365   3.650000000  -0.304934729  -1.721086108
    366   3.660000000  -0.321891650  -1.669836069
    367   3.670000000  -0.338322350  -1.615856221
    368   3.680000000  -0.354199968  -1.559234808
    369   3.690000000  -0.369498548  -1.500064393
    370   3.700000000  -0.384193081  -1.438441707
    371   3.710000000  -0.398259543  -1.374467490
    372   3.720000000  -0.411674940  -1.308246325
    373   3.730000000  -0.424417340  -1.239886468
    374   3.740000000  -0.436465912  -1.169499673
    375   3.750000000  -0.447800959  -1.097201007
    376   3.760000000  -0.458403952  -1.023108662
    377   3.770000000  -0.468257556  -0.947343762
    378   3.780000000  -0.477345664  -0.870030166
    379   3.790000000  -0.485653418  -0.791294265
    380   3.800000000  -0.493167237  -0.711264774
    381   3.810000000  -0.499874837  -0.630072523
    382   3.820000000  -0.505765253  -0.547850245
    383   3.830000000  -0.510828856  -0.464732353
    384   3.840000000  -0.515057368  -0.380854727
    385   3.850000000  -0.518443875  -0.296354489
    386   3.860000000  -0.520982842  -0.211369777
    387   3.870000000  -0.522670119  -0.126039523
    388   3.880000000  -0.523502946  -0.040503222
    389   3.890000000  -0.523479962   0.045099292
    390   3.900000000  -0.522601206   0.130628079
    391   3.910000000  -0.520868113   0.215943319
    392   3.920000000  -0.518283516   0.300905539
    393   3.930000000  -0.514851642   0.385375846
    394   3.940000000  -0.510578100   0.469216149
    395   3.950000000  -0.505469876   0.552289388
    396   3.960000000  -0.499535322   0.634459757
    397   3.970000000  -0.492784139   0.715592926
    398   3.980000000  -0.485227363   0.795556259
    399   3.990000000  -0.476877349   0.874219036
    400   4.000000000  -0.467747747   0.951452659
    401   4.010000000  -0.457853481   1.027130869
    402   4.020000000  -0.447210727   1.101129949
    403   4.030000000  -0.435836884   1.173328927
    404   4.040000000  -0.423750543   1.243609774
    405   4.050000000  -0.410971466   1.311857596
    406   4.060000000  -0.397520541   1.377960823
    407   4.070000000  -0.383419759   1.441811390
    408   4.080000000  -0.368692171   1.503304918
    409   4.090000000  -0.353361854   1.562340877
    410   4.100000000  -0.337453868   1.618822757
    411   4.110000000  -0.320994221   1.672658222
    412   4.120000000  -0.304009820   1.723759264
    413   4.130000000  -0.286528430   1.772042344
    414   4.140000000  -0.268578631   1.817428529
    415   4.150000000  -0.250189765   1.859843624
    416   4.160000000  -0.231391894   1.899218288
    417   4.170000000  -0.212215750   1.935488154
    418   4.180000000  -0.192692680   1.968593928
    419   4.190000000  -0.172854600   1.998481490
    420   4.200000000  -0.152733942   2.025101980
    421   4.210000000  -0.132363597   2.048411879
    422   4.220000000  -0.111776868   2.068373081
    423   4.230000000  -0.091007408   2.084952954
    424   4.240000000  -0.070089172   2.098124394
    425   4.250000000  -0.049056355   2.107865868
    426   4.260000000  -0.027943342   2.114161451
    427   4.270000000  -0.006784648   2.117000851
    428   4.280000000   0.014385137   2.116379426
    429   4.290000000   0.035531406   2.112298193
    430   4.300000000   0.056619589   2.104763822
    431   4.310000000   0.077615212   2.093788632
    432   4.320000000   0.098483950   2.079390564
    433   4.330000000   0.119191690   2.061593156
    434   4.340000000   0.139704578   2.040425502
    435   4.350000000   0.159989080   2.015922207
    436   4.360000000   0.180012035   1.988123329
    437   4.370000000   0.199740711   1.957074312
    438   4.380000000   0.219142855   1.922825915
    439   4.390000000   0.238186750   1.885434126
    440   4.400000000   0.256841262   1.844960072
    441   4.410000000   0.275075896   1.801469919
    442   4.420000000   0.292860843   1.755034765
    443   4.430000000   0.310167027   1.705730520
    444   4.440000000   0.326966157   1.653637785
    445   4.450000000   0.343230770   1.598841721
    446   4.460000000   0.358934278   1.541431908
    447   4.470000000   0.374051007   1.481502196
    448   4.480000000   0.388556247   1.419150559
    449   4.490000000   0.402426284   1.354478927
    450   4.500000000   0.415638444   1.287593023
    451   4.510000000   0.428171127   1.218602192
    452   4.520000000   0.440003846   1.147619218
    453   4.530000000   0.451117257   1.074760142
    454   4.540000000   0.461493192   1.000144072
    455   4.550000000   0.471114688   0.923892990
    456   4.560000000   0.479966016   0.846131549
    457   4.570000000   0.488032707   0.766986872
    458   4.580000000   0.495301574   0.686588341
    459   4.590000000   0.501760732   0.605067392
    460   4.600000000   0.507399624   0.522557293
    461   4.610000000   0.512209030   0.439192928
    462   4.620000000   0.516181089   0.355110581
    463   4.630000000   0.519309306   0.270447708
    464   4.640000000   0.521588569   0.185342713
    465   4.650000000   0.523015150   0.099934723
    466   4.660000000   0.523586719   0.014363363
    467   4.670000000   0.523302339  -0.071231478
    468   4.680000000   0.522162477  -0.156709872
    469   4.690000000   0.520168996  -0.241932080
    470   4.700000000   0.517325154  -0.326758783
    471   4.710000000   0.513635601  -0.411051308
    472   4.720000000   0.509106368  -0.494671855
    473   4.730000000   0.503744860  -0.577483725
    474   4.740000000   0.497559841  -0.659351537
    475   4.750000000   0.490561423  -0.740141456
    476   4.760000000   0.482761046  -0.819721409
    477   4.770000000   0.474171462  -0.897961301
    478   4.780000000   0.464806713  -0.974733225
    479   4.790000000   0.454682110  -1.049911678
    480   4.800000000   0.443814202  -1.123373759
    481   4.810000000   0.432220757  -1.194999375
    482   4.820000000   0.419920727  -1.264671433
    483   4.830000000   0.406934221  -1.332276034
    484   4.840000000   0.393282467  -1.397702662
    485   4.850000000   0.378987785  -1.460844357
    486   4.860000000   0.364073542  -1.521597897
    487   4.870000000   0.348564120  -1.579863963
    488   4.880000000   0.332484873  -1.635547304
    489   4.890000000   0.315862087  -1.688556890
    490   4.900000000   0.298722938  -1.738806061
    491   4.910000000   0.281095442  -1.786212672
    492   4.920000000   0.263008419  -1.830699223
    493   4.930000000   0.244491435  -1.872192988
    494   4.940000000   0.225574763  -1.910626136
    495   4.950000000   0.206289325  -1.945935835
    496   4.960000000   0.186666651  -1.978064363
    497   4.970000000   0.166738819  -2.006959197
    498   4.980000000   0.146538405  -2.032573099
    499   4.990000000   0.126098434  -2.054864197
    500   5.000000000   0.105452320  -2.073796051
    501   5.010000000   0.084633815  -2.089337709
    502   5.020000000   0.063676953  -2.101463767
    503   5.030000000   0.042615993  -2.110154399
    504   5.040000000   0.021485365  -2.115395399
    505   5.050000000   0.000319614  -2.117178199
    506   5.060000000  -0.020846660  -2.115499884
    507   5.070000000  -0.041978854  -2.110363198
    508   5.080000000  -0.063042423  -2.101776539
    509   5.090000000  -0.084002930  -2.089753943
    510   5.100000000  -0.104826112  -2.074315066
    511   5.110000000  -0.125477927  -2.055485145
    512   5.120000000  -0.145924613  -2.033294965
    513   5.130000000  -0.166132745  -2.007780800
    514   5.140000000  -0.186069286  -1.978984361
    515   5.150000000  -0.205701646  -1.946952723
    516   5.160000000  -0.224997730  -1.911738252
    517   5.170000000  -0.243925992  -1.873398515
    518   5.180000000  -0.262455490  -1.831996188
    519   5.190000000  -0.280555932  -1.787598956
    520   5.200000000  -0.298197727  -1.740279398
    521   5.210000000  -0.315352035  -1.690114871
    522   5.220000000  -0.331990813  -1.637187383
    523   5.230000000  -0.348086860  -1.581583458
    524   5.240000000  -0.363613863  -1.523393996
    525   5.250000000  -0.378546437  -1.462714125
    526   5.260000000  -0.392860173  -1.399643042
    527   5.270000000  -0.406531670  -1.334283855
    528   5.280000000  -0.419538579  -1.266743411
    529   5.290000000  -0.431859635  -1.197132124
    530   5.300000000  -0.443474697  -1.125563793
    531   5.310000000  -0.454364776  -1.052155415
    532   5.320000000  -0.464512071  -0.977026998
    533   5.330000000  -0.473899991  -0.900301359
    534   5.340000000  -0.482513191  -0.822103929
    535   5.350000000  -0.490337589  -0.742562541
    536   5.360000000  -0.497360395  -0.661807230
    537   5.370000000  -0.503570127  -0.579970011
    538   5.380000000  -0.508956634  -0.497184670
    539   5.390000000  -0.513511111  -0.413586543
    540   5.400000000  -0.517226111  -0.329312294
    541   5.410000000  -0.520095562  -0.244499694
    542   5.420000000  -0.522114772  -0.159287390
    543   5.430000000  -0.523280442  -0.073814687
    544   5.440000000  -0.523590664   0.011778686
    545   5.450000000  -0.523044932   0.097352804
    546   5.460000000  -0.521644138   0.182767772
    547   5.470000000  -0.519390573   0.267883955
    548   5.480000000  -0.516287919   0.352562207
    549   5.490000000  -0.512341250   0.436664099
    550   5.500000000  -0.507557017   0.520052143
    551   5.510000000  -0.501943041   0.602590017
    552   5.520000000  -0.495508501   0.684142790
    553   5.530000000  -0.488263914   0.764577143
    554   5.540000000  -0.480221125   0.843761582
    555   5.550000000  -0.471393281   0.921566659
    556   5.560000000  -0.461794814   0.997865180
    557   5.570000000  -0.451441416   1.072532414
    558   5.580000000  -0.440350011   1.145446296
    559   5.590000000  -0.428538732   1.216487629
    560   5.600000000  -0.416026888   1.285540276
    561   5.610000000  -0.402834933   1.352491350
    562   5.620000000  -0.388984432   1.417231403
    563   5.630000000  -0.374498029   1.479654598
    564   5.640000000  -0.359399405   1.539658888
    565   5.650000000  -0.343713242   1.597146178
    566   5.660000000  -0.327465185   1.652022491
    567   5.670000000  -0.310681796   1.704198114
    568   5.680000000  -0.293390511   1.753587754
    569   5.690000000  -0.275619598   1.800110668
    570   5.700000000  -0.257398108   1.843690802
    571   5.710000000  -0.238755830   1.884256913
    572   5.720000000  -0.219723239   1.921742684
    573   5.730000000  -0.200331450   1.956086833
    574   5.740000000  -0.180612163   1.987233217
    575   5.750000000  -0.160597616   2.015130916
    576   5.760000000  -0.140320527   2.039734326
    577   5.770000000  -0.119814046   2.061003225
    578   5.780000000  -0.099111695   2.078902843
    579   5.790000000  -0.078247319   2.093403918
    580   5.800000000  -0.057255026   2.104482744
    581   5.810000000  -0.036169134   2.112121209
    582   5.820000000  -0.015024113   2.116306827
    583   5.830000000   0.006145469   2.117032755
    584   5.840000000   0.027305005   2.114297806
    585   5.850000000   0.048419902   2.108106452
    586   5.860000000   0.069455644   2.098468813
    587   5.870000000   0.090377842   2.085400645
    588   5.880000000   0.111152292   2.068923312
    589   5.890000000   0.131745033   2.049063750
    590   5.900000000   0.152122399   2.025854425
    591   5.910000000   0.172251080   1.999333280
    592   5.920000000   0.192098169   1.969543671
    593   5.930000000   0.211631220   1.936534296
    594   5.940000000   0.230818300   1.900359120
    595   5.950000000   0.249628045   1.861077280
    596   5.960000000   0.268029703   1.818752993
    597   5.970000000   0.285993193   1.773455450
    598   5.980000000   0.303489147   1.725258703
    599   5.990000000   0.320488964   1.674241542
    600   6.000000000   0.336964853   1.620487370
    601   6.010000000   0.352889880   1.564084061
    602   6.020000000   0.368238010   1.505123824
    603   6.030000000   0.382984153   1.443703045
    604   6.040000000   0.397104203   1.379922132
    605   6.050000000   0.410575075   1.313885355
    606   6.060000000   0.423374749   1.245700668
    607   6.070000000   0.435482300   1.175479538
    608   6.080000000   0.446877933   1.103336761
    609   6.090000000   0.457543022   1.029390274
    610   6.100000000   0.467460129   0.953760963
    611   6.110000000   0.476613043   0.876572466
    612   6.120000000   0.484986801   0.797950968
    613   6.130000000   0.492567713   0.718024998
    614   6.140000000   0.499343387   0.636925217
    615   6.150000000   0.505302746   0.554784206
    616   6.160000000   0.510436048   0.471736245
    617   6.170000000   0.514734900   0.387917102
    618   6.180000000   0.518192276   0.303463800
    619   6.190000000   0.520802522   0.218514402
    620   6.200000000   0.522561373   0.133207782
    621   6.210000000   0.523465952   0.047683397
    622   6.220000000   0.523514781  -0.037918939
    623   6.230000000   0.522707780  -0.123459287
    624   6.240000000   0.521046268  -0.208797806
    625   6.250000000   0.518532962  -0.293794987
    626   6.260000000   0.515171969  -0.378311879
    627   6.270000000   0.510968786  -0.462210316
    628   6.280000000   0.505930282  -0.545353141
    629   6.290000000   0.500064695  -0.627604436
    630   6.300000000   0.493381614  -0.708829737
    631   6.310000000   0.485891963  -0.788896259
    632   6.320000000   0.477607988  -0.867673112
    633   6.330000000   0.468543230  -0.945031513
    634   6.340000000   0.458712508  -1.020844998
    635   6.350000000   0.448131894  -1.094989628
    636   6.360000000   0.436818683  -1.167344195
    637   6.370000000   0.424791372  -1.237790414
    638   6.380000000   0.412069621  -1.306213121
    639   6.390000000   0.398674228  -1.372500461
    640   6.400000000   0.384627092  -1.436544069
    641   6.410000000   0.369951176  -1.498239247
    642   6.420000000   0.354670472  -1.557485138
    643   6.430000000   0.338809961  -1.614184888
    644   6.440000000   0.322395572  -1.668245805
    645   6.450000000   0.305454137  -1.719579512
    646   6.460000000   0.288013353  -1.768102089
    647   6.470000000   0.270101732  -1.813734214
    648   6.480000000   0.251748554  -1.856401287
    649   6.490000000   0.232983823  -1.896033558
    650   6.500000000   0.213838216  -1.932566237
    651   6.510000000   0.194343031  -1.965939600
    652   6.520000000   0.174530138  -1.996099090
    653   6.530000000   0.154431928  -2.022995403
    654   6.540000000   0.134081256  -2.046584570
    655   6.550000000   0.113511390  -2.066828026
    656   6.560000000   0.092755959  -2.083692679
    657   6.570000000   0.071848893  -2.097150959
    658   6.580000000   0.050824370  -2.107180865
    659   6.590000000   0.029716760  -2.113765999
    660   6.600000000   0.008560570  -2.116895597
    661   6.610000000  -0.012609615  -2.116564543
    662   6.620000000  -0.033759186  -2.112773377
    663   6.630000000  -0.054853568  -2.105528297
    664   6.640000000  -0.075858277  -2.094841148
    665   6.650000000  -0.096738974  -2.080729400
    666   6.660000000  -0.117461525  -2.063216123
    667   6.670000000  -0.137992052  -2.042329948
    668   6.680000000  -0.158296993  -2.018105018
    669   6.690000000  -0.178343154  -1.990580936
    670   6.700000000  -0.198097763  -1.959802698
    671   6.710000000  -0.217528527  -1.925820620
    672   6.720000000  -0.236603680  -1.888690253
    673   6.730000000  -0.255292038  -1.848472299
    674   6.740000000  -0.273563052  -1.805232505
    675   6.750000000  -0.291386850  -1.759041558
    676   6.760000000  -0.308734296  -1.709974970
    677   6.770000000  -0.325577030  -1.658112954
    678   6.780000000  -0.341887518  -1.603540292
    679   6.790000000  -0.357639097  -1.546346200
    680   6.800000000  -0.372806015  -1.486624176
    681   6.810000000  -0.387363478  -1.424471853
    682   6.820000000  -0.401287688  -1.359990836
    683   6.830000000  -0.414555883  -1.293286536
    684   6.840000000  -0.427146371  -1.224468002
    685   6.850000000  -0.439038569  -1.153647735
    686   6.860000000  -0.450213038  -1.080941511
    687   6.870000000  -0.460651508  -1.006468189
    688   6.880000000  -0.470336916  -0.930349515
    689   6.890000000  -0.479253428  -0.852709928
    690   6.900000000  -0.487386468  -0.773676349
    691   6.910000000  -0.494722739  -0.693377983
    692   6.920000000  -0.501250248  -0.611946097
    693   6.930000000  -0.506958326  -0.529513816
    694   6.940000000  -0.511837639  -0.446215899
    695   6.950000000  -0.515880212  -0.362188517
    696   6.960000000  -0.519079435  -0.277569038
    697   6.970000000  -0.521430080  -0.192495796
    698   6.980000000  -0.522928302  -0.107107865
    699   6.990000000  -0.523571653  -0.021544838
    700   7.000000000  -0.523359081   0.064053411
    701   7.010000000  -0.522290934   0.149546947
    702   7.020000000  -0.520368957   0.234796006
    703   7.030000000  -0.517596293   0.319661227
    704   7.040000000  -0.513977475   0.404003873
    705   7.050000000  -0.509518418   0.487686062
    706   7.060000000  -0.504226412   0.570570993
    707   7.070000000  -0.498110107   0.652523168
    708   7.080000000  -0.491179504   0.733408613
    709   7.090000000  -0.483445932   0.813095098
    710   7.100000000  -0.474922034   0.891452354
    711   7.110000000  -0.465621744   0.968352284
    712   7.120000000  -0.455560266   1.043669174
    713   7.130000000  -0.444754048   1.117279897
    714   7.140000000  -0.433220757   1.189064117
    715   7.150000000  -0.420979246   1.258904481
    716   7.160000000  -0.408049528   1.326686818
    717   7.170000000  -0.394452740   1.392300317
    718   7.180000000  -0.380211110   1.455637715
    719   7.190000000  -0.365347919   1.516595470
    720   7.200000000  -0.349887466   1.575073929
    721   7.210000000  -0.333855025   1.630977494
    722   7.220000000  -0.317276805   1.684214773
    723   7.230000000  -0.300179908   1.734698737
    724   7.240000000  -0.282592284   1.782346855
    725   7.250000000  -0.264542685   1.827081233
    726   7.260000000  -0.246060617   1.868828740
    727   7.270000000  -0.227176295   1.907521128
    728   7.280000000  -0.207920590   1.943095145
    729   7.290000000  -0.188324982   1.975492634
    730   7.300000000  -0.168421504   2.004660633
    731   7.310000000  -0.148242695   2.030551458
    732   7.320000000  -0.127821542   2.053122784
    733   7.330000000  -0.107191429   2.072337712
    734   7.340000000  -0.086386082   2.088164830
    735   7.350000000  -0.065439512   2.100578263
    736   7.360000000  -0.044385964   2.109557719
    737   7.370000000  -0.023259855   2.115088518
    738   7.380000000  -0.002095721   2.117161619
    739   7.390000000   0.019071839   2.115773632
    740   7.400000000   0.040208220   2.110926827
    741   7.410000000   0.061278871   2.102629127
    742   7.420000000   0.082249344   2.090894097
    743   7.430000000   0.103085357   2.075740921
    744   7.440000000   0.123752849   2.057194371
    745   7.450000000   0.144218033   2.035284766
    746   7.460000000   0.164447452   2.010047925
    747   7.470000000   0.184408037   1.981525103
    748   7.480000000   0.204067155   1.949762929
    749   7.490000000   0.223392669   1.914813327
    750   7.500000000   0.242352986   1.876733432
    751   7.510000000   0.260917109   1.835585496
    752   7.520000000   0.279054692   1.791436786
    753   7.530000000   0.296736082   1.744359477
    754   7.540000000   0.313932374   1.694430529
    755   7.550000000   0.330615458   1.641731564
    756   7.560000000   0.346758058   1.586348735
    757   7.570000000   0.362333787   1.528372578
    758   7.580000000   0.377317180   1.467897873
    759   7.590000000   0.391683744   1.405023482
    760   7.600000000   0.405409992   1.339852190
    761   7.610000000   0.418473486   1.272490539
    762   7.620000000   0.430852868   1.203048650
    763   7.630000000   0.442527902   1.131640043
    764   7.640000000   0.453479502   1.058381458
    765   7.650000000   0.463689763   0.983392655
    766   7.660000000   0.473141995   0.906796224
    767   7.670000000   0.481820745   0.828717383
    768   7.680000000   0.489711826   0.749283774
    769   7.690000000   0.496802337   0.668625253
    770   7.700000000   0.503080687   0.586873678
    771   7.710000000   0.508536612   0.504162696
    772   7.720000000   0.513161193   0.420627520
    773   7.730000000   0.516946870   0.336404712
    774   7.740000000   0.519887454   0.251631958
    775   7.750000000   0.521978138   0.166447841
    776   7.760000000   0.523215504   0.080991619
    777   7.770000000   0.523597529  -0.004597007
    778   7.780000000   0.523123589  -0.090178117
    779   7.790000000   0.521794458  -0.175611806
    780   7.800000000   0.519612310  -0.260758409
    781   7.810000000   0.516580711  -0.345478730
    782   7.820000000   0.512704618  -0.429634270
    783   7.830000000   0.507990367  -0.513087454
    784   7.840000000   0.502445665  -0.595701854
    785   7.850000000   0.496079577  -0.677342415
    786   7.860000000   0.488902508  -0.757875672
    787   7.870000000   0.480926194  -0.837169970
    788   7.880000000   0.472163672  -0.915095683
    789   7.890000000   0.462629267  -0.991525417
    790   7.900000000   0.452338567  -1.066334229
    791   7.910000000   0.441308394  -1.139399822
    792   7.920000000   0.429556780  -1.210602750
    793   7.930000000   0.417102937  -1.279826612
    794   7.940000000   0.403967223  -1.346958243
    795   7.950000000   0.390171113  -1.411887898
    796   7.960000000   0.375737160  -1.474509430
    797   7.970000000   0.360688960  -1.534720468
    798   7.980000000   0.345051115  -1.592422580
    799   7.990000000   0.328849187  -1.647521436
    800   8.000000000   0.312109665  -1.699926961
    801   8.010000000   0.294859913  -1.749553485
    802   8.020000000   0.277128130  -1.796319878
    803   8.030000000   0.258943305  -1.840149689
    804   8.040000000   0.240335165  -1.880971265
    805   8.050000000   0.221334131  -1.918717872
    806   8.060000000   0.201971265  -1.953327803
    807   8.070000000   0.182278221  -1.984744479
    808   8.080000000   0.162287192  -2.012916539
    809   8.090000000   0.142030860  -2.037797929
    810   8.100000000   0.121542340  -2.059347974
    811   8.110000000   0.100855124  -2.077531444
    812   8.120000000   0.080003033  -2.092318613
    813   8.130000000   0.059020155  -2.103685307
    814   8.140000000   0.037940792  -2.111612944
    815   8.150000000   0.016799404  -2.116088565
    816   8.160000000  -0.004369446  -2.117104852
    817   8.170000000  -0.025531154  -2.114660145
    818   8.180000000  -0.046651124  -2.108758440
    819   8.190000000  -0.067694830  -2.099409384
    820   8.200000000  -0.088627870  -2.086628262
    821   8.210000000  -0.109416024  -2.070435968
    822   8.220000000  -0.130025306  -2.050858972
    823   8.230000000  -0.150422026  -2.027929279
    824   8.240000000  -0.170572839  -2.001684373
    825   8.250000000  -0.190444804  -1.972167160
    826   8.260000000  -0.210005434  -1.939425892
    827   8.270000000  -0.229222752  -1.903514096
    828   8.280000000  -0.248065342  -1.864490478
    829   8.290000000  -0.266502400  -1.822418833
    830   8.300000000  -0.284503786  -1.777367940
    831   8.310000000  -0.302040072  -1.729411446
    832   8.320000000  -0.319082590  -1.678627750
    833   8.330000000  -0.335603479  -1.625099872
    834   8.340000000  -0.351575731  -1.568915317
    835   8.350000000  -0.366973234  -1.510165936
    836   8.360000000  -0.381770819  -1.448947770
    837   8.370000000  -0.395944293  -1.385360897
    838   8.380000000  -0.409470487  -1.319509267
    839   8.390000000  -0.422327287  -1.251500535
    840   8.400000000  -0.434493677  -1.181445877
    841   8.410000000  -0.445949766  -1.109459819
    842   8.420000000  -0.456676826  -1.035660041
    843   8.430000000  -0.466657322  -0.960167190
    844   8.440000000  -0.475874937  -0.883104679
    845   8.450000000  -0.484314603  -0.804598489
    846   8.460000000  -0.491962522  -0.724776960
    847   8.470000000  -0.498806192  -0.643770582
    848   8.480000000  -0.504834425  -0.561711783
    849   8.490000000  -0.510037366  -0.478734710
    850   8.500000000  -0.514406510  -0.394975012
    851   8.510000000  -0.517934714  -0.310569618
    852   8.520000000  -0.520616210  -0.225656513
    853   8.530000000  -0.522446614  -0.140374509
    854   8.540000000  -0.523422935  -0.054863024
    855   8.550000000  -0.523543576   0.030738150
    856   8.560000000  -0.522808339   0.116289074
    857   8.570000000  -0.521218428   0.201649891
    858   8.580000000  -0.518776440   0.286681055
    859   8.590000000  -0.515486369   0.371243560
    860   8.600000000  -0.511353593   0.455199164
    861   8.610000000  -0.506384867   0.538410619
    862   8.620000000  -0.500588314   0.620741893
    863   8.630000000  -0.493973412   0.702058392
    864   8.640000000  -0.486550973   0.782227182
    865   8.650000000  -0.478333131   0.861117205
    866   8.660000000  -0.469333322   0.938599493
    867   8.670000000  -0.459566257   1.014547380
    868   8.680000000  -0.449047903   1.088836708
    869   8.690000000  -0.437795457   1.161346031
    870   8.700000000  -0.425827312   1.231956811
    871   8.710000000  -0.413163035   1.300553617
    872   8.720000000  -0.399823328   1.367024308
    873   8.730000000  -0.385829999   1.431260218
    874   8.740000000  -0.371205924   1.493156337
    875   8.750000000  -0.355975010   1.552611478
    876   8.760000000  -0.340162156   1.609528445
    877   8.770000000  -0.323793213   1.663814192
    878   8.780000000  -0.306894940   1.715379973
    879   8.790000000  -0.289494962   1.764141490
    880   8.800000000  -0.271621725   1.810019029
    881   8.810000000  -0.253304446   1.852937590
    882   8.820000000  -0.234573071   1.892827012
    883   8.830000000  -0.215458222   1.929622082
    884   8.840000000  -0.195991146   1.963262651
    885   8.850000000  -0.176203668   1.993693723
    886   8.860000000  -0.156128137   2.020865550
    887   8.870000000  -0.135797371   2.044733711
    888   8.880000000  -0.115244607   2.065259189
    889   8.890000000  -0.094503443   2.082408428
    890   8.900000000  -0.073607787   2.096153394
    891   8.910000000  -0.052591799   2.106471616
    892   8.920000000  -0.031489835   2.113346226
    893   8.930000000  -0.010336392   2.116765986
    894   8.940000000   0.010833948   2.116725305
    895   8.950000000   0.031986578   2.113224250
    896   8.960000000   0.053086916   2.106268544
    897   8.970000000   0.074100469   2.095869559
    898   8.980000000   0.094992885   2.082044294
    899   8.990000000   0.115730008   2.064815350
    900   9.000000000   0.136277938   2.044210893
    901   9.010000000   0.156603085   2.020264607
    902   9.020000000   0.176672220   1.993015639
    903   9.030000000   0.196452536   1.962508534
    904   9.040000000   0.215911695   1.928793165
    905   9.050000000   0.235017887   1.891924649
    906   9.060000000   0.253739877   1.851963258
    907   9.070000000   0.272047059   1.808974319
    908   9.080000000   0.289909505   1.763028111
    909   9.090000000   0.307298013   1.714199744
    910   9.100000000   0.324184157   1.662569043
    911   9.110000000   0.340540333   1.608220412
    912   9.120000000   0.356339800   1.551242699
    913   9.130000000   0.371556732   1.491729050
    914   9.140000000   0.386166252   1.429776756
    915   9.150000000   0.400144475   1.365487096
    916   9.160000000   0.413468552   1.298965168
    917   9.170000000   0.426116699   1.230319722
    918   9.180000000   0.438068241   1.159662978
    919   9.190000000   0.449303638   1.087110443
    920   9.200000000   0.459804525   1.012780724
    921   9.210000000   0.469553733   0.936795335
    922   9.220000000   0.478535326   0.859278494
    923   9.230000000   0.486734620   0.780356925
    924   9.240000000   0.494138211   0.700159645
    925   9.250000000   0.500733997   0.618817761
    926   9.260000000   0.506511194   0.536464247
    927   9.270000000   0.511460358   0.453233734
    928   9.280000000   0.515573399   0.369262285
    929   9.290000000   0.518843591   0.284687174
    930   9.300000000   0.521265590   0.199646664
    931   9.310000000   0.522835437   0.114279775
    932   9.320000000   0.523550563   0.028726064
    933   9.330000000   0.523409801  -0.056874607
    934   9.340000000   0.522413381  -0.142382301
    935   9.350000000   0.520562931  -0.227657232
    936   9.360000000   0.517861477  -0.312559993
    937   9.370000000   0.514313435  -0.396951789
    938   9.380000000   0.509924605  -0.480694657
    939   9.390000000   0.504702161  -0.563651697
    940   9.400000000   0.498654643  -0.645687291
    941   9.410000000   0.491791934  -0.726667331
    942   9.420000000   0.484125256  -0.806459431
    943   9.430000000   0.475667141  -0.884933150
    944   9.440000000   0.466431416  -0.961960201
    945   9.450000000   0.456433180  -1.037414661
    946   9.460000000   0.445688777  -1.111173179
    947   9.470000000   0.434215772  -1.183115177
    948   9.480000000   0.422032921  -1.253123045
    949   9.490000000   0.409160141  -1.321082335
    950   9.500000000   0.395618474  -1.386881951
    951   9.510000000   0.381430060  -1.450414324
    952   9.520000000   0.366618093  -1.511575592
    953   9.530000000   0.351206786  -1.570265772
    954   9.540000000   0.335221335  -1.626388916
    955   9.550000000   0.318687872  -1.679853277
    956   9.560000000   0.301633425  -1.730571453
    957   9.570000000   0.284085874  -1.778460529
    958   9.580000000   0.266073907  -1.823442219
    959   9.590000000   0.247626968  -1.865442988
    960   9.600000000   0.228775214  -1.904394172
    961   9.610000000   0.209549463  -1.940232097
    962   9.620000000   0.189981146  -1.972898174
    963   9.630000000   0.170102252  -2.002339003
    964   9.640000000   0.149945279  -2.028506453
    965   9.650000000   0.129543178  -2.051357747
    966   9.660000000   0.108929304  -2.070855529
    967   9.670000000   0.088137354  -2.086967923
    968   9.680000000   0.067201319  -2.099668590
    969   9.690000000   0.046155425  -2.108936766
    970   9.700000000   0.025034077  -2.114757301
    971   9.710000000   0.003871805  -2.117120678
    972   9.720000000  -0.017296798  -2.116023036
    973   9.730000000  -0.038437124  -2.111466167
    974   9.740000000  -0.059514614  -2.103457521
    975   9.750000000  -0.080494810  -2.092010191
    976   9.760000000  -0.101343416  -2.077142891
    977   9.770000000  -0.122026348  -2.058879924
    978   9.780000000  -0.142509794  -2.037251148
    979   9.790000000  -0.162760268  -2.012291920
    980   9.800000000  -0.182744665  -1.984043044
    981   9.810000000  -0.202430316  -1.952550699
    982   9.820000000  -0.221785038  -1.917866369
    983   9.830000000  -0.240777191  -1.880046754
    984   9.840000000  -0.259375726  -1.839153682
    985   9.850000000  -0.277550241  -1.795254004
    986   9.860000000  -0.295271022  -1.748419485
    987   9.870000000  -0.312509102  -1.698726690
    988   9.880000000  -0.329236298  -1.646256856
    989   9.890000000  -0.345425267  -1.591095758
    990   9.900000000  -0.361049542  -1.533333573
    991   9.910000000  -0.376083581  -1.473064730
    992   9.920000000  -0.390502808  -1.410387754
    993   9.930000000  -0.404283650  -1.345405108
    994   9.940000000  -0.417403578  -1.278223025
    995   9.950000000  -0.429841144  -1.208951332
    996   9.960000000  -0.441576016  -1.137703273
    997   9.970000000  -0.452589009  -1.064595323
    998   9.980000000  -0.462862120  -0.989746996
    999   9.990000000  -0.472378555  -0.913280654
   1000  10.000000000  -0.481122756  -0.835321301
