# Giai phuong trinh vi phan
######################################################################
#      i             x         theta         omega
      0   0.000000000   0.523598776   0.000000000
      1   0.010000000   0.523190074  -0.081730706
      2   0.020000000   0.521964547  -0.163345658
      3   0.030000000   0.519923932  -0.244729103
      4   0.040000000   0.517071123  -0.325765291
      5   0.050000000   0.513410170  -0.406338485
      6   0.060000000   0.508946282  -0.486332973
      7   0.070000000   0.503685825  -0.565633092
      8   0.080000000   0.497636320  -0.644123265
      9   0.090000000   0.490806445  -0.721688044
     10   0.100000000   0.483206029  -0.798212177
     11   0.110000000   0.474846054  -0.873580681
     12   0.120000000   0.465738649  -0.947678944
     13   0.130000000   0.455897090  -1.020392836
     14   0.140000000   0.445335786  -1.091608844
     15   0.150000000   0.434070282  -1.161214226
     16   0.160000000   0.422117243  -1.229097191
     17   0.170000000   0.409494449  -1.295147088
     18   0.180000000   0.396220777  -1.359254628
     19   0.190000000   0.382316190  -1.421312117
     20   0.200000000   0.367801721  -1.481213712
     21   0.210000000   0.352699449  -1.538855693
     22   0.220000000   0.337032478  -1.594136748
     23   0.230000000   0.320824913  -1.646958277
     24   0.240000000   0.304101831  -1.697224707
     25   0.250000000   0.286889245  -1.744843805
     26   0.260000000   0.269214075  -1.789727016
     27   0.270000000   0.251104107  -1.831789786
     28   0.280000000   0.232587950  -1.870951894
     29   0.290000000   0.213694991  -1.907137781
     30   0.300000000   0.194455352  -1.940276864
     31   0.310000000   0.174899829  -1.970303849
     32   0.320000000   0.155059849  -1.997159022
     33   0.330000000   0.134967403  -2.020788527
     34   0.340000000   0.114654991  -2.041144618
     35   0.350000000   0.094155561  -2.058185896
     36   0.360000000   0.073502441  -2.071877506
     37   0.370000000   0.052729272  -2.082191315
     38   0.380000000   0.031869946  -2.089106055
     39   0.390000000   0.010958531  -2.092607429
     40   0.400000000  -0.009970799  -2.092688185
     41   0.410000000  -0.030883829  -2.089348158
     42   0.420000000  -0.051746380  -2.082594263
     43   0.430000000  -0.072524379  -2.072440466
     44   0.440000000  -0.093183925  -2.058907709
     45   0.450000000  -0.113691361  -2.042023804
     46   0.460000000  -0.134013344  -2.021823291
     47   0.470000000  -0.154116907  -1.998347267
     48   0.480000000  -0.173969527  -1.971643182
     49   0.490000000  -0.193539187  -1.941764609
     50   0.500000000  -0.212794435  -1.908770991
     51   0.510000000  -0.231704439  -1.872727367
     52   0.520000000  -0.250239048  -1.833704076
     53   0.530000000  -0.268368838  -1.791776449
     54   0.540000000  -0.286065162  -1.747024495
     55   0.550000000  -0.303300194  -1.699532569
     56   0.560000000  -0.320046973  -1.649389048
     57   0.570000000  -0.336279442  -1.596685995
     58   0.580000000  -0.351972479  -1.541518835
     59   0.590000000  -0.367101932  -1.483986032
     60   0.600000000  -0.381644650  -1.424188777
     61   0.610000000  -0.395578504  -1.362230681
     62   0.620000000  -0.408882413  -1.298217496
     63   0.630000000  -0.421536362  -1.232256832
     64   0.640000000  -0.433521421  -1.164457911
     65   0.650000000  -0.444819761  -1.094931321
     66   0.660000000  -0.455414661  -1.023788807
     67   0.670000000  -0.465290526  -0.951143068
     68   0.680000000  -0.474432889  -0.877107585
     69   0.690000000  -0.482828425  -0.801796463
     70   0.700000000  -0.490464948  -0.725324293
     71   0.710000000  -0.497331423  -0.647806043
     72   0.720000000  -0.503417966  -0.569356954
     73   0.730000000  -0.508715844  -0.490092466
     74   0.740000000  -0.513217482  -0.410128152
     75   0.750000000  -0.516916460  -0.329579672
     76   0.760000000  -0.519807514  -0.248562735
     77   0.770000000  -0.521886539  -0.167193078
     78   0.780000000  -0.523150586  -0.085586451
     79   0.790000000  -0.523597864  -0.003858605
     80   0.800000000  -0.523227740   0.077874703
     81   0.810000000  -0.522040737   0.159497721
     82   0.820000000  -0.520038539   0.240894696
     83   0.830000000  -0.517223983   0.321949877
     84   0.840000000  -0.513601066   0.402547527
     85   0.850000000  -0.509174943   0.482571931
     86   0.860000000  -0.503951924   0.561907424
     87   0.870000000  -0.497939477   0.640438423
     88   0.880000000  -0.491146222   0.718049474
     89   0.890000000  -0.483581938   0.794625313
     90   0.900000000  -0.475257550   0.870050944
     91   0.910000000  -0.466185136   0.944211733
     92   0.920000000  -0.456377913   1.016993525
     93   0.930000000  -0.445850241   1.088282775
     94   0.940000000  -0.434617609   1.157966701
     95   0.950000000  -0.422696631   1.225933461
     96   0.960000000  -0.410105033   1.292072348
     97   0.970000000  -0.396861642   1.356274002
     98   0.980000000  -0.382986370   1.418430649
     99   0.990000000  -0.368500200   1.478436353
    100   1.000000000  -0.353425160   1.536187285
    101   1.010000000  -0.337784309   1.591582016
    102   1.020000000  -0.321601704   1.644521809
    103   1.030000000  -0.304902376   1.694910941
    104   1.040000000  -0.287712296   1.742657015
    105   1.050000000  -0.270058343   1.787671294
    106   1.060000000  -0.251968260   1.829869028
    107   1.070000000  -0.233470620   1.869169784
    108   1.080000000  -0.214594775   1.905497776
    109   1.090000000  -0.195370811   1.938782179
    110   1.100000000  -0.175829497   1.968957443
    111   1.110000000  -0.156002227   1.995963584
    112   1.120000000  -0.135920971   2.019746463
    113   1.130000000  -0.115618204   2.040258042
    114   1.140000000  -0.095126855   2.057456615
    115   1.150000000  -0.074480234   2.071307015
    116   1.160000000  -0.053711972   2.081780790
    117   1.170000000  -0.032855947   2.088856342
    118   1.180000000  -0.011946223   2.092519046
    119   1.190000000   0.008983030   2.092761315
    120   1.200000000   0.029897599   2.089582649
    121   1.210000000   0.050763300   2.082989630
    122   1.220000000   0.071546054   2.072995892
    123   1.230000000   0.092211949   2.059622050
    124   1.240000000   0.112727318   2.042895596
    125   1.250000000   0.133058798   2.022850754
    126   1.260000000   0.153173406   1.999528316
    127   1.270000000   0.173038595   1.972975438
    128   1.280000000   0.192622323   1.943245410
    129   1.290000000   0.211893108   1.910397403
    130   1.300000000   0.230820092   1.874496199
    131   1.310000000   0.249373087   1.835611892
    132   1.320000000   0.267522635   1.793819586
    133   1.330000000   0.285240051   1.749199076
    134   1.340000000   0.302497469   1.701834521
    135   1.350000000   0.319267887   1.651814113
    136   1.360000000   0.335525203   1.599229749
    137   1.370000000   0.351244252   1.544176704
    138   1.380000000   0.366400835   1.486753305
    139   1.390000000   0.380971753   1.427060620
    140   1.400000000   0.394934828   1.365202155
    141   1.410000000   0.408268928   1.301283564
    142   1.420000000   0.420953990   1.235412377
    143   1.430000000   0.432971030   1.167697745
    144   1.440000000   0.444302168   1.098250197
    145   1.450000000   0.454930630   1.027181427
    146   1.460000000   0.464840767   0.954604095
    147   1.470000000   0.474018061   0.880631647
    148   1.480000000   0.482449130   0.805378161
    149   1.490000000   0.490121736   0.728958210
    150   1.500000000   0.497024789   0.651486746
    151   1.510000000   0.503148349   0.573078998
    152   1.520000000   0.508483632   0.493850400
    153   1.530000000   0.513023006   0.413916518
    154   1.540000000   0.516759997   0.333393009
    155   1.550000000   0.519689287   0.252395581
    156   1.560000000   0.521806715   0.171039970
    157   1.570000000   0.523109278   0.089441925
    158   1.580000000   0.523595131   0.007717198
    159   1.590000000   0.523263585  -0.074018455
    160   1.600000000   0.522115111  -0.155649282
    161   1.610000000   0.520151335  -0.237059528
    162   1.620000000   0.517375042  -0.318133445
    163   1.630000000   0.513790173  -0.398755292
    164   1.640000000   0.509401829  -0.478809354
    165   1.650000000   0.504216264  -0.558179964
    166   1.660000000   0.498240893  -0.636751532
    167   1.670000000   0.491484282  -0.714408599
    168   1.680000000   0.483956154  -0.791035888
    169   1.690000000   0.475667381  -0.866518389
    170   1.700000000   0.466629984  -0.940741450
    171   1.710000000   0.456857131  -1.013590889
    172   1.720000000   0.446363124  -1.084953129
    173   1.730000000   0.435163402  -1.154715349
    174   1.740000000   0.423274524  -1.222765659
    175   1.750000000   0.410714165  -1.288993292
    176   1.760000000   0.397501099  -1.353288821
    177   1.770000000   0.383655189  -1.415544390
    178   1.780000000   0.369197365  -1.475653970
    179   1.790000000   0.354149610  -1.533513629
    180   1.800000000   0.338534932  -1.589021814
    181   1.810000000   0.322377343  -1.642079659
    182   1.820000000   0.305701827  -1.692591286
    183   1.830000000   0.288534314  -1.740464138
    184   1.840000000   0.270901638  -1.785609296
    185   1.850000000   0.252831505  -1.827941815
    186   1.860000000   0.234352447  -1.867381051
    187   1.870000000   0.215493783  -1.903850990
    188   1.880000000   0.196285563  -1.937280567
    189   1.890000000   0.176758527  -1.967603976
    190   1.900000000   0.156944040  -1.994760964
    191   1.910000000   0.136874045  -2.018697110
    192   1.920000000   0.116580997  -2.039364083
    193   1.930000000   0.096097802  -2.056719873
    194   1.940000000   0.075457756  -2.070729001
    195   1.950000000   0.054694475  -2.081362692
    196   1.960000000   0.033841829  -2.088599025
    197   1.970000000   0.012933871  -2.092423041
    198   1.980000000  -0.007995229  -2.092826822
    199   1.990000000  -0.028911260  -2.089809532
    200   2.000000000  -0.049780036  -2.083377419
    201   2.010000000  -0.070567468  -2.073543786
    202   2.020000000  -0.091239639  -2.060328922
    203   2.030000000  -0.111762865  -2.043759993
    204   2.040000000  -0.132103770  -2.023870913
    205   2.050000000  -0.152229349  -2.000702167
    206   2.060000000  -0.172107036  -1.974300615
    207   2.070000000  -0.191704761  -1.944719263
    208   2.080000000  -0.210991016  -1.912017012
    209   2.090000000  -0.229934912  -1.876258383
    210   2.100000000  -0.248506228  -1.837513228
    211   2.110000000  -0.266675469  -1.795856422
    212   2.120000000  -0.284413915  -1.751367544
    213   2.130000000  -0.301693659  -1.704130555
    214   2.140000000  -0.318487657  -1.654233465
    215   2.150000000  -0.334769766  -1.601768003
    216   2.160000000  -0.350514772  -1.546829292
    217   2.170000000  -0.365698434  -1.489515522
    218   2.180000000  -0.380297502  -1.429927638
    219   2.190000000  -0.394289750  -1.368169037
    220   2.200000000  -0.407653998  -1.304345280
    221   2.210000000  -0.420370129  -1.238563814
    222   2.220000000  -0.432419111  -1.170933717
    223   2.230000000  -0.443783009  -1.101565460
    224   2.240000000  -0.454444998  -1.030570686
    225   2.250000000  -0.464389376  -0.958062013
    226   2.260000000  -0.473601570  -0.884152854
    227   2.270000000  -0.482068145  -0.808957260
    228   2.280000000  -0.489776809  -0.732589785
    229   2.290000000  -0.496716417  -0.655165363
    230   2.300000000  -0.502876977  -0.576799214
    231   2.310000000  -0.508249647  -0.497606762
    232   2.320000000  -0.512826742  -0.417703569
    233   2.330000000  -0.516601734  -0.337205289
    234   2.340000000  -0.519569250  -0.256227628
    235   2.350000000  -0.521725075  -0.174886321
    236   2.360000000  -0.523066150  -0.093297116
    237   2.370000000  -0.523590576  -0.011575766
    238   2.380000000  -0.523297611   0.070161974
    239   2.390000000  -0.522187668   0.151800351
    240   2.400000000  -0.520262321   0.233223612
    241   2.410000000  -0.517524299   0.314316006
    242   2.420000000  -0.513977490   0.394961792
    243   2.430000000  -0.509626938   0.475045256
    244   2.440000000  -0.504478845   0.554450724
    245   2.450000000  -0.498540568   0.633062605
    246   2.460000000  -0.491820623   0.710765429
    247   2.470000000  -0.484328675   0.787443912
    248   2.480000000  -0.476075543   0.862983029
    249   2.490000000  -0.467073194   0.937268107
    250   2.500000000  -0.457334742   1.010184940
    251   2.510000000  -0.446874436   1.081619919
    252   2.520000000  -0.435707659   1.151460185
    253   2.530000000  -0.423850921   1.219593797
    254   2.540000000  -0.411321842   1.285909932
    255   2.550000000  -0.398139146   1.350299094
    256   2.560000000  -0.384322644   1.412653349
    257   2.570000000  -0.369893217   1.472866575
    258   2.580000000  -0.354872797   1.530834733
    259   2.590000000  -0.339284346   1.586456154
    260   2.600000000  -0.323151827   1.639631835
    261   2.610000000  -0.306500182   1.690265753
    262   2.620000000  -0.289355295   1.738265184
    263   2.630000000  -0.271743958   1.783541032
    264   2.640000000  -0.253693838   1.826008156
    265   2.650000000  -0.235233428   1.865585702
    266   2.660000000  -0.216392011   1.902197430
    267   2.670000000  -0.197199605   1.935772035
    268   2.680000000  -0.177686916   1.966243454
    269   2.690000000  -0.157885283   1.993551168
    270   2.700000000  -0.137826622   2.017640474
    271   2.710000000  -0.117543365   2.038462747
    272   2.720000000  -0.097068400   2.055975675
    273   2.730000000  -0.076435004   2.070143465
    274   2.740000000  -0.055676780   2.080937024
    275   2.750000000  -0.034827587   2.088334104
    276   2.760000000  -0.013921472   2.092319415
    277   2.770000000   0.007007400   2.092884706
    278   2.780000000   0.027924816   2.090028806
    279   2.790000000   0.048796590   2.083757629
    280   2.800000000   0.069588626   2.074084147
    281   2.810000000   0.090266996   2.061028319
    282   2.820000000   0.110798006   2.044616992
    283   2.830000000   0.131148262   2.024883764
    284   2.840000000   0.151284740   2.001868814
    285   2.850000000   0.171174852   1.975618706
    286   2.860000000   0.190786505   1.946186162
    287   2.870000000   0.210088162   1.913629810
    288   2.880000000   0.229048901   1.878013912
    289   2.890000000   0.247638472   1.839408076
    290   2.900000000   0.265827344   1.797886946
    291   2.910000000   0.283586757   1.753529888
    292   2.920000000   0.300888766   1.706420662
    293   2.930000000   0.317706287   1.656647094
    294   2.940000000   0.334013131   1.604300746
    295   2.950000000   0.349784042   1.549476588
    296   2.960000000   0.364994730   1.492272671
    297   2.970000000   0.379621898   1.432789819
    298   2.980000000   0.393643273   1.371131319
    299   2.990000000   0.407037623   1.307402635
    300   3.000000000   0.419784782   1.241711132
    301   3.010000000   0.431865666   1.174165817
    302   3.020000000   0.443262287   1.104877099
    303   3.030000000   0.453957768   1.033956571
    304   3.040000000   0.463936354   0.961516810
    305   3.050000000   0.473183418   0.887671194
    306   3.060000000   0.481685471   0.812533748
    307   3.070000000   0.489430168   0.736219004
    308   3.080000000   0.496406310   0.658841881
    309   3.090000000   0.502603848   0.580517588
    310   3.100000000   0.508013889   0.501361540
    311   3.110000000   0.512628691   0.421489294
    312   3.120000000   0.516441673   0.341016501
    313   3.130000000   0.519447405   0.260058864
    314   3.140000000   0.521641619   0.178732119
    315   3.150000000   0.523021203   0.097152012
    316   3.160000000   0.523584201   0.015434297
    317   3.170000000   0.523329816  -0.066305272
    318   3.180000000   0.522258408  -0.147950942
    319   3.190000000   0.520371496  -0.229386959
    320   3.200000000   0.517671754  -0.310497572
    321   3.210000000   0.514163015  -0.391167041
    322   3.220000000   0.509850269  -0.471279647
    323   3.230000000   0.504739664  -0.550719717
    324   3.240000000   0.498838502  -0.629371652
    325   3.250000000   0.492155243  -0.707119978
    326   3.260000000   0.484699499  -0.783849399
    327   3.270000000   0.476482035  -0.859444875
    328   3.280000000   0.467514764  -0.933791716
    329   3.290000000   0.457810744  -1.006775690
    330   3.300000000   0.447384173  -1.078283157
    331   3.310000000   0.436250380  -1.148201218
    332   3.320000000   0.424425820  -1.216417886
    333   3.330000000   0.411928063  -1.282822279
    334   3.340000000   0.398775781  -1.347304835
    335   3.350000000   0.384988733  -1.409757539
    336   3.360000000   0.370587751  -1.470074178
    337   3.370000000   0.355594718  -1.528150610
    338   3.380000000   0.340032547  -1.583885045
    339   3.390000000   0.323925155  -1.637178348
    340   3.400000000   0.307297438  -1.687934349
    341   3.410000000   0.290175237  -1.736060162
    342   3.420000000   0.272585301  -1.781466510
    343   3.430000000   0.254555257  -1.824068058
    344   3.440000000   0.236113561  -1.863783744
    345   3.450000000   0.217289458  -1.900537103
    346   3.460000000   0.198112933  -1.934256587
    347   3.470000000   0.178614661  -1.964875883
    348   3.480000000   0.158825953  -1.992334201
    349   3.490000000   0.138778699  -2.016576557
    350   3.500000000   0.118505307  -2.037554036
    351   3.510000000   0.098038645  -2.055224022
    352   3.520000000   0.077411973  -2.069550411
    353   3.530000000   0.056658882  -2.080503789
    354   3.540000000   0.035813218  -2.088061581
    355   3.550000000   0.014909022  -2.092208169
    356   3.560000000  -0.006019544  -2.092934967
    357   3.570000000  -0.026938271  -2.090240470
    358   3.580000000  -0.047812966  -2.084130258
    359   3.590000000  -0.068609531  -2.074616970
    360   3.600000000  -0.089294026  -2.061720239
    361   3.610000000  -0.109832744  -2.045466589
    362   3.620000000  -0.130192277  -2.025889303
    363   3.630000000  -0.150339583  -2.003028253
    364   3.640000000  -0.170242049  -1.976929707
    365   3.650000000  -0.189867558  -1.947646101
    366   3.660000000  -0.209184547  -1.915235790
    367   3.670000000  -0.228162064  -1.879762779
    368   3.680000000  -0.246769824  -1.841296428
    369   3.690000000  -0.264978261  -1.799911152
    370   3.700000000  -0.282758579  -1.755686100
    371   3.710000000  -0.300082795  -1.708704832
    372   3.720000000  -0.316923780  -1.659054990
    373   3.730000000  -0.333255303  -1.606827968
    374   3.740000000  -0.349052064  -1.552118581
    375   3.750000000  -0.364289725  -1.495024743
    376   3.760000000  -0.378944945  -1.435647152
    377   3.770000000  -0.392995399  -1.374088987
    378   3.780000000  -0.406419807  -1.310455616
    379   3.790000000  -0.419197951  -1.244854320
    380   3.800000000  -0.431310696  -1.177394032
    381   3.810000000  -0.442740002  -1.108185102
    382   3.820000000  -0.453468940  -1.037339072
    383   3.830000000  -0.463481701  -0.964968474
    384   3.840000000  -0.472763605  -0.891186656
    385   3.850000000  -0.481301110  -0.816107612
    386   3.860000000  -0.489081815  -0.739845855
    387   3.870000000  -0.496094467  -0.662516288
    388   3.880000000  -0.502328965  -0.584234108
    389   3.890000000  -0.507776359  -0.505114721
    390   3.900000000  -0.512428854  -0.425273681
    391   3.910000000  -0.516279812  -0.344826632
    392   3.920000000  -0.519323752  -0.263889278
    393   3.930000000  -0.521556349  -0.182577352
    394   3.940000000  -0.522974436  -0.101006601
    395   3.950000000  -0.523576004  -0.019292779
    396   3.960000000  -0.523360201   0.062448362
    397   3.970000000  -0.522327332   0.144101066
    398   3.980000000  -0.520478860   0.225549581
    399   3.990000000  -0.517817407   0.306678156
    400   4.000000000  -0.514346749   0.387371049
    401   4.010000000  -0.510071824   0.467512541
    402   4.020000000  -0.504998722   0.546986954
    403   4.030000000  -0.499134694   0.625678687
    404   4.040000000  -0.492488143   0.703472257
    405   4.050000000  -0.485068627   0.780252360
    406   4.060000000  -0.476886857   0.855903940
    407   4.070000000  -0.467954693   0.930312289
    408   4.080000000  -0.458285137   1.003363151
    409   4.090000000  -0.447892334   1.074942854
    410   4.100000000  -0.436791560   1.144938461
    411   4.110000000  -0.424999219   1.213237937
    412   4.120000000  -0.412532826   1.279730345
    413   4.130000000  -0.399411002   1.344306053
    414   4.140000000  -0.385653455   1.406856970
    415   4.150000000  -0.371280967   1.467276790
    416   4.160000000  -0.356315371   1.525461268
    417   4.170000000  -0.340779533   1.581308496
    418   4.180000000  -0.324697324   1.634719208
    419   4.190000000  -0.308093592   1.685597086
    420   4.200000000  -0.290994136   1.733849081
    421   4.210000000  -0.273425663   1.779385738
    422   4.220000000  -0.255415758   1.822121531
    423   4.230000000  -0.236992841   1.861975187
    424   4.240000000  -0.218186119   1.898870015
    425   4.250000000  -0.199025544   1.932734233
    426   4.260000000  -0.179541760   1.963501269
    427   4.270000000  -0.159766047   1.991110068
    428   4.280000000  -0.139730271   2.015505367
    429   4.290000000  -0.119466817   2.036637956
    430   4.300000000  -0.099008533   2.054464920
    431   4.310000000  -0.078388661   2.068949841
    432   4.320000000  -0.057640777   2.080062987
    433   4.330000000  -0.036798718   2.087781457
    434   4.340000000  -0.015896518   2.092089303
    435   4.350000000   0.005031667   2.092977605
    436   4.360000000   0.025951628   2.090444523
    437   4.370000000   0.046829169   2.084495304
    438   4.380000000   0.067630186   2.075142255
    439   4.390000000   0.088320731   2.062404680
    440   4.400000000   0.108867083   2.046308781
    441   4.410000000   0.129235820   2.026887525
    442   4.420000000   0.149393879   2.004180477
    443   4.430000000   0.169308629   1.978233610
    444   4.440000000   0.188947925   1.949099072
    445   4.450000000   0.208280177   1.916834947
    446   4.460000000   0.227274403   1.881504976
    447   4.470000000   0.245900286   1.843178277
    448   4.480000000   0.264128225   1.801929030
    449   4.490000000   0.281929386   1.757836170
    450   4.500000000   0.299275746   1.710983056
    451   4.510000000   0.316140137   1.661457144
    452   4.520000000   0.332496283   1.609349659
    453   4.530000000   0.348318839   1.554755261
    454   4.540000000   0.363583423   1.497771725
    455   4.550000000   0.378266644   1.438499626
    456   4.560000000   0.392346130   1.377042032
    457   4.570000000   0.405800550   1.313504212
    458   4.580000000   0.418609637   1.247993365
    459   4.590000000   0.430754203   1.180618350
    460   4.600000000   0.442216157   1.111489457
    461   4.610000000   0.452978517   1.040718175
    462   4.620000000   0.463025421   0.968416994
    463   4.630000000   0.472342135   0.894699227
    464   4.640000000   0.480915063   0.819678841
    465   4.650000000   0.488731751   0.743470328
    466   4.660000000   0.495780892   0.666188573
    467   4.670000000   0.502052328   0.587948763
    468   4.680000000   0.507537058   0.508866295
    469   4.690000000   0.512227230   0.429056717
    470   4.700000000   0.516116154   0.348635671
    471   4.710000000   0.519198291   0.267718857
    472   4.720000000   0.521469264   0.186422008
    473   4.730000000   0.522925850   0.104860871
    474   4.740000000   0.523565986   0.023151199
    475   4.750000000   0.523388765  -0.058591255
    476   4.760000000   0.522394438  -0.140250736
    477   4.770000000   0.520584413  -0.221711492
    478   4.780000000   0.517961256  -0.302857770
    479   4.790000000   0.514528691  -0.383573829
    480   4.800000000   0.510291599  -0.463743948
    481   4.810000000   0.505256018  -0.543252448
    482   4.820000000   0.499429141  -0.621983721
    483   4.830000000   0.492819319  -0.699822279
    484   4.840000000   0.485436056  -0.776652807
    485   4.850000000   0.477290007  -0.852360236
    486   4.860000000   0.468392978  -0.926829838
    487   4.870000000   0.458757918  -0.999947335
    488   4.880000000   0.448398917  -1.071599023
    489   4.890000000   0.437331200  -1.141671925
    490   4.900000000   0.425571116  -1.210053963
    491   4.910000000   0.413136128  -1.276634141
    492   4.920000000   0.400044805  -1.341302761
    493   4.930000000   0.386316806  -1.403951653
    494   4.940000000   0.371972860  -1.464474422
    495   4.950000000   0.357034753  -1.522766719
    496   4.960000000   0.341525301  -1.578726520
    497   4.970000000   0.325468330  -1.632254426
    498   4.980000000   0.308888642  -1.683253972
    499   4.990000000   0.291811990  -1.731631950
    500   5.000000000   0.274265041  -1.777298727
    501   5.010000000   0.256275340  -1.820168583
    502   5.020000000   0.237871266  -1.860160037
    503   5.030000000   0.219081991  -1.897196176
    504   5.040000000   0.199937435  -1.931204977
    505   5.050000000   0.180468207  -1.962119618
    506   5.060000000   0.160705562  -1.989878775
    507   5.070000000   0.140681337  -2.014426906
    508   5.080000000   0.120427894  -2.035714511
    509   5.090000000   0.099978060  -2.053698371
    510   5.100000000   0.079365063  -2.068341758
    511   5.110000000   0.058622462  -2.079614621
    512   5.120000000   0.037784085  -2.087493734
    513   5.130000000   0.016883956  -2.091962817
    514   5.140000000  -0.004043772  -2.093012619
    515   5.150000000  -0.024964890  -2.090640964
    516   5.160000000  -0.045845201  -2.084852765
    517   5.170000000  -0.066650595  -2.075659998
    518   5.180000000  -0.087347114  -2.063081637
    519   5.190000000  -0.107901027  -2.047143562
    520   5.200000000  -0.128278893  -2.027878425
    521   5.210000000  -0.148447634  -2.005325483
    522   5.220000000  -0.168374594  -1.979530410
    523   5.230000000  -0.188027607  -1.950545070
    524   5.240000000  -0.207375053  -1.918427271
    525   5.250000000  -0.226385921  -1.883240496
    526   5.260000000  -0.245029861  -1.845053613
    527   5.270000000  -0.263277238  -1.803940572
    528   5.280000000  -0.281099180  -1.759980090
    529   5.290000000  -0.298467624  -1.713255324
    530   5.300000000  -0.315355362  -1.663853546
    531   5.310000000  -0.331736074  -1.611865808
    532   5.320000000  -0.347584372  -1.557386618
    533   5.330000000  -0.362875826  -1.500513609
    534   5.340000000  -0.377586999  -1.441347231
    535   5.350000000  -0.391695469  -1.379990441
    536   5.360000000  -0.405179856  -1.316548412
    537   5.370000000  -0.418019843  -1.251128256
    538   5.380000000  -0.430196189  -1.183838761
    539   5.390000000  -0.441690753  -1.114790153
    540   5.400000000  -0.452486500  -1.044093869
    541   5.410000000  -0.462567513  -0.971862358
    542   5.420000000  -0.471919007  -0.898208895
    543   5.430000000  -0.480527331  -0.823247423
    544   5.440000000  -0.488379976  -0.747092408
    545   5.450000000  -0.495465583  -0.669858723
    546   5.460000000  -0.501773939  -0.591661539
    547   5.470000000  -0.507295986  -0.512616248
    548   5.480000000  -0.512023822  -0.432838390
    549   5.490000000  -0.515950698  -0.352443604
    550   5.500000000  -0.519071023  -0.271547589
    551   5.510000000  -0.521380364  -0.190266075
    552   5.520000000  -0.522875445  -0.108714810
    553   5.530000000  -0.523554147  -0.027009546
    554   5.540000000  -0.523415509   0.054733963
    555   5.550000000  -0.522459726   0.136399964
    556   5.560000000  -0.520688154   0.217872702
    557   5.570000000  -0.518103302   0.299036426
    558   5.580000000  -0.514708841   0.379775394
    559   5.590000000  -0.510509596   0.459973883
    560   5.600000000  -0.505511551   0.539516211
    561   5.610000000  -0.499721845   0.618286767
    562   5.620000000  -0.493148773   0.696170056
    563   5.630000000  -0.485801786   0.773050752
    564   5.640000000  -0.477691484   0.848813774
    565   5.650000000  -0.468829618   0.923344376
    566   5.660000000  -0.459229086   0.996528253
    567   5.670000000  -0.448903922   1.068251674
    568   5.680000000  -0.437869298   1.138401623
    569   5.690000000  -0.426141509   1.206865975
    570   5.700000000  -0.413737967   1.273533678
    571   5.710000000  -0.400677190   1.338294969
    572   5.720000000  -0.386978784   1.401041599
    573   5.730000000  -0.372663430   1.461667085
    574   5.740000000  -0.357752862   1.520066974
    575   5.750000000  -0.342269850   1.576139125
    576   5.760000000  -0.326238171   1.629784010
    577   5.770000000  -0.309682584   1.680905018
    578   5.780000000  -0.292628796   1.729408778
    579   5.790000000  -0.275103433   1.775205483
    580   5.800000000  -0.257133998   1.818209221
    581   5.810000000  -0.238748832   1.858338302
    582   5.820000000  -0.219977072   1.895515591
    583   5.830000000  -0.200848602   1.929668828
    584   5.840000000  -0.181394001   1.960730936
    585   5.850000000  -0.161644493   1.988640327
    586   5.860000000  -0.141631891   2.013341180
    587   5.870000000  -0.121388533   2.034783704
    588   5.880000000  -0.100947225   2.052924378
    589   5.890000000  -0.080341176   2.067726165
    590   5.900000000  -0.059603934   2.079158693
    591   5.910000000  -0.038769313   2.087198412
    592   5.920000000  -0.017871332   2.091828712
    593   5.930000000   0.003055862   2.093040009
    594   5.940000000   0.023978061   2.090829792
    595   5.950000000   0.044861067   2.085202640
    596   5.960000000   0.065670761   2.076170197
    597   5.970000000   0.086373180   2.063751108
    598   5.980000000   0.106934578   2.047970931
    599   5.990000000   0.127321501   2.028861999
    600   6.000000000   0.147500851   2.006463264
    601   6.010000000   0.167439950   1.980820101
    602   6.020000000   0.187106608   1.951984088
    603   6.030000000   0.206469179   1.920012758
    604   6.040000000   0.225496622   1.884969331
    605   6.050000000   0.244158553   1.846922429
    606   6.060000000   0.262425303   1.805945769
    607   6.070000000   0.280267963   1.762117850
    608   6.080000000   0.297658431   1.715521627
    609   6.090000000   0.314569457   1.666244185
    610   6.100000000   0.330974679   1.614376406
    611   6.110000000   0.346848664   1.560012640
    612   6.120000000   0.362166936   1.503250382
    613   6.130000000   0.376906010   1.444189955
    614   6.140000000   0.391043417   1.382934204
    615   6.150000000   0.404557726   1.319588204
    616   6.160000000   0.417428569   1.254258982
    617   6.170000000   0.429636657   1.187055252
    618   6.180000000   0.441163793   1.118087177
    619   6.190000000   0.451992890   1.047466143
    620   6.200000000   0.462107980   0.975304553
    621   6.210000000   0.471494223   0.901715649
    622   6.220000000   0.480137915   0.826813345
    623   6.230000000   0.488026493   0.750712085
    624   6.240000000   0.495148542   0.673526726
    625   6.250000000   0.501493797   0.595372426
    626   6.260000000   0.507053145   0.516364569
    627   6.270000000   0.511818629   0.436618688
    628   6.280000000   0.515783444   0.356250420
    629   6.290000000   0.518941948   0.275375461
    630   6.300000000   0.521289650   0.194109540
    631   6.310000000   0.522823221   0.112568405
    632   6.320000000   0.523540487   0.030867807
    633   6.330000000   0.523440432  -0.050876500
    634   6.340000000   0.522523197  -0.132548761
    635   6.350000000   0.520790082  -0.214033224
    636   6.360000000   0.518243544  -0.295214136
    637   6.370000000   0.514887197  -0.375975755
    638   6.380000000   0.510725813  -0.456202356
    639   6.390000000   0.505765319  -0.535778255
    640   6.400000000   0.500012802  -0.614587837
    641   6.410000000   0.493476502  -0.692515600
    642   6.420000000   0.486165814  -0.769446208
    643   6.430000000   0.478091286  -0.845264567
    644   6.440000000   0.469264613  -0.919855913
    645   6.450000000   0.459698639  -0.993105918
    646   6.460000000   0.449407346  -1.064900820
    647   6.470000000   0.438405850  -1.135127566
    648   6.480000000   0.426710396  -1.203673984
    649   6.490000000   0.414338342  -1.270428968
    650   6.500000000   0.401308155  -1.335282688
    651   6.510000000   0.387639388  -1.398126820
    652   6.520000000   0.373352673  -1.458854790
    653   6.530000000   0.358469695  -1.517362043
    654   6.540000000   0.343013176  -1.573546323
    655   6.550000000   0.327006845  -1.627307971
    656   6.560000000   0.310475416  -1.678550232
    657   6.570000000   0.293444551  -1.727179575
    658   6.580000000   0.275940835  -1.773106017
    659   6.590000000   0.257991729  -1.816243454
    660   6.600000000   0.239625537  -1.856509990
    661   6.610000000   0.220871358  -1.893828269
    662   6.620000000   0.201759042  -1.928125791
    663   6.630000000   0.182319137  -1.959335229
    664   6.640000000   0.162582839  -1.987394730
    665   6.650000000   0.142581931  -2.012248194
    666   6.660000000   0.122348730  -2.033845540
    667   6.670000000   0.101916022  -2.052142946
    668   6.680000000   0.081316997  -2.067103065
    669   6.690000000   0.060585189  -2.078695205
    670   6.700000000   0.039754401  -2.086895494
    671   6.710000000   0.018858643  -2.091686989
    672   6.720000000  -0.002067942  -2.093059775
    673   6.730000000  -0.022991146  -2.091011006
    674   6.740000000  -0.043876769  -2.085544928
    675   6.750000000  -0.064690689  -2.076672850
    676   6.760000000  -0.085398932  -2.064413090
    677   6.770000000  -0.105967741  -2.048790881
    678   6.780000000  -0.126363646  -2.029838242
    679   6.790000000  -0.146553532  -2.007593816
    680   6.800000000  -0.166504699  -1.982102678
    681   6.810000000  -0.186184932  -1.953416120
    682   6.820000000  -0.205562559  -1.921591399
    683   6.830000000  -0.224606508  -1.886691473
    684   6.840000000  -0.243286364  -1.848784717
    685   6.850000000  -0.261572423  -1.807944613
    686   6.860000000  -0.279435738  -1.764249442
    687   6.870000000  -0.296848170  -1.717781956
    688   6.880000000  -0.313782425  -1.668629053
    689   6.890000000  -0.330212101  -1.616881443
    690   6.900000000  -0.346111718  -1.562633318
    691   6.910000000  -0.361456756  -1.505982034
    692   6.920000000  -0.376223681  -1.447027787
    693   6.930000000  -0.390389976  -1.385873310
    694   6.940000000  -0.403934162  -1.322623578
    695   6.950000000  -0.416835820  -1.257385531
    696   6.960000000  -0.429075607  -1.190267811
    697   6.970000000  -0.440635277  -1.121380518
    698   6.980000000  -0.451497689  -1.050834983
    699   6.990000000  -0.461646823  -0.978743568
    700   7.000000000  -0.471067785  -0.905219476
    701   7.010000000  -0.479746816  -0.830376595
    702   7.020000000  -0.487671302  -0.754329347
    703   7.030000000  -0.494829771  -0.677192569
    704   7.040000000  -0.501211905  -0.599081411
    705   7.050000000  -0.506808536  -0.520111245
    706   7.060000000  -0.511611651  -0.440397599
    707   7.070000000  -0.515614395  -0.360056107
    708   7.080000000  -0.518811066  -0.279202462
    709   7.090000000  -0.521197122  -0.197952392
    710   7.100000000  -0.522769178  -0.116421644
    711   7.110000000  -0.523525006  -0.034725970
    712   7.120000000  -0.523463534   0.047018876
    713   7.130000000  -0.522584850   0.128697141
    714   7.140000000  -0.520890199   0.210193071
    715   7.150000000  -0.518381982   0.291390913
    716   7.160000000  -0.515063760   0.372174925
    717   7.170000000  -0.510940249   0.452429380
    718   7.180000000  -0.506017323   0.532038592
    719   7.190000000  -0.500302013   0.610886943
    720   7.200000000  -0.493802506   0.688858922
    721   7.210000000  -0.486528141   0.765839186
    722   7.220000000  -0.478489412   0.841712627
    723   7.230000000  -0.469697961   0.916364462
    724   7.240000000  -0.460166576   0.989680342
    725   7.250000000  -0.449909187   1.061546473
    726   7.260000000  -0.438940856   1.131849766
    727   7.270000000  -0.427277775   1.200478002
    728   7.280000000  -0.414937251   1.267320022
    729   7.290000000  -0.401937696   1.332265931
    730   7.300000000  -0.388298615   1.395207326
    731   7.310000000  -0.374040587   1.456037547
    732   7.320000000  -0.359185251   1.514651936
    733   7.330000000  -0.343755277   1.570948123
    734   7.340000000  -0.327774349   1.624826319
    735   7.350000000  -0.311267134   1.676189625
    736   7.360000000  -0.294259253   1.724944350
    737   7.370000000  -0.276777244   1.771000337
    738   7.380000000  -0.258848531   1.814271291
    739   7.390000000  -0.240501377   1.854675110
    740   7.400000000  -0.221764846   1.892134216
    741   7.410000000  -0.202668752   1.926575873
    742   7.420000000  -0.183243613   1.957932504
    743   7.430000000  -0.163520594   1.986141990
    744   7.440000000  -0.143531453   2.011147953
    745   7.450000000  -0.123308483   2.032900023
    746   7.460000000  -0.102884448   2.051354078
    747   7.470000000  -0.082292522   2.066472460
    748   7.480000000  -0.061566222   2.078224160
    749   7.490000000  -0.040739343   2.086584980
    750   7.500000000  -0.019845885   2.091537649
    751   7.510000000   0.001080013   2.093071917
    752   7.520000000   0.022004146   2.091184606
    753   7.530000000   0.042892311   2.085879626
    754   7.540000000   0.063710381   2.077167954
    755   7.550000000   0.084424373   2.065067579
    756   7.560000000   0.105000519   2.049603411
    757   7.570000000   0.125405333   2.030807151
    758   7.580000000   0.145605681   2.008717133
    759   7.590000000   0.165568844   1.983378135
    760   7.600000000   0.185262582   1.954841159
    761   7.610000000   0.204655195   1.923163187
    762   7.620000000   0.223715583   1.888406916
    763   7.630000000   0.242413298   1.850640469
    764   7.640000000   0.260718602   1.809937095
    765   7.650000000   0.278602510   1.766374856
    766   7.660000000   0.296036843   1.720036301
    767   7.670000000   0.312994269   1.671008139
    768   7.680000000   0.329448341   1.619380907
    769   7.690000000   0.345373536   1.565248642
    770   7.700000000   0.360745287   1.508708555
    771   7.710000000   0.375540014   1.449860717
    772   7.720000000   0.389735150   1.388807746
    773   7.730000000   0.403309167   1.325654520
    774   7.740000000   0.416241595   1.260507892
    775   7.750000000   0.428513042   1.193476428
    776   7.760000000   0.440105207   1.124670164
    777   7.770000000   0.451000899   1.054200379
    778   7.780000000   0.461184044   0.982179390
    779   7.790000000   0.470639693   0.908720365
    780   7.800000000   0.479354037   0.833937162
    781   7.810000000   0.487314404   0.757944180
    782   7.820000000   0.494509270   0.680856242
    783   7.830000000   0.500928262   0.602788481
    784   7.840000000   0.506562158   0.523856264
    785   7.850000000   0.511402891   0.444175111
    786   7.860000000   0.515443549   0.363860652
    787   7.870000000   0.518678378   0.283028579
    788   7.880000000   0.521102781   0.201794618
    789   7.890000000   0.522713317   0.120274515
    790   7.900000000   0.523507703   0.038584023
    791   7.910000000   0.523484815  -0.043161105
    792   7.920000000   0.522644685  -0.124845115
    793   7.930000000   0.520988502  -0.206352253
    794   7.940000000   0.518518615  -0.287566768
    795   7.950000000   0.515238528  -0.368372915
    796   7.960000000   0.511152904  -0.448654967
    797   7.970000000   0.506267562  -0.528297235
    798   7.980000000   0.500589477  -0.607184096
    799   7.990000000   0.494126783  -0.685200035
    800   8.000000000   0.486888765  -0.762229699
    801   8.010000000   0.478885861  -0.838157965
    802   8.020000000   0.470129660  -0.912870036
    803   8.030000000   0.460632895  -0.986251536
    804   8.040000000   0.450409444  -1.058188644
    805   8.050000000   0.439474315  -1.128568234
    806   8.060000000   0.427843646  -1.197278042
    807   8.070000000   0.415534691  -1.264206853
    808   8.080000000   0.402565812  -1.329244708
    809   8.090000000   0.388956462  -1.392283129
    810   8.100000000   0.374727171  -1.453215367
    811   8.110000000   0.359899526  -1.511936665
    812   8.120000000   0.344496150  -1.568344536
    813   8.130000000   0.328540680  -1.622339064
    814   8.140000000   0.312057738  -1.673823206
    815   8.150000000   0.295072898  -1.722703112
    816   8.160000000   0.277612658  -1.768888452
    817   8.170000000   0.259704400  -1.812292739
    818   8.180000000   0.241376349  -1.852833668
    819   8.190000000   0.222657532  -1.890433440
    820   8.200000000   0.203577729  -1.925019082
    821   8.210000000   0.184167425  -1.956522767
    822   8.220000000   0.164457756  -1.984882112
    823   8.230000000   0.144480454  -2.010040462
    824   8.240000000   0.124267787  -2.031947158
    825   8.250000000   0.103852500  -2.050557778
    826   8.260000000   0.083267747  -2.065834353
    827   8.270000000   0.062547032  -2.077745559
    828   8.280000000   0.041724137  -2.086266871
    829   8.290000000   0.020833055  -2.091380691
    830   8.300000000  -0.000092081  -2.093076435
    831   8.310000000  -0.021017067  -2.091350591
    832   8.320000000  -0.041907698  -2.086206733
    833   8.330000000  -0.062729842  -2.077655507
    834   8.340000000  -0.083449507  -2.065714573
    835   8.350000000  -0.104032915  -2.050408516
    836   8.360000000  -0.124446564  -2.031768721
    837   8.370000000  -0.144657302  -2.009833211
    838   8.380000000  -0.164632389  -1.984646466
    839   8.390000000  -0.184339561  -1.956259200
    840   8.400000000  -0.203747092  -1.924728117
    841   8.410000000  -0.222823851  -1.890115651
    842   8.420000000  -0.241539358  -1.852489676
    843   8.430000000  -0.259863841  -1.811923207
    844   8.440000000  -0.277768279  -1.768494085
    845   8.450000000  -0.295224454  -1.722284654
    846   8.460000000  -0.312204992  -1.673381434
    847   8.470000000  -0.328683403  -1.621874790
    848   8.480000000  -0.344634121  -1.567858600
    849   8.490000000  -0.360032533  -1.511429934
    850   8.500000000  -0.374855011  -1.452688733
    851   8.510000000  -0.389078940  -1.391737503
    852   8.520000000  -0.402682743  -1.328681022
    853   8.530000000  -0.415645898  -1.263626053
    854   8.540000000  -0.427948963  -1.196681090
    855   8.550000000  -0.439573586  -1.127956103
    856   8.560000000  -0.450502522  -1.057562319
    857   8.570000000  -0.460719643  -0.985612008
    858   8.580000000  -0.470209950  -0.912218303
    859   8.590000000  -0.478959577  -0.837495032
    860   8.600000000  -0.486955800  -0.761556574
    861   8.610000000  -0.494187041  -0.684517730
    862   8.620000000  -0.500642870  -0.606493625
    863   8.630000000  -0.506314013  -0.527599614
    864   8.640000000  -0.511192348  -0.447951212
    865   8.650000000  -0.515270908  -0.367664044
    866   8.660000000  -0.518543885  -0.286853800
    867   8.670000000  -0.521006626  -0.205636206
    868   8.680000000  -0.522655637  -0.124127007
    869   8.690000000  -0.523488580  -0.042441954
    870   8.700000000  -0.523504276   0.039303198
    871   8.710000000  -0.522702701   0.120992696
    872   8.720000000  -0.521084993   0.202510785
    873   8.730000000  -0.518653443   0.283741714
    874   8.740000000  -0.515411502   0.364569738
    875   8.750000000  -0.511363777   0.444879129
    876   8.760000000  -0.506516034   0.524554195
    877   8.770000000  -0.500875193   0.603479310
    878   8.780000000  -0.494449333   0.681538952
    879   8.790000000  -0.487247684   0.758617758
    880   8.800000000  -0.479280631   0.834600595
    881   8.810000000  -0.470559708   0.909372645
    882   8.820000000  -0.461097596   0.982819513
    883   8.830000000  -0.450908115   1.054827346
    884   8.840000000  -0.440006223   1.125282982
    885   8.850000000  -0.428408004   1.194074113
    886   8.860000000  -0.416130661   1.261089471
    887   8.870000000  -0.403192501   1.326219031
    888   8.880000000  -0.389612928   1.389354240
    889   8.890000000  -0.375412421   1.450388262
    890   8.900000000  -0.360612517   1.509216239
    891   8.910000000  -0.345235793   1.565735573
    892   8.920000000  -0.329305836   1.619846216
    893   8.930000000  -0.312847222   1.671450985
    894   8.940000000  -0.295885483   1.720455871
    895   8.950000000  -0.278447074   1.766770370
    896   8.960000000  -0.260559334   1.810307808
    897   8.970000000  -0.242250451   1.850985674
    898   8.980000000  -0.223549414   1.888725948
    899   8.990000000  -0.204485969   1.923455423
    900   9.000000000  -0.185090570   1.955106024
    901   9.010000000  -0.165394322   1.983615101
    902   9.020000000  -0.145428931   2.008925726
    903   9.030000000  -0.125226640   2.030986949
    904   9.040000000  -0.104820174   2.049754048
    905   9.050000000  -0.084242669   2.065188748
    906   9.060000000  -0.063527614   2.077259404
    907   9.070000000  -0.042708779   2.085941170
    908   9.080000000  -0.021820149   2.091216117
    909   9.090000000  -0.000895851   2.093073329
    910   9.100000000   0.020029911   2.091508959
    911   9.110000000   0.040922932   2.086526248
    912   9.120000000   0.061749074   2.078135507
    913   9.130000000   0.082474338   2.066354069
    914   9.140000000   0.103064932   2.051206193
    915   9.150000000   0.123487342   2.032722946
    916   9.160000000   0.143708397   2.010942044
    917   9.170000000   0.163695337   1.985907666
    918   9.180000000   0.183415872   1.957670235
    919   9.190000000   0.202838251   1.926286180
    920   9.200000000   0.221931313   1.891817671
    921   9.210000000   0.240664547   1.854332332
    922   9.220000000   0.259008145   1.813902940
    923   9.230000000   0.276933050   1.770607118
    924   9.240000000   0.294411005   1.724527004
    925   9.250000000   0.311414596   1.675748928
    926   9.260000000   0.327917290   1.624363081
    927   9.270000000   0.343893476   1.570463183
    928   9.280000000   0.359318496   1.514146160
    929   9.290000000   0.374168674   1.455511825
    930   9.300000000   0.388421348   1.394662570
    931   9.310000000   0.402054890   1.331703070
    932   9.320000000   0.415048730   1.266740003
    933   9.330000000   0.427383373   1.199881786
    934   9.340000000   0.439040415   1.131238324
    935   9.350000000   0.450002558   1.060920790
    936   9.360000000   0.460253624   0.989041410
    937   9.370000000   0.469778557   0.915713279
    938   9.380000000   0.478563439   0.841050196
    939   9.390000000   0.486595492   0.765166515
    940   9.400000000   0.493863083   0.688177024
    941   9.410000000   0.500355730   0.610196831
    942   9.420000000   0.506064102   0.531341282
    943   9.430000000   0.510980023   0.451725889
    944   9.440000000   0.515096472   0.371466270
    945   9.450000000   0.518407586   0.290678113
    946   9.460000000   0.520908658   0.209477144
    947   9.470000000   0.522596139   0.127979106
    948   9.480000000   0.523467636   0.046299751
    949   9.490000000   0.523521915  -0.035445167
    950   9.500000000   0.522758900  -0.117139895
    951   9.510000000   0.521179670  -0.198668677
    952   9.520000000   0.518786465  -0.279915763
    953   9.530000000   0.515582680  -0.360765406
    954   9.540000000   0.511572868  -0.441101878
    955   9.550000000   0.506762739  -0.520809485
    956   9.560000000   0.501159160  -0.599772597
    957   9.570000000   0.494770154  -0.677875684
    958   9.580000000   0.487604898  -0.755003376
    959   9.590000000   0.479673721  -0.831040527
    960   9.600000000   0.470988105  -0.905872303
    961   9.610000000   0.461560675  -0.979384284
    962   9.620000000   0.451405199  -1.051462589
    963   9.630000000   0.440536580  -1.121994022
    964   9.640000000   0.428970850  -1.190866229
    965   9.650000000   0.416725158  -1.257967887
    966   9.660000000   0.403817761  -1.323188910
    967   9.670000000   0.390268011  -1.386420670
    968   9.680000000   0.376096336  -1.447556242
    969   9.690000000   0.361324224  -1.506490671
    970   9.700000000   0.345974203  -1.563121243
    971   9.710000000   0.330069814  -1.617347785
    972   9.720000000   0.313635586  -1.669072971
    973   9.730000000   0.296697007  -1.718202636
    974   9.740000000   0.279280488  -1.764646101
    975   9.750000000   0.261413330  -1.808316506
    976   9.760000000   0.243123679  -1.849131134
    977   9.770000000   0.224440488  -1.887011747
    978   9.780000000   0.205393470  -1.921884905
    979   9.790000000   0.186013044  -1.953682281
    980   9.800000000   0.166330288  -1.982340964
    981   9.810000000   0.146376879  -2.007803749
    982   9.820000000   0.126185038  -2.030019399
    983   9.830000000   0.105787467  -2.048942894
    984   9.840000000   0.085217285  -2.064535647
    985   9.850000000   0.064507965  -2.076765699
    986   9.860000000   0.043693265  -2.085607878
    987   9.870000000   0.022807163  -2.091043928
    988   9.880000000   0.001883780  -2.093062599
    989   9.890000000  -0.019042682  -2.091659711
    990   9.900000000  -0.039938017  -2.086838168
    991   9.910000000  -0.060768082  -2.078607952
    992   9.920000000  -0.081498869  -2.066986063
    993   9.930000000  -0.102096576  -2.051996438
    994   9.940000000  -0.122527673  -2.033669824
    995   9.950000000  -0.142758972  -2.012043628
    996   9.960000000  -0.162757691  -1.987161728
    997   9.970000000  -0.182491520  -1.959074259
    998   9.980000000  -0.201928677  -1.927837371
    999   9.990000000  -0.221037974  -1.893512969
   1000  10.000000000  -0.239788868  -1.856168427
