# Giai phuong trinh vi phan
######################################################################
#      i             x         theta         omega
      0   0.000000000   0.785398163   0.000000000
      1   0.010000000   0.784756188  -0.128377607
      2   0.020000000   0.782831311  -0.256545346
      3   0.030000000   0.779626679  -0.384293690
      4   0.040000000   0.775147531  -0.511413799
      5   0.050000000   0.769401190  -0.637697861
      6   0.060000000   0.762397050  -0.762939429
      7   0.070000000   0.754146560  -0.886933761
      8   0.080000000   0.744663208  -1.009478154
      9   0.090000000   0.733962498  -1.130372275
     10   0.100000000   0.722061923  -1.249418489
     11   0.110000000   0.708980938  -1.366422183
     12   0.120000000   0.694740926  -1.481192080
     13   0.130000000   0.679365169  -1.593540559
     14   0.140000000   0.662878800  -1.703283954
     15   0.150000000   0.645308772  -1.810242859
     16   0.160000000   0.626683809  -1.914242420
     17   0.170000000   0.607034357  -2.015112622
     18   0.180000000   0.586392538  -2.112688563
     19   0.190000000   0.564792099  -2.206810730
     20   0.200000000   0.542268351  -2.297325253
     21   0.210000000   0.518858115  -2.384084160
     22   0.220000000   0.494599661  -2.466945622
     23   0.230000000   0.469532647  -2.545774177
     24   0.240000000   0.443698052  -2.620440958
     25   0.250000000   0.417138109  -2.690823903
     26   0.260000000   0.389896239  -2.756807950
     27   0.270000000   0.362016975  -2.818285230
     28   0.280000000   0.333545894  -2.875155242
     29   0.290000000   0.304529540  -2.927325016
     30   0.300000000   0.275015347  -2.974709265
     31   0.310000000   0.245051566  -3.017230528
     32   0.320000000   0.214687181  -3.054819291
     33   0.330000000   0.183971829  -3.087414106
     34   0.340000000   0.152955725  -3.114961686
     35   0.350000000   0.121689572  -3.137416998
     36   0.360000000   0.090224484  -3.154743333
     37   0.370000000   0.058611899  -3.166912365
     38   0.380000000   0.026903496  -3.173904201
     39   0.390000000  -0.004848887  -3.175707410
     40   0.400000000  -0.036593344  -3.172319046
     41   0.410000000  -0.068277979  -3.163744647
     42   0.420000000  -0.099850995  -3.149998231
     43   0.430000000  -0.131260776  -3.131102269
     44   0.440000000  -0.162455976  -3.107087653
     45   0.450000000  -0.193385596  -3.077993641
     46   0.460000000  -0.223999073  -3.043867795
     47   0.470000000  -0.254246363  -3.004765904
     48   0.480000000  -0.284078016  -2.960751890
     49   0.490000000  -0.313445264  -2.911897706
     50   0.500000000  -0.342300100  -2.858283219
     51   0.510000000  -0.370595351  -2.799996075
     52   0.520000000  -0.398284761  -2.737131562
     53   0.530000000  -0.425323065  -2.669792448
     54   0.540000000  -0.451666060  -2.598088819
     55   0.550000000  -0.477270682  -2.522137893
     56   0.560000000  -0.502095072  -2.442063834
     57   0.570000000  -0.526098649  -2.357997545
     58   0.580000000  -0.549242172  -2.270076455
     59   0.590000000  -0.571487806  -2.178444296
     60   0.600000000  -0.592799185  -2.083250866
     61   0.610000000  -0.613141470  -1.984651785
     62   0.620000000  -0.632481405  -1.882808241
     63   0.630000000  -0.650787373  -1.777886725
     64   0.640000000  -0.668029449  -1.670058760
     65   0.650000000  -0.684179446  -1.559500621
     66   0.660000000  -0.699210963  -1.446393046
     67   0.670000000  -0.713099425  -1.330920941
     68   0.680000000  -0.725822128  -1.213273077
     69   0.690000000  -0.737358274  -1.093641781
     70   0.700000000  -0.747689003  -0.972222625
     71   0.710000000  -0.756797428  -0.849214102
     72   0.720000000  -0.764668657  -0.724817303
     73   0.730000000  -0.771289823  -0.599235589
     74   0.740000000  -0.776650103  -0.472674258
     75   0.750000000  -0.780740732  -0.345340211
     76   0.760000000  -0.783555025  -0.217441609
     77   0.770000000  -0.785088379  -0.089187538
     78   0.780000000  -0.785338289   0.039212334
     79   0.790000000  -0.784304346   0.167548103
     80   0.800000000  -0.781988240   0.295609968
     81   0.810000000  -0.778393758   0.423188577
     82   0.820000000  -0.773526775   0.550075366
     83   0.830000000  -0.767395249   0.676062905
     84   0.840000000  -0.760009202   0.800945232
     85   0.850000000  -0.751380709   0.924518191
     86   0.860000000  -0.741523876   1.046579770
     87   0.870000000  -0.730454817   1.166930424
     88   0.880000000  -0.718191628   1.285373406
     89   0.890000000  -0.704754355   1.401715090
     90   0.900000000  -0.690164965   1.515765281
     91   0.910000000  -0.674447310   1.627337534
     92   0.920000000  -0.657627083   1.736249453
     93   0.930000000  -0.639731783   1.842322991
     94   0.940000000  -0.620790664   1.945384741
     95   0.950000000  -0.600834691   2.045266221
     96   0.960000000  -0.579896487   2.141804146
     97   0.970000000  -0.558010281   2.234840699
     98   0.980000000  -0.535211852   2.324223785
     99   0.990000000  -0.511538472   2.409807283
    100   1.000000000  -0.487028840   2.491451283
    101   1.010000000  -0.461723025   2.569022316
    102   1.020000000  -0.435662395   2.642393569
    103   1.030000000  -0.408889554   2.711445098
    104   1.040000000  -0.381448270   2.776064018
    105   1.050000000  -0.353383403   2.836144692
    106   1.060000000  -0.324740833   2.891588902
    107   1.070000000  -0.295567385   2.942306008
    108   1.080000000  -0.265910749   2.988213099
    109   1.090000000  -0.235819408   3.029235128
    110   1.100000000  -0.205342556   3.065305032
    111   1.110000000  -0.174530014   3.096363846
    112   1.120000000  -0.143432154   3.122360794
    113   1.130000000  -0.112099815   3.143253379
    114   1.140000000  -0.080584217   3.159007445
    115   1.150000000  -0.048936882   3.169597237
    116   1.160000000  -0.017209547   3.175005444
    117   1.170000000   0.014545923   3.175223225
    118   1.180000000   0.046277613   3.170250224
    119   1.190000000   0.077933649   3.160094569
    120   1.200000000   0.109462282   3.144772864
    121   1.210000000   0.140811968   3.124310157
    122   1.220000000   0.171931457   3.098739898
    123   1.230000000   0.202769878   3.068103890
    124   1.240000000   0.233276814   3.032452216
    125   1.250000000   0.263402395   2.991843159
    126   1.260000000   0.293097372   2.946343104
    127   1.270000000   0.322313199   2.896026435
    128   1.280000000   0.351002117   2.840975408
    129   1.290000000   0.379117224   2.781280020
    130   1.300000000   0.406612559   2.717037858
    131   1.310000000   0.433443174   2.648353945
    132   1.320000000   0.459565205   2.575340563
    133   1.330000000   0.484935949   2.498117073
    134   1.340000000   0.509513931   2.416809719
    135   1.350000000   0.533258972   2.331551419
    136   1.360000000   0.556132253   2.242481552
    137   1.370000000   0.578096381   2.149745728
    138   1.380000000   0.599115451   2.053495548
    139   1.390000000   0.619155101   1.953888361
    140   1.400000000   0.638182570   1.851087001
    141   1.410000000   0.656166752   1.745259527
    142   1.420000000   0.673078249   1.636578943
    143   1.430000000   0.688889412   1.525222916
    144   1.440000000   0.703574394   1.411373490
    145   1.450000000   0.717109190   1.295216783
    146   1.460000000   0.729471671   1.176942685
    147   1.470000000   0.740641629   1.056744548
    148   1.480000000   0.750600803   0.934818869
    149   1.490000000   0.759332912   0.811364969
    150   1.500000000   0.766823680   0.686584669
    151   1.510000000   0.773060863   0.560681956
    152   1.520000000   0.778034264   0.433862652
    153   1.530000000   0.781735751   0.306334080
    154   1.540000000   0.784159276   0.178304720
    155   1.550000000   0.785300874   0.049983871
    156   1.560000000   0.785158681  -0.078418690
    157   1.570000000   0.783732928  -0.206693054
    158   1.580000000   0.781025946  -0.334629520
    159   1.590000000   0.777042161  -0.462018943
    160   1.600000000   0.771788085  -0.588653067
    161   1.610000000   0.765272308  -0.714324874
    162   1.620000000   0.757505481  -0.838828920
    163   1.630000000   0.748500301  -0.961961667
    164   1.640000000   0.738271490  -1.083521821
    165   1.650000000   0.726835769  -1.203310658
    166   1.660000000   0.714211835  -1.321132351
    167   1.670000000   0.700420323  -1.436794287
    168   1.680000000   0.685483779  -1.550107384
    169   1.690000000   0.669426623  -1.660886401
    170   1.700000000   0.652275103  -1.768950238
    171   1.710000000   0.634057259  -1.874122237
    172   1.720000000   0.614802872  -1.976230463
    173   1.730000000   0.594543420  -2.075107992
    174   1.740000000   0.573312022  -2.170593183
    175   1.750000000   0.551143386  -2.262529937
    176   1.760000000   0.528073754  -2.350767959
    177   1.770000000   0.504140839  -2.435162999
    178   1.780000000   0.479383765  -2.515577090
    179   1.790000000   0.453843007  -2.591878773
    180   1.800000000   0.427560316  -2.663943312
    181   1.810000000   0.400578659  -2.731652898
    182   1.820000000   0.372942145  -2.794896839
    183   1.830000000   0.344695954  -2.853571747
    184   1.840000000   0.315886262  -2.907581701
    185   1.850000000   0.286560167  -2.956838407
    186   1.860000000   0.256765609  -3.001261341
    187   1.870000000   0.226551297  -3.040777881
    188   1.880000000   0.195966623  -3.075323427
    189   1.890000000   0.165061589  -3.104841505
    190   1.900000000   0.133886715  -3.129283858
    191   1.910000000   0.102492966  -3.148610530
    192   1.920000000   0.070931664  -3.162789925
    193   1.930000000   0.039254405  -3.171798863
    194   1.940000000   0.007512973  -3.175622617
    195   1.950000000  -0.024240741  -3.174254936
    196   1.960000000  -0.055954826  -3.167698055
    197   1.970000000  -0.087577438  -3.155962693
    198   1.980000000  -0.119056880  -3.139068036
    199   1.990000000  -0.150341690  -3.117041702
    200   2.000000000  -0.181380726  -3.089919700
    201   2.010000000  -0.212123244  -3.057746367
    202   2.020000000  -0.242518989  -3.020574301
    203   2.030000000  -0.272518268  -2.978464268
    204   2.040000000  -0.302072041  -2.931485110
    205   2.050000000  -0.331131994  -2.879713627
    206   2.060000000  -0.359650619  -2.823234454
    207   2.070000000  -0.387581296  -2.762139922
    208   2.080000000  -0.414878364  -2.696529907
    209   2.090000000  -0.441497198  -2.626511666
    210   2.100000000  -0.467394283  -2.552199663
    211   2.110000000  -0.492527282  -2.473715383
    212   2.120000000  -0.516855109  -2.391187130
    213   2.130000000  -0.540337993  -2.304749818
    214   2.140000000  -0.562937544  -2.214544754
    215   2.150000000  -0.584616818  -2.120719403
    216   2.160000000  -0.605340374  -2.023427148
    217   2.170000000  -0.625074334  -1.922827041
    218   2.180000000  -0.643786436  -1.819083540
    219   2.190000000  -0.661446090  -1.712366242
    220   2.200000000  -0.678024428  -1.602849608
    221   2.210000000  -0.693494347  -1.490712671
    222   2.220000000  -0.707830557  -1.376138752
    223   2.230000000  -0.721009622  -1.259315152
    224   2.240000000  -0.733009997  -1.140432853
    225   2.250000000  -0.743812064  -1.019686200
    226   2.260000000  -0.753398164  -0.897272587
    227   2.270000000  -0.761752625  -0.773392134
    228   2.280000000  -0.768861791  -0.648247356
    229   2.290000000  -0.774714039  -0.522042839
    230   2.300000000  -0.779299803  -0.394984898
    231   2.310000000  -0.782611585  -0.267281245
    232   2.320000000  -0.784643971  -0.139140647
    233   2.330000000  -0.785393639  -0.010772584
    234   2.340000000  -0.784859364   0.117613089
    235   2.350000000  -0.783042018   0.245806491
    236   2.360000000  -0.779944574   0.373598054
    237   2.370000000  -0.775572093   0.500778868
    238   2.380000000  -0.769931726   0.627141019
    239   2.390000000  -0.763032691   0.752477935
    240   2.400000000  -0.754886268   0.876584717
    241   2.410000000  -0.745505774   0.999258479
    242   2.420000000  -0.734906544   1.120298675
    243   2.430000000  -0.723105906   1.239507433
    244   2.440000000  -0.710123151   1.356689872
    245   2.450000000  -0.695979502   1.471654426
    246   2.460000000  -0.680698083   1.584213152
    247   2.470000000  -0.664303873   1.694182043
    248   2.480000000  -0.646823675   1.801381324
    249   2.490000000  -0.628286064   1.905635748
    250   2.500000000  -0.608721346   2.006774882
    251   2.510000000  -0.588161504   2.104633386
    252   2.520000000  -0.566640148   2.199051284
    253   2.530000000  -0.544192463   2.289874223
    254   2.540000000  -0.520855144   2.376953728
    255   2.550000000  -0.496666342   2.460147443
    256   2.560000000  -0.471665603   2.539319365
    257   2.570000000  -0.445893794   2.614340066
    258   2.580000000  -0.419393049   2.685086903
    259   2.590000000  -0.392206690   2.751444222
    260   2.600000000  -0.364379160   2.813303542
    261   2.610000000  -0.335955952   2.870563738
    262   2.620000000  -0.306983530   2.923131202
    263   2.630000000  -0.277509259   2.970919997
    264   2.640000000  -0.247581322   3.013852001
    265   2.650000000  -0.217248644   3.051857028
    266   2.660000000  -0.186560814   3.084872949
    267   2.670000000  -0.155567998   3.112845790
    268   2.680000000  -0.124320863   3.135729822
    269   2.690000000  -0.092870491   3.153487634
    270   2.700000000  -0.061268297   3.166090197
    271   2.710000000  -0.029565942   3.173516907
    272   2.720000000   0.002184746   3.175755625
    273   2.730000000   0.033931862   3.172802690
    274   2.740000000   0.065623508   3.164662930
    275   2.750000000   0.097207874   3.151349650
    276   2.760000000   0.128633326   3.132884617
    277   2.770000000   0.159848492   3.109298015
    278   2.780000000   0.190802341   3.080628403
    279   2.790000000   0.221444270   3.046922651
    280   2.800000000   0.251724188   3.008235859
    281   2.810000000   0.281592593   2.964631272
    282   2.820000000   0.311000656   2.916180173
    283   2.830000000   0.339900303   2.862961770
    284   2.840000000   0.368244288   2.805063062
    285   2.850000000   0.395986276   2.742578701
    286   2.860000000   0.423080915   2.675610834
    287   2.870000000   0.449483911   2.604268941
    288   2.880000000   0.475152101   2.528669648
    289   2.890000000   0.500043523   2.448936543
    290   2.900000000   0.524117485   2.365199973
    291   2.910000000   0.547334632   2.277596828
    292   2.920000000   0.569657009   2.186270320
    293   2.930000000   0.591048123   2.091369747
    294   2.940000000   0.611473005   1.993050251
    295   2.950000000   0.630898266   1.891472561
    296   2.960000000   0.649292148   1.786802735
    297   2.970000000   0.666624582   1.679211885
    298   2.980000000   0.682867234   1.568875898
    299   2.990000000   0.697993550   1.455975148
    300   3.000000000   0.711978802   1.340694204
    301   3.010000000   0.724800127   1.223221523
    302   3.020000000   0.736436566   1.103749147
    303   3.030000000   0.746869095   0.982472388
    304   3.040000000   0.756080659   0.859589505
    305   3.050000000   0.764056200   0.735301384
    306   3.060000000   0.770782679   0.609811210
    307   3.070000000   0.776249101   0.483324131
    308   3.080000000   0.780446528   0.356046924
    309   3.090000000   0.783368099   0.228187660
    310   3.100000000   0.785009037   0.099955360
    311   3.110000000   0.785366661  -0.028440345
    312   3.120000000   0.784440385  -0.156789556
    313   3.130000000   0.782231724  -0.284882452
    314   3.140000000   0.778744289  -0.412509628
    315   3.150000000   0.773983780  -0.539462442
    316   3.160000000   0.767957980  -0.665533356
    317   3.170000000   0.760676740  -0.790516271
    318   3.180000000   0.752151963  -0.914206868
    319   3.190000000   0.742397585  -1.036402940
    320   3.200000000   0.731429552  -1.156904725
    321   3.210000000   0.719265796  -1.275515228
    322   3.220000000   0.705926199  -1.392040548
    323   3.230000000   0.691432571  -1.506290192
    324   3.240000000   0.675808605  -1.618077387
    325   3.250000000   0.659079842  -1.727219386
    326   3.260000000   0.641273630  -1.833537766
    327   3.270000000   0.622419079  -1.936858721
    328   3.280000000   0.602547012  -2.037013343
    329   3.290000000   0.581689914  -2.133837902
    330   3.300000000   0.559881883  -2.227174112
    331   3.310000000   0.537158570  -2.316869388
    332   3.320000000   0.513557122  -2.402777099
    333   3.330000000   0.489116123  -2.484756805
    334   3.340000000   0.463875528  -2.562674487
    335   3.350000000   0.437876600  -2.636402768
    336   3.360000000   0.411161841  -2.705821117
    337   3.370000000   0.383774924  -2.770816052
    338   3.380000000   0.355760621  -2.831281320
    339   3.390000000   0.327164728  -2.887118074
    340   3.400000000   0.298033994  -2.938235033
    341   3.410000000   0.268416041  -2.984548633
    342   3.420000000   0.238359287  -3.025983160
    343   3.430000000   0.207912869  -3.062470880
    344   3.440000000   0.177126560  -3.093952142
    345   3.450000000   0.146050689  -3.120375482
    346   3.460000000   0.114736057  -3.141697703
    347   3.470000000   0.083233857  -3.157883948
    348   3.480000000   0.051595588  -3.168907757
    349   3.490000000   0.019872972  -3.174751108
    350   3.500000000  -0.011882132  -3.175404448
    351   3.510000000  -0.043617811  -3.170866709
    352   3.520000000  -0.075282185  -3.161145310
    353   3.530000000  -0.106823489  -3.146256143
    354   3.540000000  -0.138190160  -3.126223548
    355   3.550000000  -0.169330922  -3.101080274
    356   3.560000000  -0.200194865  -3.070867425
    357   3.570000000  -0.230731534  -3.035634392
    358   3.580000000  -0.260891009  -2.995438773
    359   3.590000000  -0.290623984  -2.950346279
    360   3.600000000  -0.319881855  -2.900430627
    361   3.610000000  -0.348616790  -2.845773417
    362   3.620000000  -0.376781814  -2.786464001
    363   3.630000000  -0.404330883  -2.722599337
    364   3.640000000  -0.431218962  -2.654283831
    365   3.650000000  -0.457402094  -2.581629161
    366   3.660000000  -0.482837475  -2.504754104
    367   3.670000000  -0.507483525  -2.423784331
    368   3.680000000  -0.531299952  -2.338852212
    369   3.690000000  -0.554247823  -2.250096590
    370   3.700000000  -0.576289621  -2.157662561
    371   3.710000000  -0.597389315  -2.061701235
    372   3.720000000  -0.617512410  -1.962369487
    373   3.730000000  -0.636626009  -1.859829702
    374   3.740000000  -0.654698867  -1.754249510
    375   3.750000000  -0.671701439  -1.645801511
    376   3.760000000  -0.687605928  -1.534662993
    377   3.770000000  -0.702386335  -1.421015643
    378   3.780000000  -0.716018496  -1.305045249
    379   3.790000000  -0.728480127  -1.186941397
    380   3.800000000  -0.739750855  -1.066897161
    381   3.810000000  -0.749812256  -0.945108785
    382   3.820000000  -0.758647880  -0.821775367
    383   3.830000000  -0.766243284  -0.697098529
    384   3.840000000  -0.772586052  -0.571282091
    385   3.850000000  -0.777665813  -0.444531733
    386   3.860000000  -0.781474263  -0.317054666
    387   3.870000000  -0.784005178  -0.189059285
    388   3.880000000  -0.785254419  -0.060754833
    389   3.890000000  -0.785219943   0.067648938
    390   3.900000000  -0.783901809   0.195942119
    391   3.910000000  -0.781302169   0.323914978
    392   3.920000000  -0.777425274   0.451358309
    393   3.930000000  -0.772277463   0.578063769
    394   3.940000000  -0.765867149   0.703824223
    395   3.950000000  -0.758204814   0.828434082
    396   3.960000000  -0.749302983   0.951689635
    397   3.970000000  -0.739176208   1.073389389
    398   3.980000000  -0.727841045   1.193334389
    399   3.990000000  -0.715316024   1.311328554
    400   4.000000000  -0.701621620   1.427178989
    401   4.010000000  -0.686780222   1.540696304
    402   4.020000000  -0.670816091   1.651694924
    403   4.030000000  -0.653755325   1.759993391
    404   4.040000000  -0.635625815   1.865414661
    405   4.050000000  -0.616457199   1.967786393
    406   4.060000000  -0.596280812   2.066941234
    407   4.070000000  -0.575129639   2.162717086
    408   4.080000000  -0.553038257   2.254957377
    409   4.090000000  -0.530042781   2.343511316
    410   4.100000000  -0.506180803   2.428234135
    411   4.110000000  -0.481491332   2.508987333
    412   4.120000000  -0.456014730   2.585638896
    413   4.130000000  -0.429792645   2.658063516
    414   4.140000000  -0.402867946   2.726142793
    415   4.150000000  -0.375284647   2.789765435
    416   4.160000000  -0.347087841   2.848827432
    417   4.170000000  -0.318323625   2.903232231
    418   4.180000000  -0.289039019   2.952890892
    419   4.190000000  -0.259281900   2.997722235
    420   4.200000000  -0.229100912   3.037652969
    421   4.210000000  -0.198545396   3.072617818
    422   4.220000000  -0.167665302   3.102559622
    423   4.230000000  -0.136511112   3.127429431
    424   4.240000000  -0.105133758   3.147186591
    425   4.250000000  -0.073584533   3.161798802
    426   4.260000000  -0.041915013   3.171242176
    427   4.270000000  -0.010176972   3.175501276
    428   4.280000000   0.021577706   3.174569139
    429   4.290000000   0.053297109   3.168447289
    430   4.300000000   0.084929383   3.157145733
    431   4.310000000   0.116422817   3.140682948
    432   4.320000000   0.147725926   3.119085846
    433   4.330000000   0.178787535   3.092389734
    434   4.340000000   0.209556867   3.060638253
    435   4.350000000   0.239983620   3.023883311
    436   4.360000000   0.270018053   2.982184994
    437   4.370000000   0.299611067   2.935611468
    438   4.380000000   0.328714283   2.884238872
    439   4.390000000   0.357280125   2.828151188
    440   4.400000000   0.385261893   2.767440107
    441   4.410000000   0.412613845   2.702204879
    442   4.420000000   0.439291264   2.632552147
    443   4.430000000   0.465250540   2.558595779
    444   4.440000000   0.490449235   2.480456678
    445   4.450000000   0.514846155   2.398262582
    446   4.460000000   0.538401416   2.312147861
    447   4.470000000   0.561076511   2.222253294
    448   4.480000000   0.582834371   2.128725838
    449   4.490000000   0.603639426   2.031718390
    450   4.500000000   0.623457666   1.931389535
    451   4.510000000   0.642256691   1.827903288
    452   4.520000000   0.660005769   1.721428826
    453   4.530000000   0.676675886   1.612140212
    454   4.540000000   0.692239787   1.500216109
    455   4.550000000   0.706672032   1.385839486
    456   4.560000000   0.719949024   1.269197324
    457   4.570000000   0.732049061   1.150480307
    458   4.580000000   0.742952360   1.029882512
    459   4.590000000   0.752641098   0.907601088
    460   4.600000000   0.761099436   0.783835939
    461   4.610000000   0.768313545   0.658789392
    462   4.620000000   0.774271633   0.532665872
    463   4.630000000   0.778963959   0.405671562
    464   4.640000000   0.782382853   0.278014069
    465   4.650000000   0.784522726   0.149902085
    466   4.660000000   0.785380078   0.021545044
    467   4.670000000   0.784953509  -0.106847217
    468   4.680000000   0.783243716  -0.235064808
    469   4.690000000   0.780253494  -0.362898120
    470   4.700000000   0.775987731  -0.490138174
    471   4.710000000   0.770453402  -0.616576961
    472   4.720000000   0.763659552  -0.742007783
    473   4.730000000   0.755617290  -0.866225587
    474   4.740000000   0.746339761  -0.989027305
    475   4.750000000   0.735842134  -1.110212185
    476   4.760000000   0.724141568  -1.229582114
    477   4.770000000   0.711257193  -1.346941951
    478   4.780000000   0.697210070  -1.462099838
    479   4.790000000   0.682023164  -1.574867517
    480   4.800000000   0.665721303  -1.685060639
    481   4.810000000   0.648331135  -1.792499062
    482   4.820000000   0.629881091  -1.897007149
    483   4.830000000   0.610401331  -1.998414052
    484   4.840000000   0.589923701  -2.096553993
    485   4.850000000   0.568481677  -2.191266535
    486   4.860000000   0.546110313  -2.282396845
    487   4.870000000   0.522846179  -2.369795945
    488   4.880000000   0.498727309  -2.453320956
    489   4.890000000   0.473793131  -2.532835334
    490   4.900000000   0.448084406  -2.608209091
    491   4.910000000   0.421643164  -2.679319007
    492   4.920000000   0.394512628  -2.746048834
    493   4.930000000   0.366737153  -2.808289483
    494   4.940000000   0.338362144  -2.865939204
    495   4.950000000   0.309433988  -2.918903753
    496   4.960000000   0.279999977  -2.967096545
    497   4.970000000   0.250108228  -3.010438795
    498   4.980000000   0.219807608  -3.048859649
    499   4.990000000   0.189147651  -3.082296296
    500   5.000000000   0.158178480  -3.110694076
    501   5.010000000   0.126950723  -3.134006564
    502   5.020000000   0.095515429  -3.152195650
    503   5.030000000   0.063923989  -3.165231598
    504   5.040000000   0.032228048  -3.173093098
    505   5.050000000   0.000479421  -3.175767298
    506   5.060000000  -0.031269990  -3.173249826
    507   5.070000000  -0.062968281  -3.165544797
    508   5.080000000  -0.094563634  -3.152664809
    509   5.090000000  -0.126004396  -3.134630915
    510   5.100000000  -0.157239168  -3.111472599
    511   5.110000000  -0.188216890  -3.083227718
    512   5.120000000  -0.218886919  -3.049942447
    513   5.130000000  -0.249199117  -3.011671200
    514   5.140000000  -0.279103929  -2.968476541
    515   5.150000000  -0.308552469  -2.920429085
    516   5.160000000  -0.337496595  -2.867607378
    517   5.170000000  -0.365888989  -2.810097772
    518   5.180000000  -0.393683235  -2.747994282
    519   5.190000000  -0.420833898  -2.681398434
    520   5.200000000  -0.447296590  -2.610419097
    521   5.210000000  -0.473028053  -2.535172306
    522   5.220000000  -0.497986220  -2.455781074
    523   5.230000000  -0.522130290  -2.372375187
    524   5.240000000  -0.545420794  -2.285090994
    525   5.250000000  -0.567819656  -2.194071188
    526   5.260000000  -0.589290260  -2.099464564
    527   5.270000000  -0.609797505  -2.001425783
    528   5.280000000  -0.629307868  -1.900115117
    529   5.290000000  -0.647789452  -1.795698186
    530   5.300000000  -0.665212045  -1.688345689
    531   5.310000000  -0.681547164  -1.578233123
    532   5.320000000  -0.696768106  -1.465540497
    533   5.330000000  -0.710849987  -1.350452039
    534   5.340000000  -0.723769787  -1.233155893
    535   5.350000000  -0.735506384  -1.113843812
    536   5.360000000  -0.746040592  -0.992710845
    537   5.370000000  -0.755355191  -0.869955016
    538   5.380000000  -0.763434952  -0.745777005
    539   5.390000000  -0.770266666  -0.620379815
    540   5.400000000  -0.775839167  -0.493968442
    541   5.410000000  -0.780143343  -0.366749540
    542   5.420000000  -0.783172159  -0.238931085
    543   5.430000000  -0.784920662  -0.110722031
    544   5.440000000  -0.785385996   0.017668029
    545   5.450000000  -0.784567398   0.146029206
    546   5.460000000  -0.782466207   0.274151658
    547   5.470000000  -0.779085859   0.401825932
    548   5.480000000  -0.774431879   0.528843311
    549   5.490000000  -0.768511875   0.654996149
    550   5.500000000  -0.761335525   0.780078214
    551   5.510000000  -0.752914562   0.903885025
    552   5.520000000  -0.743262751   1.026214185
    553   5.530000000  -0.732395871   1.146865714
    554   5.540000000  -0.720331687   1.265642373
    555   5.550000000  -0.707089921   1.382349989
    556   5.560000000  -0.692692221   1.496797770
    557   5.570000000  -0.677162123   1.608798621
    558   5.580000000  -0.660525017   1.718169444
    559   5.590000000  -0.642808099   1.824731444
    560   5.600000000  -0.624040333   1.928310414
    561   5.610000000  -0.604252400   2.028737026
    562   5.620000000  -0.583476649   2.125847105
    563   5.630000000  -0.561747043   2.219481897
    564   5.640000000  -0.539099107   2.309488332
    565   5.650000000  -0.515569863   2.395719267
    566   5.660000000  -0.491197778   2.478033736
    567   5.670000000  -0.466022694   2.556297171
    568   5.680000000  -0.440085766   2.630381630
    569   5.690000000  -0.413429397   2.700166002
    570   5.700000000  -0.386097162   2.765536203
    571   5.710000000  -0.358133745   2.826385370
    572   5.720000000  -0.329584859   2.882614025
    573   5.730000000  -0.300497175   2.934130250
    574   5.740000000  -0.270918245   2.980849825
    575   5.750000000  -0.240896424   3.022696375
    576   5.760000000  -0.210480791   3.059601490
    577   5.770000000  -0.179721069   3.091504838
    578   5.780000000  -0.148667543   3.118354264
    579   5.790000000  -0.117370978   3.140105877
    580   5.800000000  -0.085882539   3.156724115
    581   5.810000000  -0.054253700   3.168181814
    582   5.820000000  -0.022536169   3.174460241
    583   5.830000000   0.009218204   3.175549133
    584   5.840000000   0.040957507   3.171446709
    585   5.850000000   0.072629853   3.162159677
    586   5.860000000   0.104183467   3.147703219
    587   5.870000000   0.135566763   3.128100967
    588   5.880000000   0.166728438   3.103384967
    589   5.890000000   0.197617549   3.073595625
    590   5.900000000   0.228183599   3.038781638
    591   5.910000000   0.258376620   2.998999920
    592   5.920000000   0.288147253   2.954315506
    593   5.930000000   0.317446829   2.904801445
    594   5.940000000   0.346227451   2.850538680
    595   5.950000000   0.374442067   2.791615920
    596   5.960000000   0.402044555   2.728129489
    597   5.970000000   0.428989789   2.660183175
    598   5.980000000   0.455233720   2.587888054
    599   5.990000000   0.480733446   2.511362313
    600   6.000000000   0.505447280   2.430731054
    601   6.010000000   0.529334820   2.346126092
    602   6.020000000   0.552357015   2.257685736
    603   6.030000000   0.574476230   2.165554567
    604   6.040000000   0.595656304   2.069883199
    605   6.050000000   0.615862613   1.970828033
    606   6.060000000   0.635062124   1.868551002
    607   6.070000000   0.653223449   1.763219307
    608   6.080000000   0.670316900   1.655005141
    609   6.090000000   0.686314532   1.544085411
    610   6.100000000   0.701190193   1.430641445
    611   6.110000000   0.714919564   1.314858699
    612   6.120000000   0.727480201   1.196926452
    613   6.130000000   0.738851570   1.077037497
    614   6.140000000   0.749015081   0.955387826
    615   6.150000000   0.757954119   0.832176308
    616   6.160000000   0.765654072   0.707604368
    617   6.170000000   0.772102350   0.581875652
    618   6.180000000   0.777288414   0.455195700
    619   6.190000000   0.781203783   0.327771603
    620   6.200000000   0.783842059   0.199811673
    621   6.210000000   0.785198928   0.071525096
    622   6.220000000   0.785272171  -0.056878409
    623   6.230000000   0.784061670  -0.185188930
    624   6.240000000   0.781569402  -0.313196709
    625   6.250000000   0.777799442  -0.440692481
    626   6.260000000   0.772757954  -0.567467819
    627   6.270000000   0.766453179  -0.693315473
    628   6.280000000   0.758895423  -0.818029712
    629   6.290000000   0.750097043  -0.941406654
    630   6.300000000   0.740072421  -1.063244605
    631   6.310000000   0.728837945  -1.183344389
    632   6.320000000   0.716411982  -1.301509668
    633   6.330000000   0.702814845  -1.417547269
    634   6.340000000   0.688068762  -1.531267497
    635   6.350000000   0.672197840  -1.642484443
    636   6.360000000   0.655228025  -1.751016292
    637   6.370000000   0.637187058  -1.856685621
    638   6.380000000   0.618104431  -1.959319682
    639   6.390000000   0.598011342  -2.058750692
    640   6.400000000   0.576940638  -2.154816103
    641   6.410000000   0.554926764  -2.247358871
    642   6.420000000   0.532005708  -2.336227707
    643   6.430000000   0.508214942  -2.421277332
    644   6.440000000   0.483593358  -2.502368707
    645   6.450000000   0.458181206  -2.579369268
    646   6.460000000   0.432020030  -2.652153134
    647   6.470000000   0.405152597  -2.720601321
    648   6.480000000   0.377622831  -2.784601931
    649   6.490000000   0.349475735  -2.844050337
    650   6.500000000   0.320757324  -2.898849355
    651   6.510000000   0.291514546  -2.948909400
    652   6.520000000   0.261795208  -2.994148636
    653   6.530000000   0.231647892  -3.034493105
    654   6.540000000   0.201121883  -3.069876854
    655   6.550000000   0.170267086  -3.100242039
    656   6.560000000   0.139133939  -3.125539019
    657   6.570000000   0.107773339  -3.145726439
    658   6.580000000   0.076236554  -3.160771297
    659   6.590000000   0.044575140  -3.170648999
    660   6.600000000   0.012840854  -3.175343396
    661   6.610000000  -0.018914423  -3.174846814
    662   6.620000000  -0.050638779  -3.169160065
    663   6.630000000  -0.082280352  -3.158292445
    664   6.640000000  -0.113787415  -3.142261721
    665   6.650000000  -0.145108461  -3.121094100
    666   6.660000000  -0.176192287  -3.094824185
    667   6.670000000  -0.206988078  -3.063494922
    668   6.680000000  -0.237445490  -3.027157527
    669   6.690000000  -0.267514731  -2.985871405
    670   6.700000000  -0.297146645  -2.939704048
    671   6.710000000  -0.326292790  -2.888730930
    672   6.720000000  -0.354905520  -2.833035380
    673   6.730000000  -0.382938058  -2.772708449
    674   6.740000000  -0.410344577  -2.707848758
    675   6.750000000  -0.437080275  -2.638562337
    676   6.760000000  -0.463101444  -2.564962455
    677   6.770000000  -0.488365545  -2.487169430
    678   6.780000000  -0.512831277  -2.405310438
    679   6.790000000  -0.536458645  -2.319519300
    680   6.800000000  -0.559209022  -2.229936264
    681   6.810000000  -0.581045217  -2.136707779
    682   6.820000000  -0.601931532  -2.039986253
    683   6.830000000  -0.621833824  -1.939929804
    684   6.840000000  -0.640719556  -1.836702003
    685   6.850000000  -0.658557854  -1.730471602
    686   6.860000000  -0.675319557  -1.621412267
    687   6.870000000  -0.690977263  -1.509702283
    688   6.880000000  -0.705505375  -1.395524273
    689   6.890000000  -0.718880142  -1.279064892
    690   6.900000000  -0.731079702  -1.160514524
    691   6.910000000  -0.742084108  -1.040066974
    692   6.920000000  -0.751875373  -0.917919146
    693   6.930000000  -0.760437488  -0.794270725
    694   6.940000000  -0.767756458  -0.669323848
    695   6.950000000  -0.773820317  -0.543282776
    696   6.960000000  -0.778619153  -0.416353557
    697   6.970000000  -0.782145119  -0.288743693
    698   6.980000000  -0.784392453  -0.160661798
    699   6.990000000  -0.785357480  -0.032317256
    700   7.000000000  -0.785038622   0.096080117
    701   7.010000000  -0.783436401   0.224320420
    702   7.020000000  -0.780553436   0.352194010
    703   7.030000000  -0.776394440   0.479491840
    704   7.040000000  -0.770966212   0.606005809
    705   7.050000000  -0.764277627   0.731529093
    706   7.060000000  -0.756339617   0.855856490
    707   7.070000000  -0.747165161   0.978784752
    708   7.080000000  -0.736769257   1.100112920
    709   7.090000000  -0.725168898   1.219642647
    710   7.100000000  -0.712383051   1.337178531
    711   7.110000000  -0.698432615   1.452528426
    712   7.120000000  -0.683340398   1.565503761
    713   7.130000000  -0.667131072   1.675919846
    714   7.140000000  -0.649831135   1.783596175
    715   7.150000000  -0.631468869   1.888356722
    716   7.160000000  -0.612074292   1.990030227
    717   7.170000000  -0.591679110   2.088450475
    718   7.180000000  -0.570316665   2.183456572
    719   7.190000000  -0.548021879   2.274893205
    720   7.200000000  -0.524831199   2.362610894
    721   7.210000000  -0.500782537   2.446466240
    722   7.220000000  -0.475915207   2.526322160
    723   7.230000000  -0.450269862   2.602048105
    724   7.240000000  -0.423888426   2.673520282
    725   7.250000000  -0.396814027   2.740621849
    726   7.260000000  -0.369090926   2.803243110
    727   7.270000000  -0.340764443   2.861281693
    728   7.280000000  -0.311880886   2.914642718
    729   7.290000000  -0.282487473   2.963238951
    730   7.300000000  -0.252632256   3.006990949
    731   7.310000000  -0.222364042   3.045827187
    732   7.320000000  -0.191732312   3.079684177
    733   7.330000000  -0.160787143   3.108506569
    734   7.340000000  -0.129579122   3.132247245
    735   7.350000000  -0.098159269   3.150867395
    736   7.360000000  -0.066578947   3.164336579
    737   7.370000000  -0.034889783   3.172632778
    738   7.380000000  -0.003143582   3.175742429
    739   7.390000000   0.028607758   3.173660449
    740   7.400000000   0.060312331   3.166390241
    741   7.410000000   0.091918306   3.153943691
    742   7.420000000   0.123374015   3.136341145
    743   7.430000000   0.154628036   3.113611381
    744   7.440000000   0.185629274   3.085791556
    745   7.450000000   0.216327049   3.052927149
    746   7.460000000   0.246671178   3.015071887
    747   7.470000000   0.276612055   2.972287654
    748   7.480000000   0.306100732   2.924644393
    749   7.490000000   0.335089003   2.872219990
    750   7.500000000   0.363529479   2.815100147
    751   7.510000000   0.391375664   2.753378244
    752   7.520000000   0.418582038   2.687155180
    753   7.530000000   0.445104123   2.616539216
    754   7.540000000   0.470898562   2.541645794
    755   7.550000000   0.495923187   2.462597347
    756   7.560000000   0.520137087   2.379523102
    757   7.570000000   0.543500680   2.292558867
    758   7.580000000   0.565975770   2.201846809
    759   7.590000000   0.587525616   2.107535223
    760   7.600000000   0.608114989   2.009778286
    761   7.610000000   0.627710229   1.908735809
    762   7.620000000   0.646279302   1.804572974
    763   7.630000000   0.663791853   1.697460065
    764   7.640000000   0.680219252   1.587572187
    765   7.650000000   0.695534645   1.475088982
    766   7.660000000   0.709712993   1.360194336
    767   7.670000000   0.722731118   1.243076074
    768   7.680000000   0.734567739   1.123925661
    769   7.690000000   0.745203506   1.002937879
    770   7.700000000   0.754621031   0.880310517
    771   7.710000000   0.762804919   0.756244044
    772   7.720000000   0.769741790   0.630941281
    773   7.730000000   0.775420306   0.504607069
    774   7.740000000   0.779831181   0.377447936
    775   7.750000000   0.782967207   0.249671761
    776   7.760000000   0.784823256   0.121487428
    777   7.770000000   0.785396293  -0.006895510
    778   7.780000000   0.784685383  -0.135267175
    779   7.790000000   0.782691687  -0.263417709
    780   7.800000000   0.779418465  -0.391137613
    781   7.810000000   0.774871067  -0.518218095
    782   7.820000000   0.769056927  -0.644451405
    783   7.830000000   0.761985551  -0.769631181
    784   7.840000000   0.753668498  -0.893552782
    785   7.850000000   0.744119365  -1.016013622
    786   7.860000000   0.733353763  -1.136813507
    787   7.870000000   0.721389290  -1.255754955
    788   7.880000000   0.708245507  -1.372643524
    789   7.890000000   0.693943901  -1.487288126
    790   7.900000000   0.678507850  -1.599501344
    791   7.910000000   0.661962591  -1.709099733
    792   7.920000000   0.644335170  -1.815904125
    793   7.930000000   0.625654405  -1.919739919
    794   7.940000000   0.605950834  -2.020437365
    795   7.950000000   0.585256669  -2.117831847
    796   7.960000000   0.563605740  -2.211764145
    797   7.970000000   0.541033440  -2.302080702
    798   7.980000000   0.517576672  -2.388633870
    799   7.990000000   0.493273781  -2.471282153
    800   8.000000000   0.468164497  -2.549890442
    801   8.010000000   0.442289869  -2.624330227
    802   8.020000000   0.415692195  -2.694479817
    803   8.030000000   0.388414958  -2.760224533
    804   8.040000000   0.360502748  -2.821456897
    805   8.050000000   0.332001197  -2.878076808
    806   8.060000000   0.302956897  -2.929991705
    807   8.070000000   0.273417331  -2.977116718
    808   8.080000000   0.243430788  -3.019374808
    809   8.090000000   0.213046290  -3.056696894
    810   8.100000000   0.182313509  -3.089021961
    811   8.110000000   0.151282686  -3.116297166
    812   8.120000000   0.120004550  -3.138477919
    813   8.130000000   0.088530233  -3.155527960
    814   8.140000000   0.056911188  -3.167419416
    815   8.150000000   0.025199107  -3.174132847
    816   8.160000000  -0.006554170  -3.175657278
    817   8.170000000  -0.038296732  -3.171990217
    818   8.180000000  -0.069976687  -3.163137659
    819   8.190000000  -0.101542246  -3.149114076
    820   8.200000000  -0.132941806  -3.129942393
    821   8.210000000  -0.164124035  -3.105653952
    822   8.220000000  -0.195037959  -3.076288458
    823   8.230000000  -0.225633039  -3.041893918
    824   8.240000000  -0.255859259  -3.002526560
    825   8.250000000  -0.285667206  -2.958250739
    826   8.260000000  -0.315008151  -2.909138838
    827   8.270000000  -0.343834128  -2.855271143
    828   8.280000000  -0.372098013  -2.796735716
    829   8.290000000  -0.399753600  -2.733628250
    830   8.300000000  -0.426755679  -2.666051910
    831   8.310000000  -0.453060108  -2.594117169
    832   8.320000000  -0.478623885  -2.517941625
    833   8.330000000  -0.503405218  -2.437649808
    834   8.340000000  -0.527363596  -2.353372976
    835   8.350000000  -0.550459852  -2.265248904
    836   8.360000000  -0.572656228  -2.173421655
    837   8.370000000  -0.593916440  -2.078041345
    838   8.380000000  -0.614205730  -1.979263901
    839   8.390000000  -0.633490931  -1.877250802
    840   8.400000000  -0.651740515  -1.772168816
    841   8.410000000  -0.668924649  -1.664189728
    842   8.420000000  -0.685015239  -1.553490062
    843   8.430000000  -0.699985983  -1.440250785
    844   8.440000000  -0.713812406  -1.324657019
    845   8.450000000  -0.726471904  -1.206897734
    846   8.460000000  -0.737943783  -1.087165440
    847   8.470000000  -0.748209288  -0.965655873
    848   8.480000000  -0.757251637  -0.842567674
    849   8.490000000  -0.765056049  -0.718102065
    850   8.500000000  -0.771609765  -0.592462518
    851   8.510000000  -0.776902071  -0.465854428
    852   8.520000000  -0.780924315  -0.338484769
    853   8.530000000  -0.783669921  -0.210561763
    854   8.540000000  -0.785134402  -0.082294536
    855   8.550000000  -0.785315363   0.046107225
    856   8.560000000  -0.784212509   0.174433611
    857   8.570000000  -0.781827642   0.302474836
    858   8.580000000  -0.778164661   0.430021583
    859   8.590000000  -0.773229554   0.556865340
    860   8.600000000  -0.767030389   0.682798746
    861   8.610000000  -0.759577300   0.807615929
    862   8.620000000  -0.750882472   0.931112839
    863   8.630000000  -0.740960118   1.053087588
    864   8.640000000  -0.729826459   1.173340773
    865   8.650000000  -0.717499697   1.291675807
    866   8.660000000  -0.703999983   1.407899239
    867   8.670000000  -0.689349385   1.521821070
    868   8.680000000  -0.673571855   1.633255062
    869   8.690000000  -0.656693185   1.742019046
    870   8.700000000  -0.638740968   1.847935217
    871   8.710000000  -0.619744552   1.950830426
    872   8.720000000  -0.599734992   2.050536461
    873   8.730000000  -0.578744998   2.146890327
    874   8.740000000  -0.556808886   2.239734505
    875   8.750000000  -0.533962515   2.328917217
    876   8.760000000  -0.510243234   2.414292667
    877   8.770000000  -0.485689819   2.495721287
    878   8.780000000  -0.460342410   2.573069959
    879   8.790000000  -0.434242443   2.646212235
    880   8.800000000  -0.407432587   2.715028544
    881   8.810000000  -0.379956669   2.779406386
    882   8.820000000  -0.351859607   2.839240517
    883   8.830000000  -0.323187333   2.894433124
    884   8.840000000  -0.293986719   2.944893977
    885   8.850000000  -0.264305503   2.990540584
    886   8.860000000  -0.234192206   3.031298324
    887   8.870000000  -0.203696057   3.067100567
    888   8.880000000  -0.172866910   3.097888784
    889   8.890000000  -0.141755165   3.123612643
    890   8.900000000  -0.110411681   3.144230091
    891   8.910000000  -0.078887699   3.159707424
    892   8.920000000  -0.047234753   3.170019339
    893   8.930000000  -0.015504589   3.175148979
    894   8.940000000   0.016250922   3.175087958
    895   8.950000000   0.047979866   3.169836375
    896   8.960000000   0.079630374   3.159402816
    897   8.970000000   0.111150704   3.143804338
    898   8.980000000   0.142489327   3.123066440
    899   8.990000000   0.173595012   3.097223025
    900   9.000000000   0.204416908   3.066316340
    901   9.010000000   0.234904627   3.030396911
    902   9.020000000   0.265008330   2.989523458
    903   9.030000000   0.294678804   2.943762801
    904   9.040000000   0.323867543   2.893189748
    905   9.050000000   0.352526831   2.837886974
    906   9.060000000   0.380609816   2.777944887
    907   9.070000000   0.408070589   2.713461479
    908   9.080000000   0.434864257   2.644542166
    909   9.090000000   0.460947019   2.571299616
    910   9.100000000   0.486276236   2.493853565
    911   9.110000000   0.510810499   2.412330618
    912   9.120000000   0.534509701   2.326864048
    913   9.130000000   0.557335098   2.237593575
    914   9.140000000   0.579249377   2.144665134
    915   9.150000000   0.600216713   2.048230644
    916   9.160000000   0.620202827   1.948447753
    917   9.170000000   0.639175049   1.845479584
    918   9.180000000   0.657102361   1.739494467
    919   9.190000000   0.673955458   1.630665664
    920   9.200000000   0.689706787   1.519171087
    921   9.210000000   0.704330600   1.405193003
    922   9.220000000   0.717802989   1.288917741
    923   9.230000000   0.730101930   1.170535387
    924   9.240000000   0.741207317   1.050239468
    925   9.250000000   0.751100995   0.928226641
    926   9.260000000   0.759766791   0.804696371
    927   9.270000000   0.767190537   0.679850601
    928   9.280000000   0.773360098   0.553893428
    929   9.290000000   0.778265387   0.427030762
    930   9.300000000   0.781898386   0.299469995
    931   9.310000000   0.784253155   0.171419662
    932   9.320000000   0.785325845   0.043089097
    933   9.330000000   0.785114702  -0.085311910
    934   9.340000000   0.783620071  -0.213573451
    935   9.350000000   0.780844397  -0.341485847
    936   9.360000000   0.776792216  -0.468839990
    937   9.370000000   0.771470152  -0.595427684
    938   9.380000000   0.764886907  -0.721041986
    939   9.390000000   0.757053242  -0.845477545
    940   9.400000000   0.747981964  -0.968530937
    941   9.410000000   0.737687902  -1.090000996
    942   9.420000000   0.726187884  -1.209689147
    943   9.430000000   0.713500712  -1.327399726
    944   9.440000000   0.699647124  -1.442940301
    945   9.450000000   0.684649769  -1.556121991
    946   9.460000000   0.668533165  -1.666759769
    947   9.470000000   0.651323658  -1.774672765
    948   9.480000000   0.633049382  -1.879684567
    949   9.490000000   0.613740211  -1.981623503
    950   9.500000000   0.593427711  -2.080322927
    951   9.510000000   0.572145090  -2.175621486
    952   9.520000000   0.549927139  -2.267363389
    953   9.530000000   0.526810179  -2.355398657
    954   9.540000000   0.502832003  -2.439583374
    955   9.550000000   0.478031808  -2.519779916
    956   9.560000000   0.452450137  -2.595857179
    957   9.570000000   0.426128811  -2.667690794
    958   9.580000000   0.399110860  -2.735163329
    959   9.590000000   0.371440451  -2.798164481
    960   9.600000000   0.343162820  -2.856591258
    961   9.610000000   0.314324195  -2.910348145
    962   9.620000000   0.284971719  -2.959347261
    963   9.630000000   0.255153378  -3.003508504
    964   9.640000000   0.224917918  -3.042759679
    965   9.650000000   0.194314767  -3.077036621
    966   9.660000000   0.163393955  -3.106283293
    967   9.670000000   0.132206031  -3.130451884
    968   9.680000000   0.100801979  -3.149502884
    969   9.690000000   0.069233138  -3.163405149
    970   9.700000000   0.037551116  -3.172135951
    971   9.710000000   0.005807707  -3.175681018
    972   9.720000000  -0.025945197  -3.174034554
    973   9.730000000  -0.057655686  -3.167199250
    974   9.740000000  -0.089271921  -3.155186282
    975   9.750000000  -0.120742216  -3.138015287
    976   9.760000000  -0.152015124  -3.115714336
    977   9.770000000  -0.183039522  -3.088319887
    978   9.780000000  -0.213764690  -3.055876722
    979   9.790000000  -0.244140402  -3.018437881
    980   9.800000000  -0.274116998  -2.976064566
    981   9.810000000  -0.303645473  -2.928826048
    982   9.820000000  -0.332677556  -2.876799553
    983   9.830000000  -0.361165786  -2.820070131
    984   9.840000000  -0.389063590  -2.758730523
    985   9.850000000  -0.416325361  -2.692881006
    986   9.860000000  -0.442906534  -2.622629228
    987   9.870000000  -0.468763652  -2.548090035
    988   9.880000000  -0.493854447  -2.469385284
    989   9.890000000  -0.518137900  -2.386643637
    990   9.900000000  -0.541574313  -2.300000360
    991   9.910000000  -0.564125372  -2.209597095
    992   9.920000000  -0.585754212  -2.115581631
    993   9.930000000  -0.606425475  -2.018107663
    994   9.940000000  -0.626105367  -1.917334538
    995   9.950000000  -0.644761716  -1.813426998
    996   9.960000000  -0.662364023  -1.706554910
    997   9.970000000  -0.678883513  -1.596892984
    998   9.980000000  -0.694293180  -1.484620494
    999   9.990000000  -0.708567832  -1.369920981
   1000  10.000000000  -0.721684134  -1.252981952
