Giai phuong trinh f(x) = 0 bang bisection
######################################################################
  i             a             b                 c                f(c)
  0      0.000000      5.000000      0.0000000000   -1.5403023059e+00
  1      0.000000      2.500000      2.5000000000    1.0908901576e+01
  2      0.000000      1.250000      1.2500000000    1.4099763524e+00
  3      0.625000      1.250000      0.6250000000   -1.1230870272e+00
  4      0.937500      1.250000      0.9375000000   -2.9705341209e-01
  5      0.937500      1.093750      1.0937500000    4.3295923585e-01
  6      0.937500      1.015625      1.0156250000    3.7002874647e-02
  7      0.976562      1.015625      0.9765625000   -1.3754438702e-01
  8      0.996094      1.015625      0.9960937500   -5.2185072074e-02
  9      1.005859      1.015625      1.0058593750   -8.0734403039e-03
 10      1.005859      1.010742      1.0107421875    1.4343700014e-02
 11      1.005859      1.008301      1.0083007812    3.1049277348e-03
 12      1.007080      1.008301      1.0070800781   -2.4918001334e-03
 13      1.007080      1.007690      1.0076904297    3.0467699626e-04
 14      1.007385      1.007690      1.0073852539   -1.0940331648e-03
 15      1.007538      1.007690      1.0075378418   -3.9479599649e-04
 16      1.007614      1.007690      1.0076141357   -4.5088979805e-05
 17      1.007614      1.007652      1.0076522827    1.2978663810e-04
 18      1.007614      1.007633      1.0076332092    4.2346986641e-05
 19      1.007624      1.007633      1.0076236725   -1.3714572054e-06
 20      1.007624      1.007628      1.0076284409    2.0487649562e-05
 21      1.007624      1.007626      1.0076260567    9.5580673892e-06
 22      1.007624      1.007625      1.0076248646    4.0932978951e-06
 23      1.007624      1.007624      1.0076242685    1.3609185456e-06
 24      1.007624      1.007624      1.0076239705   -5.2697797237e-09
 25      1.007624      1.007624      1.0076241195    6.7782427049e-07
 26      1.007624      1.007624      1.0076240450    3.3627721729e-07
 27      1.007624      1.007624      1.0076240078    1.6550371196e-07
 28      1.007624      1.007624      1.0076239891    8.0116964063e-08
 29      1.007624      1.007624      1.0076239798    3.7423591892e-08
 30      1.007624      1.007624      1.0076239752    1.6076905585e-08
 31      1.007624      1.007624      1.0076239728    5.4035632635e-09
 32      1.007624      1.007624      1.0076239717    6.6891381323e-11
