# Giai he phuong trinh vi phan bang RK4
############################################################
     i            t        theta            v
     0  0.000000000  0.523598776  0.000000000
     1  0.010000000  0.522782301 -0.163256308
     2  0.020000000  0.520335190 -0.326050544
     3  0.030000000  0.516264371 -0.487920648
     4  0.040000000  0.510581398 -0.648404624
     5  0.050000000  0.503302439 -0.807040655
     6  0.060000000  0.494448283 -0.963367337
     7  0.070000000  0.484044327 -1.116924039
     8  0.080000000  0.472120568 -1.267251444
     9  0.090000000  0.458711588 -1.413892264
    10  0.100000000  0.443856528 -1.556392176
    11  0.110000000  0.427599051 -1.694300979
    12  0.120000000  0.409987297 -1.827173982
    13  0.130000000  0.391073819 -1.954573618
    14  0.140000000  0.370915502 -2.076071293
    15  0.150000000  0.349573463 -2.191249432
    16  0.160000000  0.327112931 -2.299703723
    17  0.170000000  0.303603102 -2.401045515
    18  0.180000000  0.279116970 -2.494904339
    19  0.190000000  0.253731131 -2.580930509
    20  0.200000000  0.227525563 -2.658797749
    21  0.210000000  0.200583381 -2.728205810
    22  0.220000000  0.172990558 -2.788882999
    23  0.230000000  0.144835635 -2.840588583
    24  0.240000000  0.116209393 -2.883115002
    25  0.250000000  0.087204516 -2.916289843
    26  0.260000000  0.057915229 -2.939977524
    27  0.270000000  0.028436923 -2.954080651
    28  0.280000000 -0.001134231 -2.958541002
    29  0.290000000 -0.030701683 -2.953340129
    30  0.300000000 -0.060168892 -2.938499543
    31  0.310000000 -0.089439735 -2.914080493
    32  0.320000000 -0.118418898 -2.880183343
    33  0.330000000 -0.147012261 -2.836946550
    34  0.340000000 -0.175127272 -2.784545286
    35  0.350000000 -0.202673310 -2.723189728
    36  0.360000000 -0.229562021 -2.653123063
    37  0.370000000 -0.255707640 -2.574619262
    38  0.380000000 -0.281027283 -2.487980661
    39  0.390000000 -0.305441224 -2.393535421
    40  0.400000000 -0.328873135 -2.291634918
    41  0.410000000 -0.351250306 -2.182651104
    42  0.420000000 -0.372503840 -2.066973920
    43  0.430000000 -0.392568820 -1.945008778
    44  0.440000000 -0.411384447 -1.817174173
    45  0.450000000 -0.428894166 -1.683899461
    46  0.460000000 -0.445045760 -1.545622815
    47  0.470000000 -0.459791430 -1.402789403
    48  0.480000000 -0.473087858 -1.255849789
    49  0.490000000 -0.484896252 -1.105258561
    50  0.500000000 -0.495182381 -0.951473191
    51  0.510000000 -0.503916599 -0.794953124
    52  0.520000000 -0.511073862 -0.636159063
    53  0.530000000 -0.516633737 -0.475552457
    54  0.540000000 -0.520580408 -0.313595140
    55  0.550000000 -0.522902677 -0.150749120
    56  0.560000000 -0.523593968  0.012523542
    57  0.570000000 -0.522652324  0.175760775
    58  0.580000000 -0.520080411  0.338500507
    59  0.590000000 -0.515885513  0.500280681
    60  0.600000000 -0.510079536  0.660639307
    61  0.610000000 -0.502679005  0.819114593
    62  0.620000000 -0.493705061  0.975245177
    63  0.630000000 -0.483183453  1.128570510
    64  0.640000000 -0.471144533  1.278631400
    65  0.650000000 -0.457623232  1.424970751
    66  0.660000000 -0.442659039  1.567134513
    67  0.670000000 -0.426295963  1.704672856
    68  0.680000000 -0.408582484  1.837141574
    69  0.690000000 -0.389571490  1.964103721
    70  0.700000000 -0.369320194  2.085131471
    71  0.710000000 -0.347890035  2.199808185
    72  0.720000000 -0.325346550  2.307730667
    73  0.730000000 -0.301759232  2.408511567
    74  0.740000000 -0.277201360  2.501781918
    75  0.750000000 -0.251749796  2.587193735
    76  0.760000000 -0.225484768  2.664422648
    77  0.770000000 -0.198489621  2.733170507
    78  0.780000000 -0.170850535  2.793167911
    79  0.790000000 -0.142656233  2.844176595
    80  0.800000000 -0.113997657  2.885991625
    81  0.810000000 -0.084967621  2.918443359
    82  0.820000000 -0.055660453  2.941399099
    83  0.830000000 -0.026171617  2.954764425
    84  0.840000000  0.003402674  2.958484148
    85  0.850000000  0.032965853  2.952542881
    86  0.860000000  0.062421400  2.936965197
    87  0.870000000  0.091673240  2.911815370
    88  0.880000000  0.120626135  2.877196727
    89  0.890000000  0.149186073  2.833250593
    90  0.900000000  0.177260639  2.780154887
    91  0.910000000  0.204759373  2.718122392
    92  0.920000000  0.231594109  2.647398737
    93  0.930000000  0.257679290  2.568260155
    94  0.940000000  0.282932269  2.481011054
    95  0.950000000  0.307273570  2.385981468
    96  0.960000000  0.330627134  2.283524442
    97  0.970000000  0.352920540  2.174013401
    98  0.980000000  0.374085188  2.057839558
    99  0.990000000  0.394056472  1.935409412
   100  1.000000000  0.412773916  1.807142367
   101  1.010000000  0.430181293  1.673468523
   102  1.020000000  0.446226723  1.534826652
   103  1.030000000  0.460862749  1.391662391
   104  1.040000000  0.474046397  1.244426657
   105  1.050000000  0.485739224  1.093574296
   106  1.060000000  0.495907351  0.939562962
   107  1.070000000  0.504521484  0.782852218
   108  1.080000000  0.511556932  0.623902841
   109  1.090000000  0.516993616  0.463176319
   110  1.100000000  0.520816074  0.301134508
   111  1.110000000  0.523013462  0.138239421
   112  1.120000000  0.523579558 -0.025046879
   113  1.130000000  0.522512760 -0.188262320
   114  1.140000000  0.519816088 -0.350944832
   115  1.150000000  0.515497180 -0.512632359
   116  1.160000000  0.509568298 -0.672862922
   117  1.170000000  0.502046318 -0.831174749
   118  1.180000000  0.492952737 -0.987106528
   119  1.190000000  0.482313657 -1.140197790
   120  1.200000000  0.470159781 -1.289989478
   121  1.210000000  0.456526391 -1.436024690
   122  1.220000000  0.441453324 -1.577849658
   123  1.230000000  0.424984933 -1.715014928
   124  1.240000000  0.407170039 -1.847076791
   125  1.250000000  0.388061866 -1.973598932
   126  1.260000000  0.367717954 -2.094154306
   127  1.270000000  0.346200059 -2.208327225
   128  1.280000000  0.323574030 -2.315715618
   129  1.290000000  0.299909654 -2.415933456
   130  1.300000000  0.275280493 -2.508613287
   131  1.310000000  0.249763676 -2.593408843
   132  1.320000000  0.223439679 -2.669997674
   133  1.330000000  0.196392073 -2.738083746
   134  1.340000000  0.168707245 -2.797399963
   135  1.350000000  0.140474101 -2.847710539
   136  1.360000000  0.111783737 -2.888813184
   137  1.370000000  0.082729096 -2.920541030
   138  1.380000000  0.053404608 -2.942764274
   139  1.390000000  0.023905807 -2.955391473
   140  1.400000000 -0.005671051 -2.958370477
   141  1.410000000 -0.035229391 -2.951688961
   142  1.420000000 -0.064672711 -2.935374556
   143  1.430000000 -0.093904987 -2.909494561
   144  1.440000000 -0.122831062 -2.874155256
   145  1.450000000 -0.151357032 -2.829500826
   146  1.460000000 -0.179390621 -2.775711930
   147  1.470000000 -0.206841532 -2.713003943
   148  1.480000000 -0.233621788 -2.641624924
   149  1.490000000 -0.259646048 -2.561853352
   150  1.500000000 -0.284831894 -2.473995692
   151  1.510000000 -0.309100107 -2.378383837
   152  1.520000000 -0.332374900 -2.275372485
   153  1.530000000 -0.354584136 -2.165336518
   154  1.540000000 -0.375659518 -2.048668407
   155  1.550000000 -0.395536751 -1.925775722
   156  1.560000000 -0.414155681 -1.797078766
   157  1.570000000 -0.431460411 -1.663008370
   158  1.580000000 -0.447399398 -1.524003896
   159  1.590000000 -0.461925527 -1.380511438
   160  1.600000000 -0.474996169 -1.232982258
   161  1.610000000 -0.486573231 -1.081871455
   162  1.620000000 -0.496623184 -0.927636859
   163  1.630000000 -0.505117087 -0.770738147
   164  1.640000000 -0.512030601 -0.611636167
   165  1.650000000 -0.517344003 -0.450792446
   166  1.660000000 -0.521042183 -0.288668856
   167  1.670000000 -0.523114654 -0.125727418
   168  1.680000000 -0.523555546  0.037569803
   169  1.690000000 -0.522363612  0.200760737
   170  1.700000000 -0.519542225  0.363383311
   171  1.710000000 -0.515099380  0.524975476
   172  1.720000000 -0.509047691  0.685075259
   173  1.730000000 -0.501404390  0.843220916
   174  1.740000000 -0.492191325  0.998951182
   175  1.750000000 -0.481434953  1.151805675
   176  1.760000000 -0.469166328  1.301325473
   177  1.770000000 -0.455421083  1.447053879
   178  1.780000000 -0.440239403  1.588537408
   179  1.790000000 -0.423665984  1.725326996
   180  1.800000000 -0.405749989  1.856979438
   181  1.810000000 -0.386544975  1.983059061
   182  1.820000000 -0.366108809  2.103139615
   183  1.830000000 -0.344503567  2.216806373
   184  1.840000000 -0.321795402  2.323658406
   185  1.850000000 -0.298054402  2.423311020
   186  1.860000000 -0.273354406  2.515398294
   187  1.870000000 -0.247772809  2.599575692
   188  1.880000000 -0.221390334  2.675522700
   189  1.890000000 -0.194290777  2.742945413
   190  1.900000000 -0.166560731  2.801579055
   191  1.910000000 -0.138289279  2.851190334
   192  1.920000000 -0.109567673  2.891579610
   193  1.930000000 -0.080488983  2.922582805
   194  1.940000000 -0.051147737  2.944073014
   195  1.950000000 -0.021639538  2.955961780
   196  1.960000000  0.007939321  2.958199991
   197  1.970000000  0.037492253  2.950778389
   198  1.980000000  0.066922781  2.933727659
   199  1.990000000  0.096134934  2.907118120
   200  2.000000000  0.125033636  2.871059001
   201  2.010000000  0.153525096  2.825697340
   202  2.020000000  0.181517176  2.771216521
   203  2.030000000  0.208919747  2.707834501
   204  2.040000000  0.235645022  2.635801755
   205  2.050000000  0.261607874  2.555398996
   206  2.060000000  0.286726124  2.466934730
   207  2.070000000  0.310920803  2.370742691
   208  2.080000000  0.334116400  2.267179219
   209  2.090000000  0.356241065  2.156620634
   210  2.100000000  0.377226803  2.039460652
   211  2.110000000  0.397009631  1.916107901
   212  2.120000000  0.415529718  1.786983567
   213  2.130000000  0.432731499  1.652519204
   214  2.140000000  0.448563766  1.513154750
   215  2.150000000  0.462979746  1.369336747
   216  2.160000000  0.475937158  1.221516798
   217  2.170000000  0.487398258  1.070150245
   218  2.180000000  0.497329866  0.915695089
   219  2.190000000  0.505703396  0.758611119
   220  2.200000000  0.512494861  0.599359250
   221  2.210000000  0.517684892  0.438401044
   222  2.220000000  0.521258733  0.276198393
   223  2.230000000  0.523206251  0.113213320
   224  2.240000000  0.523521932 -0.050092106
   225  2.250000000  0.522204881 -0.213255815
   226  2.260000000  0.519258828 -0.375815737
   227  2.270000000  0.514692120 -0.537309822
   228  2.280000000  0.508517725 -0.697276111
   229  2.290000000  0.500753230 -0.855252886
   230  2.300000000  0.491420837 -1.010778932
   231  2.310000000  0.480547356 -1.163393957
   232  2.320000000  0.468164192 -1.312639180
   233  2.330000000  0.454307328 -1.458058113
   234  2.340000000  0.439017297 -1.599197563
   235  2.350000000  0.422339140 -1.735608862
   236  2.360000000  0.404322359 -1.866849321
   237  2.370000000  0.385020843 -1.992483919
   238  2.380000000  0.364492789 -2.112087213
   239  2.390000000  0.342800587 -2.225245451
   240  2.400000000  0.320010701 -2.331558862
   241  2.410000000  0.296193509 -2.430644099
   242  2.420000000  0.271423134 -2.522136788
   243  2.430000000  0.245777232 -2.605694143
   244  2.440000000  0.219336771 -2.680997598
   245  2.450000000  0.192185773 -2.747755394
   246  2.460000000  0.164411032 -2.805705089
   247  2.470000000  0.136101809 -2.854615896
   248  2.480000000  0.107349509 -2.894290838
   249  2.490000000  0.078247326 -2.924568634
   250  2.500000000  0.048889883 -2.945325288
   251  2.510000000  0.019372852 -2.956475331
   252  2.520000000 -0.010207438 -2.957972695
   253  2.530000000 -0.039754396 -2.949811186
   254  2.540000000 -0.069171568 -2.932024546
   255  2.550000000 -0.098363038 -2.904686106
   256  2.560000000 -0.127233815 -2.867908038
   257  2.570000000 -0.155690223 -2.821840223
   258  2.580000000 -0.183640265 -2.766668763
   259  2.590000000 -0.210993980 -2.702614185
   260  2.600000000 -0.237663774 -2.629929363
   261  2.610000000 -0.263564735 -2.548897232
   262  2.620000000 -0.288614922 -2.459828323
   263  2.630000000 -0.312735624 -2.363058196
   264  2.640000000 -0.335851602 -2.258944817
   265  2.650000000 -0.357891297 -2.147865930
   266  2.660000000 -0.378787014 -2.030216480
   267  2.670000000 -0.398475085 -1.906406141
   268  2.680000000 -0.416896003 -1.776856967
   269  2.690000000 -0.433994533 -1.642001224
   270  2.700000000 -0.449719805 -1.502279415
   271  2.710000000 -0.464025388 -1.358138524
   272  2.720000000 -0.476869349 -1.210030482
   273  2.730000000 -0.488214291 -1.058410872
   274  2.740000000 -0.498027387 -0.903737861
   275  2.750000000 -0.506280401 -0.746471342
   276  2.760000000 -0.512949704 -0.587072297
   277  2.770000000 -0.518016277 -0.426002323
   278  2.780000000 -0.521465720 -0.263723325
   279  2.790000000 -0.523288253 -0.100697335
   280  2.800000000 -0.523478716  0.062613580
   281  2.810000000 -0.522036572  0.225747348
   282  2.820000000 -0.518965900  0.388241899
   283  2.830000000 -0.514275405  0.549635189
   284  2.840000000 -0.507978408  0.709465270
   285  2.850000000 -0.500092850  0.867270450
   286  2.860000000 -0.490641286  1.022589570
   287  2.870000000 -0.479650880  1.174962431
   288  2.880000000 -0.467153389  1.323930394
   289  2.890000000 -0.453185145  1.469037188
   290  2.900000000 -0.437787028  1.609829921
   291  2.910000000 -0.421004424  1.745860328
   292  2.920000000 -0.402887172  1.876686245
   293  2.930000000 -0.383489498  2.001873315
   294  2.940000000 -0.362869922  2.120996915
   295  2.950000000 -0.341091152  2.233644282
   296  2.960000000 -0.318219957  2.339416815
   297  2.970000000 -0.294327011  2.437932532
   298  2.980000000 -0.269486712  2.528828620
   299  2.990000000 -0.243776981  2.611764058
   300  3.000000000 -0.217279029  2.686422242
   301  3.010000000 -0.190077100  2.752513578
   302  3.020000000 -0.162258188  2.809777967
   303  3.030000000 -0.133911733  2.857987143
   304  3.040000000 -0.105129286  2.896946802
   305  3.050000000 -0.076004166  2.926498470
   306  3.060000000 -0.046631090  2.946521065
   307  3.070000000 -0.017105793  2.956932114
   308  3.080000000  0.012475360  2.957688595
   309  3.090000000  0.042015776  2.948787378
   310  3.100000000  0.071419028  2.930265258
   311  3.110000000  0.100589256  2.902198577
   312  3.120000000  0.129431559  2.864702442
   313  3.130000000  0.157852374  2.817929567
   314  3.140000000  0.185759848  2.762068764
   315  3.150000000  0.213064191  2.697343114
   316  3.160000000  0.239678004  2.624007882
   317  3.170000000  0.265516593  2.542348205
   318  3.180000000  0.290498254  2.452676626
   319  3.190000000  0.314544537  2.355330518
   320  3.200000000  0.337580476  2.250669454
   321  3.210000000  0.359534801  2.139072587
   322  3.220000000  0.380340124  2.020936080
   323  3.230000000  0.399933089  1.896670634
   324  3.240000000  0.418254512  1.766699162
   325  3.250000000  0.435249492  1.631454629
   326  3.260000000  0.450867495  1.491378095
   327  3.270000000  0.465062436  1.346916972
   328  3.280000000  0.477792725  1.198523517
   329  3.290000000  0.489021316  1.046653544
   330  3.300000000  0.498715733  0.891765380
   331  3.310000000  0.506848095  0.734319024
   332  3.320000000  0.513395122  0.574775517
   333  3.330000000  0.518338152  0.413596490
   334  3.340000000  0.521663139  0.251243862
   335  3.350000000  0.523360657  0.088179671
   336  3.360000000  0.523425901 -0.075134016
   337  3.370000000  0.521858685 -0.238235126
   338  3.380000000  0.518663447 -0.400661591
   339  3.390000000  0.513849243 -0.561951370
   340  3.400000000  0.507429749 -0.721642528
   341  3.410000000  0.499423261 -0.879273402
   342  3.420000000  0.489852686 -1.034382890
   343  3.430000000  0.478745542 -1.186510888
   344  3.440000000  0.466133937 -1.335198910
   345  3.450000000  0.452054553 -1.479990902
   346  3.460000000  0.436548616 -1.620434281
   347  3.470000000  0.419661858 -1.756081195
   348  3.480000000  0.401444456 -1.886490015
   349  3.490000000  0.381950967 -2.011227061
   350  3.500000000  0.361240237 -2.129868539
   351  3.510000000  0.339375292 -2.242002690
   352  3.520000000  0.316423205 -2.347232099
   353  3.530000000  0.292454940 -2.445176161
   354  3.540000000  0.267545176 -2.535473641
   355  3.550000000  0.241772094 -2.617785299
   356  3.560000000  0.215217146 -2.691796509
   357  3.570000000  0.187964798 -2.757219854
   358  3.580000000  0.160102242 -2.813797593
   359  3.590000000  0.131719092 -2.861303994
   360  3.600000000  0.102907048 -2.899547438
   361  3.610000000  0.073759548 -2.928372265
   362  3.620000000  0.044371402 -2.947660316
   363  3.630000000  0.014838406 -2.957332117
   364  3.640000000 -0.014743043 -2.957347696
   365  3.650000000 -0.044276351 -2.947706988
   366  3.660000000 -0.073665119 -2.928449837
   367  3.670000000 -0.102813547 -2.899655592
   368  3.680000000 -0.131626824 -2.861442288
   369  3.690000000 -0.160011505 -2.813965465
   370  3.700000000 -0.187875884 -2.757416631
   371  3.710000000 -0.215130342 -2.692021411
   372  3.720000000 -0.241687675 -2.618037445
   373  3.730000000 -0.267463412 -2.535752061
   374  3.740000000 -0.292376087 -2.445479798
   375  3.750000000 -0.316347509 -2.347559823
   376  3.760000000 -0.339302989 -2.242353304
   377  3.770000000 -0.361171549 -2.130240788
   378  3.780000000 -0.381886104 -2.011619638
   379  3.790000000 -0.401383615 -1.886901573
   380  3.800000000 -0.419605221 -1.756510350
   381  3.810000000 -0.436496353 -1.620879621
   382  3.820000000 -0.452006818 -1.480450992
   383  3.830000000 -0.466090870 -1.335672297
   384  3.840000000 -0.478707270 -1.186996108
   385  3.850000000 -0.489819319 -1.034878468
   386  3.860000000 -0.499394894 -0.879777856
   387  3.870000000 -0.507406465 -0.722154373
   388  3.880000000 -0.513831108 -0.562469118
   389  3.890000000 -0.518650513 -0.401183753
   390  3.900000000 -0.521850989 -0.238760213
   391  3.910000000 -0.523423463 -0.075660537
   392  3.920000000 -0.523363485  0.087653205
   393  3.930000000 -0.521671226  0.250718942
   394  3.940000000 -0.518351474  0.413074604
   395  3.950000000 -0.513413641  0.574258156
   396  3.960000000 -0.506871758  0.733807677
   397  3.970000000 -0.498744474  0.891261534
   398  3.980000000 -0.489055050  1.046158685
   399  3.990000000 -0.477831357  1.198039125
   400  4.000000000 -0.465105853  1.346444522
   401  4.010000000 -0.450915571  1.490919051
   402  4.020000000 -0.435302085  1.631010443
   403  4.030000000 -0.418311467  1.766271266
   404  4.040000000 -0.399994235  1.896260439
   405  4.050000000 -0.380405277  2.020544967
   406  4.060000000 -0.359603765  2.138701902
   407  4.070000000 -0.337653038  2.250320499
   408  4.080000000 -0.314620475  2.355004544
   409  4.090000000 -0.290577332  2.452374826
   410  4.100000000 -0.265598563  2.542071703
   411  4.110000000 -0.239762608  2.623757729
   412  4.120000000 -0.213151161  2.697120275
   413  4.130000000 -0.185848906  2.761874111
   414  4.140000000 -0.157943234  2.817763873
   415  4.150000000 -0.129523928  2.864566372
   416  4.160000000 -0.100682836  2.902092684
   417  4.170000000 -0.071513514  2.930189975
   418  4.180000000 -0.042110860  2.948743013
   419  4.190000000 -0.012570733  2.957675332
   420  4.200000000  0.017010444  2.956950008
   421  4.210000000  0.046536075  2.946570042
   422  4.220000000  0.075909796  2.926578328
   423  4.230000000  0.105035868  2.897057212
   424  4.240000000  0.133819569  2.858127654
   425  4.250000000  0.162167578  2.809948011
   426  4.260000000  0.189988334  2.752712472
   427  4.270000000  0.217192393  2.686649199
   428  4.280000000  0.243692751  2.612018189
   429  4.290000000  0.269405155  2.529108948
   430  4.300000000  0.294248384  2.438237995
   431  4.310000000  0.318144506  2.339746278
   432  4.320000000  0.341019110  2.233996543
   433  4.330000000  0.362801511  2.121370715
   434  4.340000000  0.383424928  2.002267343
   435  4.350000000  0.402826638  1.877099151
   436  4.360000000  0.420948106  1.746290727
   437  4.370000000  0.437735096  1.610276399
   438  4.380000000  0.453137752  1.469498309
   439  4.390000000  0.467110675  1.324404704
   440  4.400000000  0.479612969  1.175448463
   441  4.410000000  0.490608287  1.023085850
   442  4.420000000  0.500064858  0.867775496
   443  4.430000000  0.507955504  0.709977597
   444  4.440000000  0.514257655  0.550153308
   445  4.450000000  0.518953354  0.388764322
   446  4.460000000  0.522029265  0.226272584
   447  4.470000000  0.523476669  0.063140140
   448  4.480000000  0.523291472 -0.100170941
   449  4.490000000  0.521474195 -0.263198586
   450  4.500000000  0.518029985 -0.425480730
   451  4.510000000  0.512968606 -0.586555339
   452  4.520000000  0.506304444 -0.745960508
   453  4.530000000  0.498056500 -0.903234638
   454  4.540000000  0.488248392 -1.057916746
   455  4.550000000  0.476908340 -1.209546933
   456  4.560000000  0.464069155 -1.357667026
   457  4.570000000  0.449768220 -1.501821432
   458  4.580000000  0.434047454 -1.641558205
   459  4.590000000  0.416953274 -1.776430344
   460  4.600000000  0.398536534 -1.905997323
   461  4.610000000  0.378852456 -2.029826846
   462  4.620000000  0.357960534 -2.147496821
   463  4.630000000  0.335924422 -2.258597533
   464  4.640000000  0.312811802 -2.362733984
   465  4.650000000  0.288694222 -2.459528370
   466  4.660000000  0.263646908 -2.548622658
   467  4.670000000  0.237748561 -2.629681213
   468  4.680000000  0.211081113 -2.702393416
   469  4.690000000  0.183729465 -2.766476241
   470  4.700000000  0.155781204 -2.821676713
   471  4.710000000  0.127326283 -2.867774198
   472  4.720000000  0.098456693 -2.904582478
   473  4.730000000  0.069266107 -2.931951554
   474  4.740000000  0.039849510 -2.949769131
   475  4.750000000  0.010302817 -2.957961750
   476  4.760000000 -0.019277519 -2.956495540
   477  4.770000000 -0.048794908 -2.945376569
   478  4.780000000 -0.078153018 -2.924650775
   479  4.790000000 -0.107256175 -2.894403501
   480  4.800000000 -0.136009753 -2.854758621
   481  4.810000000 -0.164320550 -2.805877298
   482  4.820000000 -0.192097158 -2.747956398
   483  4.830000000 -0.219250307 -2.681226600
   484  4.840000000 -0.245693194 -2.605950250
   485  4.850000000 -0.271341788 -2.522419014
   486  4.860000000 -0.296115112 -2.430951377
   487  4.870000000 -0.319935497 -2.331890051
   488  4.880000000 -0.342728810 -2.225599346
   489  4.890000000 -0.364424658 -2.112462550
   490  4.900000000 -0.384956568 -1.992879385
   491  4.910000000 -0.404262133 -1.867263563
   492  4.920000000 -0.422283144 -1.736040492
   493  4.930000000 -0.438965698 -1.599645165
   494  4.940000000 -0.454260280 -1.458520249
   495  4.950000000 -0.468121831 -1.313114396
   496  4.960000000 -0.480509806 -1.163880787
   497  4.970000000 -0.491388207 -1.011275898
   498  4.980000000 -0.500725614 -0.855758508
   499  4.990000000 -0.508495202 -0.697788903
   500  5.000000000 -0.514674755 -0.537828296
   501  5.010000000 -0.519246670 -0.376338403
   502  5.020000000 -0.522197964 -0.213781185
   503  5.030000000 -0.523520275 -0.050618690
   504  5.040000000 -0.523209860  0.112687013
   505  5.050000000 -0.521267598  0.275673852
   506  5.060000000 -0.517698987  0.437879759
   507  5.070000000 -0.512514146  0.598842711
   508  5.080000000 -0.505727816  0.758100814
   509  5.090000000 -0.497359352  0.915192506
   510  5.100000000 -0.487432724  1.069656868
   511  5.110000000 -0.475976506  1.221034107
   512  5.120000000 -0.463023861  1.368866216
   513  5.130000000 -0.448612519  1.512697842
   514  5.140000000 -0.432784747  1.652077367
   515  5.150000000 -0.415587303  1.786558232
   516  5.160000000 -0.397071381  1.915700474
   517  5.170000000 -0.377292532  2.039072508
   518  5.180000000 -0.356310573  2.156253114
   519  5.190000000 -0.334189474  2.266833618
   520  5.200000000 -0.310997219  2.370420251
   521  5.210000000 -0.286805643  2.466636635
   522  5.220000000 -0.261690248  2.555126361
   523  5.230000000 -0.235729991  2.635555616
   524  5.240000000 -0.209007040  2.707615811
   525  5.250000000 -0.181606515  2.771026137
   526  5.260000000 -0.153616194  2.825536020
   527  5.270000000 -0.125126199  2.870927395
   528  5.280000000 -0.096228662  2.907016761
   529  5.290000000 -0.067017370  2.933656962
   530  5.300000000 -0.037587394  2.950738644
   531  5.310000000 -0.008034704  2.958191363
   532  5.320000000  0.021544224  2.955984303
   533  5.330000000  0.051052804  2.944126597
   534  5.340000000  0.080394741  2.922667225
   535  5.350000000  0.109474427  2.891694521
   536  5.360000000  0.138197333  2.851335267
   537  5.370000000  0.166470382  2.801753423
   538  5.380000000  0.194202316  2.743148518
   539  5.390000000  0.221304044  2.675753739
   540  5.400000000  0.247688966  2.599833764
   541  5.410000000  0.273273274  2.515682407
   542  5.420000000  0.297976237  2.423620102
   543  5.430000000  0.321720448  2.323991311
   544  5.440000000  0.344432055  2.217161889
   545  5.450000000  0.366040961  2.103516477
   546  5.460000000  0.386480996  1.983455951
   547  5.470000000  0.405690074  1.857395001
   548  5.480000000  0.423610312  1.725759842
   549  5.490000000  0.440188139  1.588986119
   550  5.500000000  0.455374380  1.447517016
   551  5.510000000  0.469124322  1.301801580
   552  5.520000000  0.481397767  1.152293286
   553  5.530000000  0.492159066  0.999448819
   554  5.540000000  0.501377151  0.843727099
   555  5.550000000  0.509025550  0.685588501
   556  5.560000000  0.515082401  0.525494288
   557  5.570000000  0.519530455  0.363906206
   558  5.580000000  0.522357085  0.201286224
   559  5.590000000  0.523554280  0.038096394
   560  5.600000000  0.523118653 -0.125201215
   561  5.610000000  0.521051437 -0.288144530
   562  5.620000000  0.517358484 -0.450271485
   563  5.630000000  0.512050269 -0.611120063
   564  5.640000000  0.505141884 -0.770228387
   565  5.650000000  0.496653041 -0.927134931
   566  5.660000000  0.486608062 -1.081378843
   567  5.670000000  0.475035873 -1.232500441
   568  5.680000000  0.461969989 -1.380041889
   569  5.690000000  0.447448488 -1.523548078
   570  5.700000000  0.431513984 -1.662567730
   571  5.710000000  0.414213579 -1.796654732
   572  5.720000000  0.395598800 -1.925369699
   573  5.730000000  0.375725531 -2.048281768
   574  5.740000000  0.354653913 -2.164970599
   575  5.750000000  0.332448227 -2.275028579
   576  5.760000000  0.309176758 -2.378063181
   577  5.770000000  0.284911630 -2.473699466
   578  5.780000000  0.259728619 -2.561582664
   579  5.790000000  0.233706934 -2.641380806
   580  5.800000000  0.206928982 -2.712787340
   581  5.810000000  0.179480096 -2.775523692
   582  5.820000000  0.151448244 -2.829341703
   583  5.830000000  0.122923717 -2.874025888
   584  5.840000000  0.093998785 -2.909395474
   585  5.850000000  0.064767346 -2.935306155
   586  5.860000000  0.035324555 -2.951651528
   587  5.870000000  0.005766435 -2.958364166
   588  5.880000000 -0.023810516 -2.955416310
   589  5.890000000 -0.053309720 -2.942820156
   590  5.900000000 -0.082634922 -2.920627727
   591  5.910000000 -0.111690582 -2.888930339
   592  5.920000000 -0.140382268 -2.847857674
   593  5.930000000 -0.168617031 -2.797576483
   594  5.940000000 -0.196303768 -2.738288946
   595  5.950000000 -0.223353566 -2.670230742
   596  5.960000000 -0.249680030 -2.593668871
   597  5.970000000 -0.275199577 -2.508899277
   598  5.980000000 -0.299831724 -2.416244331
   599  5.990000000 -0.323499327 -2.316050226
   600  6.000000000 -0.346128817 -2.208684351
   601  6.010000000 -0.367650390 -2.094532679
   602  6.020000000 -0.387998186 -1.973997233
   603  6.030000000 -0.407110436 -1.847493661
   604  6.040000000 -0.424929585 -1.715448975
   605  6.050000000 -0.441402396 -1.578299462
   606  6.060000000 -0.456480034 -1.436488813
   607  6.070000000 -0.470118131 -1.290466461
   608  6.080000000 -0.482276835 -1.140686167
   609  6.090000000 -0.492920849 -0.987604821
   610  6.100000000 -0.502019457 -0.831681476
   611  6.110000000 -0.509546539 -0.673376597
   612  6.120000000 -0.515480587 -0.513151495
   613  6.130000000 -0.519804707 -0.351467939
   614  6.140000000 -0.522506624 -0.188787909
   615  6.150000000 -0.523578683 -0.025573460
   616  6.160000000 -0.523017851  0.137713338
   617  6.170000000 -0.520825715  0.300610412
   618  6.180000000 -0.517008483  0.462655699
   619  6.190000000 -0.511576981  0.623387187
   620  6.200000000 -0.504546658  0.782343019
   621  6.210000000 -0.495937579  0.939061704
   622  6.220000000 -0.485774418  1.093082464
   623  6.230000000 -0.474086456  1.243945730
   624  6.240000000 -0.460907556  1.391193840
   625  6.250000000 -0.446276148  1.534371939
   626  6.260000000 -0.430235189  1.673029093
   627  6.270000000 -0.412832124  1.806719648
   628  6.280000000 -0.394118818  1.935004806
   629  6.290000000 -0.374151483  2.057454437
   630  6.300000000 -0.352990583  2.173649097
   631  6.310000000 -0.330700711  2.283182243
   632  6.320000000 -0.307350453  2.385662608
   633  6.330000000 -0.283012219  2.480716707
   634  6.340000000 -0.257762056  2.567991425
   635  6.350000000 -0.231679429  2.647156648
   636  6.360000000 -0.204846978  2.717907882
   637  6.370000000 -0.177350247  2.779968801
   638  6.380000000 -0.149277397  2.833093671
   639  6.390000000 -0.120718879  2.877069602
   640  6.400000000 -0.091767104  2.911718559
   641  6.410000000 -0.062516079  2.936899095
   642  6.420000000 -0.033061038  2.952507761
   643  6.430000000 -0.003498055  2.958480154
   644  6.440000000  0.026076352  2.954791574
   645  6.450000000  0.055565615  2.941457278
   646  6.460000000  0.084873519  2.918532328
   647  6.470000000  0.113904597  2.886111019
   648  6.480000000  0.142564517  2.844325926
   649  6.490000000  0.170760459  2.793346577
   650  6.500000000  0.198401475  2.733377793
   651  6.510000000  0.225398835  2.664657735
   652  6.520000000  0.251666349  2.587455709
   653  6.530000000  0.277120663  2.502069775
   654  6.540000000  0.301681539  2.408824223
   655  6.550000000  0.325272102  2.308066966
   656  6.560000000  0.347819063  2.200166908
   657  6.570000000  0.369252916  2.085511342
   658  6.580000000  0.389508111  1.964503418
   659  6.590000000  0.408523195  1.837559736
   660  6.600000000  0.426240942  1.705108090
   661  6.610000000  0.442608450  1.567585397
   662  6.620000000  0.457577224  1.425435843
   663  6.630000000  0.471103241  1.279109244
   664  6.640000000  0.483146997  1.129059636
   665  6.650000000  0.493673545  0.975744109
   666  6.660000000  0.502652522  0.819621849
   667  6.670000000  0.510058160  0.661153401
   668  6.680000000  0.515869306  0.500800123
   669  6.690000000  0.520069419  0.339023810
   670  6.700000000  0.522646578  0.176286449
   671  6.710000000  0.523593484  0.013050098
   672  6.720000000  0.522907457 -0.150223172
   673  6.730000000  0.520590438 -0.313071290
   674  6.740000000  0.516648988 -0.475032193
   675  6.750000000  0.511094292 -0.635643876
   676  6.760000000  0.503942148 -0.794444501
   677  6.770000000  0.495212977 -0.950972620
   678  6.780000000  0.484931808 -1.104767524
   679  6.790000000  0.473128270 -1.255369766
   680  6.800000000  0.459836581 -1.402321865
   681  6.810000000  0.445095518 -1.545169221
   682  6.820000000  0.428948384 -1.683461257
   683  6.830000000  0.411442964 -1.816752784
   684  6.840000000  0.392631460 -1.944605603
   685  6.850000000  0.372570416 -2.066590329
   686  6.860000000  0.351320614 -2.182288426
   687  6.870000000  0.328946959 -2.291294437
   688  6.880000000  0.305518337 -2.393218368
   689  6.890000000  0.281107445 -2.487688203
   690  6.900000000  0.255790598 -2.574352498
   691  6.910000000  0.229647514 -2.652883012
   692  6.920000000  0.202761066 -2.722977320
   693  6.930000000  0.175217010 -2.784361359
   694  6.940000000  0.147103693 -2.836791836
   695  6.950000000  0.118511729 -2.880058466
   696  6.960000000  0.089533663 -2.913985960
   697  6.970000000  0.060263611 -2.938435742
   698  6.980000000  0.030796885 -2.953307323
   699  6.990000000  0.001229607 -2.958539326
   700  7.000000000 -0.028341687 -2.954110110
   701  7.010000000 -0.057820443 -2.940037997
   702  7.020000000 -0.087110488 -2.916381080
   703  7.030000000 -0.116116430 -2.883236630
   704  7.040000000 -0.144744038 -2.840740105
   705  7.050000000 -0.172900623 -2.789063803
   706  7.060000000 -0.200495397 -2.728415174
   707  7.070000000 -0.227439813 -2.659034847
   708  7.080000000 -0.253647886 -2.581194419
   709  7.090000000 -0.279036494 -2.495194053
   710  7.100000000 -0.303525648 -2.401359941
   711  7.110000000 -0.327038740 -2.300041701
   712  7.120000000 -0.349502764 -2.191609738
   713  7.130000000 -0.370848512 -2.076452649
   714  7.140000000 -0.391010743 -1.954974699
   715  7.150000000 -0.409928324 -1.827593423
   716  7.160000000 -0.427544358 -1.694737385
   717  7.170000000 -0.443806278 -1.556844123
   718  7.180000000 -0.458665929 -1.414358311
   719  7.190000000 -0.472079634 -1.267730133
   720  7.200000000 -0.484008236 -1.117413901
   721  7.210000000 -0.494417141 -0.963866893
   722  7.220000000 -0.503276335 -0.807548424
   723  7.230000000 -0.510560405 -0.648919119
   724  7.240000000 -0.516248551 -0.488440382
   725  7.250000000 -0.520324587 -0.326574027
   726  7.260000000 -0.522776946 -0.163782051
   727  7.270000000 -0.523598682 -0.000526514
   728  7.280000000 -0.522787471  0.162730512
   729  7.290000000 -0.520345607  0.325526955
   730  7.300000000 -0.516280008  0.487400758
   731  7.310000000 -0.510602208  0.647889920
   732  7.320000000 -0.503328365  0.806532626
   733  7.330000000 -0.494479249  0.962867469
   734  7.340000000 -0.484080245  1.116433817
   735  7.350000000 -0.472161334  1.266772345
   736  7.360000000 -0.458757083  1.413425758
   737  7.370000000 -0.443906619  1.555939722
   738  7.380000000 -0.427653590  1.693864022
   739  7.390000000 -0.410046123  1.826753944
   740  7.400000000 -0.391136754  1.954171899
   741  7.410000000 -0.370982357  2.075689257
   742  7.420000000 -0.349644034  2.190888406
   743  7.430000000 -0.327187002  2.299364988
   744  7.440000000 -0.303680444  2.400730296
   745  7.450000000 -0.279197342  2.494613800
   746  7.460000000 -0.253814280  2.580665741
   747  7.470000000 -0.227611227  2.658559766
   748  7.480000000 -0.200671286  2.727995536
   749  7.490000000 -0.173080425  2.788701263
   750  7.500000000 -0.144927173  2.840436110
   751  7.510000000 -0.116302306  2.882992407
   752  7.520000000 -0.087298504  2.916197624
   753  7.530000000 -0.058009986  2.939916059
   754  7.540000000 -0.028532140  2.954050194
   755  7.550000000  0.001038866  2.958541678
   756  7.560000000  0.030606479  2.953371935
   757  7.570000000  0.060074162  2.938562346
   758  7.580000000  0.089345787  2.914174035
   759  7.590000000  0.118326038  2.880307240
   760  7.600000000  0.146920789  2.837100297
   761  7.610000000  0.175037484  2.784728263
   762  7.620000000  0.202585495  2.723401204
   763  7.630000000  0.229476460  2.653362205
   764  7.640000000  0.255624605  2.574885141
   765  7.650000000  0.280947037  2.488272261
   766  7.660000000  0.305364018  2.393851647
   767  7.670000000  0.328799209  2.291974603
   768  7.680000000  0.351179889  2.183013021
   769  7.690000000  0.372437148  2.067356786
   770  7.700000000  0.392506056  1.945411265
   771  7.710000000  0.411325800  1.817594915
   772  7.720000000  0.428839812  1.684337059
   773  7.730000000  0.444995860  1.546075844
   774  7.740000000  0.459746132  1.403256421
   775  7.750000000  0.473047294  1.256329336
   776  7.760000000  0.484860540  1.105749167
   777  7.770000000  0.495151624  0.951973379
   778  7.780000000  0.503890885  0.795461410
   779  7.790000000  0.511053266  0.636673961
   780  7.800000000  0.516618317  0.476072479
   781  7.810000000  0.520570207  0.314118798
   782  7.820000000  0.522897725  0.151274924
   783  7.830000000  0.523594278 -0.011997081
   784  7.840000000  0.522657896 -0.175235146
   785  7.850000000  0.520091229 -0.337977200
   786  7.860000000  0.515901546 -0.499761186
   787  7.870000000  0.510100739 -0.660125113
   788  7.880000000  0.502705317 -0.818607187
   789  7.890000000  0.493736407 -0.974746045
   790  7.900000000  0.483219743 -1.128081136
   791  7.910000000  0.471185662 -1.278153261
   792  7.920000000  0.457669080 -1.424505316
   793  7.930000000  0.442709472 -1.566683241
   794  7.940000000  0.426350831 -1.704237189
   795  7.950000000  0.408641625 -1.836722933
   796  7.960000000  0.389634726 -1.963703501
   797  7.970000000  0.369387335 -2.084751036
   798  7.980000000  0.347960876 -2.199448859
   799  7.990000000  0.325420873 -2.307393725
   800  8.000000000  0.301836808 -2.408198231
   801  8.010000000  0.277281946 -2.501493346
   802  8.020000000  0.251833139 -2.586931013
   803  8.030000000  0.225570606 -2.664186781
   804  8.040000000  0.198577678 -2.732962414
   805  8.050000000  0.170940531 -2.792988412
   806  8.060000000  0.142747879 -2.844026406
   807  8.070000000  0.114090655 -2.885871354
   808  8.080000000  0.085061670 -2.918353495
   809  8.090000000  0.055755247 -2.941340011
   810  8.100000000  0.026266847 -2.954736355
   811  8.110000000 -0.003307319 -2.958487212
   812  8.120000000 -0.032870684 -2.952577067
   813  8.130000000 -0.062326728 -2.937030361
   814  8.140000000 -0.091579373 -2.911911246
   815  8.150000000 -0.120533380 -2.877322920
   816  8.160000000 -0.149094729 -2.833406589
   817  8.170000000 -0.177171002 -2.780340058
   818  8.180000000 -0.204671730 -2.718335999
   819  8.190000000 -0.231508740 -2.647639940
   820  8.200000000 -0.257596468 -2.568528018
   821  8.210000000 -0.282852255 -2.481304554
   822  8.220000000 -0.307196614 -2.386299504
   823  8.230000000 -0.330553477 -2.283865844
   824  8.240000000 -0.352850408 -2.174376935
   825  8.250000000 -0.374018797 -2.058223939
   826  8.260000000 -0.393994023 -1.935813308
   827  8.270000000 -0.412715598 -1.807564410
   828  8.280000000 -0.430127280 -1.673907311
   829  8.290000000 -0.446177176 -1.535280761
   830  8.300000000 -0.460817813 -1.392130376
   831  8.310000000 -0.474006205 -1.244907057
   832  8.320000000 -0.485703892 -1.094065641
   833  8.330000000 -0.495876981 -0.940063774
   834  8.340000000 -0.504496163 -0.783361014
   835  8.350000000 -0.511536733 -0.624418134
   836  8.360000000 -0.516978596 -0.463696622
   837  8.370000000 -0.520806276 -0.301658332
   838  8.380000000 -0.523008913 -0.138765277
   839  8.390000000 -0.523580272  0.024520481
   840  8.400000000 -0.522518735  0.187736869
   841  8.410000000 -0.519827306  0.350421816
   842  8.420000000 -0.515513610  0.512113269
   843  8.430000000 -0.509589892  0.672349245
   844  8.440000000 -0.502073017  0.830667974
   845  8.450000000 -0.492984462  0.986608140
   846  8.460000000 -0.482350318  1.139709273
   847  8.470000000 -0.470201272  1.289512308
   848  8.480000000 -0.456572591  1.435560336
   849  8.490000000 -0.441504097  1.577399576
   850  8.500000000 -0.425040129  1.714580559
   851  8.510000000 -0.407229495  1.846659554
   852  8.520000000 -0.388125403  1.973200221
   853  8.530000000 -0.367785379  2.093775481
   854  8.540000000 -0.346271168  2.207969605
   855  8.550000000 -0.323648603  2.315380476
   856  8.560000000 -0.299987462  2.415622008
   857  8.570000000 -0.275361292  2.508326687
   858  8.580000000 -0.249847212  2.593148171
   859  8.590000000 -0.223525688  2.669763928
   860  8.600000000 -0.196480281  2.737877838
   861  8.610000000 -0.168797370  2.797222704
   862  8.620000000 -0.140565852  2.847562640
   863  8.630000000 -0.111876817  2.888695240
   864  8.640000000 -0.082823204  2.920453523
   865  8.650000000 -0.053499437  2.942707562
   866  8.660000000 -0.024001048  2.955365790
   867  8.670000000  0.005575709  2.958375929
   868  8.680000000  0.035134258  2.951725525
   869  8.690000000  0.064578099  2.935442080
   870  8.700000000  0.093811204  2.909592767
   871  8.710000000  0.122738413  2.874283741
   872  8.720000000  0.151265817  2.829659068
   873  8.730000000  0.179301135  2.775899291
   874  8.740000000  0.206754062  2.713219676
   875  8.750000000  0.233536614  2.641868181
   876  8.760000000  0.259563439  2.562123191
   877  8.770000000  0.284752113  2.474291084
   878  8.780000000  0.309023403  2.378703675
   879  8.790000000  0.332301512  2.275715594
   880  8.800000000  0.354514290  2.165701661
   881  8.810000000  0.375593429  2.049054294
   882  8.820000000  0.395474619  1.926181020
   883  8.830000000  0.414097693  1.797502101
   884  8.840000000  0.431406741  1.663448342
   885  8.850000000  0.447350205  1.524459076
   886  8.860000000  0.461880955  1.380980380
   887  8.870000000  0.474956349  1.233463502
   888  8.880000000  0.486538279  1.082363530
   889  8.890000000  0.496593201  0.928138287
   890  8.900000000  0.505092158  0.771247444
   891  8.910000000  0.512010799  0.612151847
   892  8.920000000  0.517329384  0.451313020
   893  8.930000000  0.521032788  0.289192837
   894  8.940000000  0.523110509  0.126253317
   895  8.950000000  0.523556663 -0.037043476
   896  8.960000000  0.522369988 -0.200235471
   897  8.970000000  0.519553843 -0.362860595
   898  8.980000000  0.515116206 -0.524456798
   899  8.990000000  0.509069677 -0.684562109
   900  9.000000000  0.501431474 -0.842714781
   901  9.010000000  0.492223429 -0.998453548
   902  9.020000000  0.481471985 -1.151318024
   903  9.030000000  0.469208181 -1.300849280
   904  9.040000000  0.455467634 -1.446590613
   905  9.050000000  0.440290515 -1.588088524
   906  9.060000000  0.423721508 -1.724893933
   907  9.070000000  0.405809759 -1.856563614
   908  9.080000000  0.386608811 -1.982661866
   909  9.090000000  0.366176518 -2.102762407
   910  9.100000000  0.344574942 -2.216450467
   911  9.110000000  0.321870225 -2.323325071
   912  9.120000000  0.298132440 -2.423001468
   913  9.130000000  0.273435416 -2.515113672
   914  9.140000000  0.247856536 -2.599317076
   915  9.150000000  0.221476513 -2.675291080
   916  9.160000000  0.194379133 -2.742741694
   917  9.170000000  0.166650981 -2.801404041
   918  9.180000000  0.138381133 -2.851044726
   919  9.190000000  0.109660834 -2.891463996
   920  9.200000000  0.080583148 -2.922497656
   921  9.210000000  0.051242599 -2.944018680
   922  9.220000000  0.021734788 -2.955938484
   923  9.230000000 -0.007843993 -2.958207830
   924  9.240000000 -0.037397159 -2.950817329
   925  9.250000000 -0.066828232 -2.933797540
   926  9.260000000 -0.096041236 -2.907218654
   927  9.270000000 -0.124941095 -2.871189775
   928  9.280000000 -0.153434012 -2.825857822
   929  9.290000000 -0.181427843 -2.771406066
   930  9.300000000 -0.208832452 -2.708052355
   931  9.310000000 -0.235560044 -2.636047061
   932  9.320000000 -0.261525482 -2.555670805
   933  9.330000000 -0.286646577 -2.467232007
   934  9.340000000 -0.310844353 -2.371064325
   935  9.350000000 -0.334043282 -2.267524028
   936  9.360000000 -0.356171507 -2.156987377
   937  9.370000000 -0.377161016 -2.039848037
   938  9.380000000 -0.396947816 -1.916514591
   939  9.390000000 -0.415472061 -1.787408187
   940  9.400000000 -0.432678171 -1.652960349
   941  9.410000000 -0.448514926 -1.513610992
   942  9.420000000 -0.462935538 -1.369806639
   943  9.430000000 -0.475897712 -1.221998878
   944  9.440000000 -0.487363687 -1.070643042
   945  9.450000000 -0.497300271 -0.916197124
   946  9.460000000 -0.505678860 -0.759120908
   947  9.470000000 -0.512475457 -0.599875307
   948  9.480000000 -0.517670673 -0.438921882
   949  9.490000000 -0.521249740 -0.276722522
   950  9.500000000 -0.523202510 -0.113739253
   951  9.510000000 -0.523523452  0.049565860
   952  9.520000000 -0.522211660  0.212730743
   953  9.530000000 -0.519270845  0.375293328
   954  9.540000000 -0.514709341  0.536791566
   955  9.550000000 -0.508540102  0.696763497
   956  9.560000000 -0.500780699  0.854747399
   957  9.570000000 -0.491453319  1.010282059
   958  9.580000000 -0.480584757  1.162907180
   959  9.590000000 -0.468206405  1.312163973
   960  9.600000000 -0.454354229  1.457595943
   961  9.610000000 -0.439068748  1.598749885
   962  9.620000000 -0.422394990  1.735177113
   963  9.630000000 -0.404382440  1.866434916
   964  9.640000000 -0.385084977  1.992088247
   965  9.650000000 -0.364560779  2.111711628
   966  9.660000000 -0.342872228  2.224891266
   967  9.670000000 -0.320085771  2.331227341
   968  9.680000000 -0.296271776  2.430336449
   969  9.690000000 -0.271504353  2.521854151
   970  9.700000000 -0.245861148  2.605437588
   971  9.710000000 -0.219423118  2.680768109
   972  9.720000000 -0.192274276  2.747553868
   973  9.730000000 -0.164501407  2.805532323
   974  9.740000000 -0.136193765  2.854472582
   975  9.750000000 -0.107442748  2.894177556
   976  9.760000000 -0.078341546  2.924485845
   977  9.770000000 -0.048984777  2.945273332
   978  9.780000000 -0.019468110  2.956454423
   979  9.790000000  0.010112126  2.957982921
   980  9.800000000  0.039659342  2.949852503
   981  9.810000000  0.069077082  2.932096782
   982  9.820000000  0.098269427  2.904788964
   983  9.830000000  0.127141385  2.868041097
   984  9.840000000  0.155599272  2.822002942
   985  9.850000000  0.183551087  2.766860488
   986  9.860000000  0.210906861  2.702834153
   987  9.870000000  0.237578992  2.630176712
   988  9.880000000  0.263482560  2.549171005
   989  9.890000000  0.288535612  2.460127479
   990  9.900000000  0.312659428  2.363381618
   991  9.910000000  0.335778757  2.259291319
   992  9.920000000  0.357822027  2.148234266
   993  9.930000000  0.378721531  2.030605356
   994  9.940000000  0.398413589  1.906814215
   995  9.950000000  0.416838677  1.777282862
   996  9.960000000  0.433941549  1.642443534
   997  9.970000000  0.449671320  1.502736711
   998  9.980000000  0.463981546  1.358609356
   999  9.990000000  0.476830276  1.210513388
  1000 10.000000000  0.488180101  1.058904381
