# Giai he phuong trinh vi phan bang phuong phap Euler
############################################################
     i            t           I1           I2
     0  0.000000000  0.000000000  0.000000000
     1  0.100000000  0.600000000  0.360000000
     2  0.200000000  1.068000000  0.633600000
     3  0.300000000  1.430880000  0.838656000
     4  0.400000000  1.710124800  0.989429760
     5  0.500000000  1.922903808  1.097308570
     6  0.600000000  2.082934856  1.171381027
     7  0.700000000  2.201175221  1.218897626
     8  0.800000000  2.286374421  1.245639193
     9  0.900000000  2.345516410  1.256211603
    10  1.000000000  2.384173327  1.254281521
    11  1.100000000  2.406788452  1.242764965
    12  1.200000000  2.416902561  1.223978131
    13  1.300000000  2.417334976  1.199758018
    14  1.400000000  2.410328391  1.171558906
    15  1.500000000  2.397664706  1.140529517
    16  1.600000000  2.380757679  1.107574711
    17  1.700000000  2.360727021  1.073404821
    18  1.800000000  2.338457659  1.038575108
    19  1.900000000  2.314647128  1.003517287
    20  2.000000000  2.289843463  0.968564742
    21  2.100000000  2.264475500  0.933972670
    22  2.200000000  2.238877101  0.899934177
    23  2.300000000  2.213306514  0.866593141
    24  2.400000000  2.187961851  0.834054481
    25  2.500000000  2.162993455  0.802392353
    26  2.600000000  2.138513779  0.771656701
    27  2.700000000  2.114605277  0.741878466
    28  2.800000000  2.091326706  0.713073754
    29  2.900000000  2.068718150  0.685247145
    30  3.000000000  2.046805033  0.658394332
    31  3.100000000  2.025601320  0.632504217
    32  3.200000000  2.005112057  0.607560575
    33  3.300000000  1.985335407  0.583543374
    34  3.400000000  1.966264256  0.560429816
    35  3.500000000  1.947887498  0.538195165
    36  3.600000000  1.930191049  0.516813392
    37  3.700000000  1.913158647  0.496257683
    38  3.800000000  1.896772493  0.476500837
    39  3.900000000  1.881013747  0.457515572
    40  4.000000000  1.865862920  0.439274765
    41  4.100000000  1.851300181  0.421751626
    42  4.200000000  1.837305597  0.404919843
    43  4.300000000  1.823859311  0.388753675
    44  4.400000000  1.810941689  0.373228028
    45  4.500000000  1.798533422  0.358318507
    46  4.600000000  1.786615605  0.344001447
    47  4.700000000  1.775169797  0.330253933
    48  4.800000000  1.764178058  0.317053811
    49  4.900000000  1.753622978  0.304379687
    50  5.000000000  1.743487693  0.292210922
    51  5.100000000  1.733755893  0.280527624
    52  5.200000000  1.724411823  0.269310629
    53  5.300000000  1.715440282  0.258541492
    54  5.400000000  1.706826617  0.248202463
    55  5.500000000  1.698556709  0.238276469
    56  5.600000000  1.690616966  0.228747094
    57  5.700000000  1.682994308  0.219598557
    58  5.800000000  1.675676152  0.210815693
    59  5.900000000  1.668650399  0.202383927
    60  6.000000000  1.661905417  0.194289259
    61  6.100000000  1.655430028  0.186518241
    62  6.200000000  1.649213489  0.179057953
    63  6.300000000  1.643245479  0.171895988
    64  6.400000000  1.637516084  0.165020430
    65  6.500000000  1.632015779  0.158419839
    66  6.600000000  1.626735419  0.152083226
    67  6.700000000  1.621666220  0.146000042
    68  6.800000000  1.616799744  0.140160156
    69  6.900000000  1.612127893  0.134553842
    70  7.000000000  1.607642889  0.129171763
    71  7.100000000  1.603337262  0.124004951
    72  7.200000000  1.599203843  0.119044801
    73  7.300000000  1.595235746  0.114283047
    74  7.400000000  1.591426361  0.109711755
    75  7.500000000  1.587769343  0.105323309
    76  7.600000000  1.584258599  0.101110396
    77  7.700000000  1.580888278  0.097065996
    78  7.800000000  1.577652766  0.093183368
    79  7.900000000  1.574546670  0.089456044
    80  8.000000000  1.571564815  0.085877810
    81  8.100000000  1.568702232  0.082442704
    82  8.200000000  1.565954150  0.079145001
    83  8.300000000  1.563315990  0.075979205
    84  8.400000000  1.560783356  0.072940040
    85  8.500000000  1.558352025  0.070022441
    86  8.600000000  1.556017948  0.067221545
    87  8.700000000  1.553777232  0.064532685
    88  8.800000000  1.551626145  0.061951379
    89  8.900000000  1.549561101  0.059473325
    90  9.000000000  1.547578658  0.057094393
    91  9.100000000  1.545675513  0.054810618
    92  9.200000000  1.543848493  0.052618194
    93  9.300000000  1.542094554  0.050513466
    94  9.400000000  1.540410772  0.048492928
    95  9.500000000  1.538794342  0.046553211
    96  9.600000000  1.537242568  0.044691083
    97  9.700000000  1.535752866  0.042903440
    98  9.800000000  1.534322752  0.041187302
    99  9.900000000  1.532949842  0.039539810
   100 10.000000000  1.531631848  0.037958218
