# Giai he phuong trinh vi phan bang phuong phap Euler
############################################################
     i            t           I1           I2
     0  0.000000000  0.000000000  0.000000000
     1  0.100000000  0.534000000  0.316800000
     2  0.200000000  0.961531200  0.564157440
     3  0.300000000  1.302163657  0.755058788
     4  0.400000000  1.571928915  0.900133866
     5  0.500000000  1.783957562  1.008080792
     6  0.600000000  1.949001999  1.086014408
     7  0.700000000  2.075865091  1.139751956
     8  0.800000000  2.171751635  1.174047317
     9  0.900000000  2.242556545  1.192783044
    10  1.000000000  2.293101138  1.199127822
    11  1.100000000  2.327326878  1.195665548
    12  1.200000000  2.348454214  1.184501158
    13  1.300000000  2.359112820  1.167347387
    14  1.400000000  2.361448366  1.145595882
    15  1.500000000  2.357210061  1.120375504
    16  1.600000000  2.347822412  1.092600108
    17  1.700000000  2.334444062  1.063007709
    18  1.800000000  2.318016011  1.032192578
    19  1.900000000  2.299301152  1.000631541
    20  2.000000000  2.278916668  0.968705532
    21  2.100000000  2.257360595  0.936717249
    22  2.200000000  2.235033577  0.904905611
    23  2.300000000  2.212256705  0.873457607
    24  2.400000000  2.189286126  0.842517992
    25  2.500000000  2.166325015  0.812197223
    26  2.600000000  2.143533377  0.782577960
    27  2.700000000  2.121036076  0.753720376
    28  2.800000000  2.098929412  0.725666504
    29  2.900000000  2.077286498  0.698443790
    30  3.000000000  2.056161666  0.672067992
    31  3.100000000  2.035594062  0.646545549
    32  3.200000000  2.015610601  0.621875514
    33  3.300000000  1.996228363  0.598051126
    34  3.400000000  1.977456563  0.575061090
    35  3.500000000  1.959298154  0.552890621
    36  3.600000000  1.941751135  0.531522287
    37  3.700000000  1.924809615  0.510936696
    38  3.800000000  1.908464680  0.491113046
    39  3.900000000  1.892705098  0.472029570
    40  4.000000000  1.877517890  0.453663899
    41  4.100000000  1.862888790  0.435993342
    42  4.200000000  1.848802623  0.418995118
    43  4.300000000  1.835243601  0.402646537
    44  4.400000000  1.822195564  0.386925134
    45  4.500000000  1.809642179  0.371808790
    46  4.600000000  1.797567084  0.357275804
    47  4.700000000  1.785954014  0.343304966
    48  4.800000000  1.774786896  0.329875597
    49  4.900000000  1.764049919  0.316967586
    50  5.000000000  1.753727590  0.304561409
    51  5.100000000  1.743804780  0.292638143
    52  5.200000000  1.734266748  0.281179472
    53  5.300000000  1.725099166  0.270167686
    54  5.400000000  1.716288132  0.259585682
    55  5.500000000  1.707820177  0.249416949
    56  5.600000000  1.699682269  0.239645566
    57  5.700000000  1.691861811  0.230256185
    58  5.800000000  1.684346639  0.221234016
    59  5.900000000  1.677125016  0.212564820
    60  6.000000000  1.670185623  0.204234884
    61  6.100000000  1.663517550  0.196231012
    62  6.200000000  1.657110290  0.188540508
    63  6.300000000  1.650953721  0.181151157
    64  6.400000000  1.645038102  0.174051209
    65  6.500000000  1.639354057  0.167229368
    66  6.600000000  1.633892565  0.160674768
    67  6.700000000  1.628644951  0.154376967
    68  6.800000000  1.623602868  0.148325922
    69  6.900000000  1.618758290  0.142511983
    70  7.000000000  1.614103502  0.136925871
    71  7.100000000  1.609631085  0.131558670
    72  7.200000000  1.605333908  0.126401811
    73  7.300000000  1.601205115  0.121447058
    74  7.400000000  1.597238117  0.116686495
    75  7.500000000  1.593426582  0.112112517
    76  7.600000000  1.589764423  0.107717815
    77  7.700000000  1.586245792  0.103495366
    78  7.800000000  1.582865067  0.099438421
    79  7.900000000  1.579616846  0.095540495
    80  8.000000000  1.576495940  0.091795357
    81  8.100000000  1.573497359  0.088197019
    82  8.200000000  1.570616312  0.084739729
    83  8.300000000  1.567848194  0.081417959
    84  8.400000000  1.565188578  0.078226397
    85  8.500000000  1.562633213  0.075159941
    86  8.600000000  1.560178013  0.072213686
    87  8.700000000  1.557819054  0.069382922
    88  8.800000000  1.555552562  0.066663121
    89  8.900000000  1.553374914  0.064049935
    90  9.000000000  1.551282627  0.061539184
    91  9.100000000  1.549272357  0.059126854
    92  9.200000000  1.547340887  0.056809086
    93  9.300000000  1.545485130  0.054582173
    94  9.400000000  1.543702117  0.052442555
    95  9.500000000  1.541988998  0.050386810
    96  9.600000000  1.540343033  0.048411649
    97  9.700000000  1.538761588  0.046513914
    98  9.800000000  1.537242136  0.044690570
    99  9.900000000  1.535782246  0.042938700
   100 10.000000000  1.534379583  0.041255504
