# Giai bai toan con lac bang RK4
#
#                    t                theta                omega
        0.00000000e+00       2.00000000e-01       0.00000000e+00
        1.00000000e-02       1.99901908e-01      -1.96167921e-02
        2.00000000e-02       1.99607728e-01      -3.92143418e-02
        3.00000000e-02       1.99117749e-01      -5.87734253e-02
        4.00000000e-02       1.98432452e-01      -7.82748568e-02
        5.00000000e-02       1.97552508e-01      -9.76995069e-02
        6.00000000e-02       1.96478781e-01      -1.17028322e-01
        7.00000000e-02       1.95212324e-01      -1.36242341e-01
        8.00000000e-02       1.93754380e-01      -1.55322718e-01
        9.00000000e-02       1.92106378e-01      -1.74250735e-01
        1.00000000e-01       1.90269935e-01      -1.93007826e-01
        1.10000000e-01       1.88246853e-01      -2.11575593e-01
        1.20000000e-01       1.86039115e-01      -2.29935820e-01
        1.30000000e-01       1.83648888e-01      -2.48070499e-01
        1.40000000e-01       1.81078516e-01      -2.65961841e-01
        1.50000000e-01       1.78330521e-01      -2.83592295e-01
        1.60000000e-01       1.75407598e-01      -3.00944568e-01
        1.70000000e-01       1.72312614e-01      -3.18001639e-01
        1.80000000e-01       1.69048605e-01      -3.34746776e-01
        1.90000000e-01       1.65618773e-01      -3.51163552e-01
        2.00000000e-01       1.62026482e-01      -3.67235866e-01
        2.10000000e-01       1.58275256e-01      -3.82947951e-01
        2.20000000e-01       1.54368775e-01      -3.98284394e-01
        2.30000000e-01       1.50310871e-01      -4.13230152e-01
        2.40000000e-01       1.46105524e-01      -4.27770565e-01
        2.50000000e-01       1.41756858e-01      -4.41891369e-01
        2.60000000e-01       1.37269141e-01      -4.55578713e-01
        2.70000000e-01       1.32646774e-01      -4.68819171e-01
        2.80000000e-01       1.27894291e-01      -4.81599755e-01
        2.90000000e-01       1.23016354e-01      -4.93907928e-01
        3.00000000e-01       1.18017747e-01      -5.05731618e-01
        3.10000000e-01       1.12903375e-01      -5.17059225e-01
        3.20000000e-01       1.07678254e-01      -5.27879638e-01
        3.30000000e-01       1.02347508e-01      -5.38182244e-01
        3.40000000e-01       9.69163685e-02      -5.47956936e-01
        3.50000000e-01       9.13901615e-02      -5.57194126e-01
        3.60000000e-01       8.57743080e-02      -5.65884754e-01
        3.70000000e-01       8.00743168e-02      -5.74020294e-01
        3.80000000e-01       7.42957792e-02      -5.81592766e-01
        3.90000000e-01       6.84443633e-02      -5.88594743e-01
        4.00000000e-01       6.25258090e-02      -5.95019355e-01
        4.10000000e-01       5.65459219e-02      -6.00860301e-01
        4.20000000e-01       5.05105678e-02      -6.06111851e-01
        4.30000000e-01       4.44256669e-02      -6.10768854e-01
        4.40000000e-01       3.82971880e-02      -6.14826741e-01
        4.50000000e-01       3.21311426e-02      -6.18281533e-01
        4.60000000e-01       2.59335791e-02      -6.21129841e-01
        4.70000000e-01       1.97105768e-02      -6.23368870e-01
        4.80000000e-01       1.34682401e-02      -6.24996424e-01
        4.90000000e-01       7.21269210e-03      -6.26010906e-01
        5.00000000e-01       9.50069029e-04      -6.26411322e-01
        5.10000000e-01      -5.31348598e-03      -6.26197279e-01
        5.20000000e-01      -1.15718289e-02      -6.25368987e-01
        5.30000000e-01      -1.78188208e-02      -6.23927258e-01
        5.40000000e-01      -2.40483338e-02      -6.21873506e-01
        5.50000000e-01      -3.02542574e-02      -6.19209746e-01
        5.60000000e-01      -3.64305039e-02      -6.15938591e-01
        5.70000000e-01      -4.25710151e-02      -6.12063250e-01
        5.80000000e-01      -4.86697675e-02      -6.07587524e-01
        5.90000000e-01      -5.47207787e-02      -6.02515803e-01
        6.00000000e-01      -6.07181133e-02      -5.96853062e-01
        6.10000000e-01      -6.66558883e-02      -5.90604857e-01
        6.20000000e-01      -7.25282791e-02      -5.83777315e-01
        6.30000000e-01      -7.83295256e-02      -5.76377135e-01
        6.40000000e-01      -8.40539371e-02      -5.68411575e-01
        6.50000000e-01      -8.96958984e-02      -5.59888449e-01
        6.60000000e-01      -9.52498752e-02      -5.50816117e-01
        6.70000000e-01      -1.00710420e-01      -5.41203479e-01
        6.80000000e-01      -1.06072175e-01      -5.31059963e-01
        6.90000000e-01      -1.11329882e-01      -5.20395521e-01
        7.00000000e-01      -1.16478384e-01      -5.09220612e-01
        7.10000000e-01      -1.21512629e-01      -4.97546198e-01
        7.20000000e-01      -1.26427681e-01      -4.85383732e-01
        7.30000000e-01      -1.31218717e-01      -4.72745143e-01
        7.40000000e-01      -1.35881038e-01      -4.59642829e-01
        7.50000000e-01      -1.40410070e-01      -4.46089642e-01
        7.60000000e-01      -1.44801372e-01      -4.32098877e-01
        7.70000000e-01      -1.49050635e-01      -4.17684258e-01
        7.80000000e-01      -1.53153691e-01      -4.02859924e-01
        7.90000000e-01      -1.57106516e-01      -3.87640417e-01
        8.00000000e-01      -1.60905232e-01      -3.72040665e-01
        8.10000000e-01      -1.64546113e-01      -3.56075972e-01
        8.20000000e-01      -1.68025587e-01      -3.39761996e-01
        8.30000000e-01      -1.71340242e-01      -3.23114742e-01
        8.40000000e-01      -1.74486825e-01      -3.06150537e-01
        8.50000000e-01      -1.77462251e-01      -2.88886024e-01
        8.60000000e-01      -1.80263601e-01      -2.71338136e-01
        8.70000000e-01      -1.82888127e-01      -2.53524088e-01
        8.80000000e-01      -1.85333254e-01      -2.35461353e-01
        8.90000000e-01      -1.87596584e-01      -2.17167649e-01
        9.00000000e-01      -1.89675897e-01      -1.98660921e-01
        9.10000000e-01      -1.91569153e-01      -1.79959322e-01
        9.20000000e-01      -1.93274495e-01      -1.61081198e-01
        9.30000000e-01      -1.94790250e-01      -1.42045067e-01
        9.40000000e-01      -1.96114931e-01      -1.22869600e-01
        9.50000000e-01      -1.97247240e-01      -1.03573608e-01
        9.60000000e-01      -1.98186065e-01      -8.41760190e-02
        9.70000000e-01      -1.98930485e-01      -6.46958598e-02
        9.80000000e-01      -1.99479771e-01      -4.51522392e-02
        9.90000000e-01      -1.99833382e-01      -2.55643279e-02
        1.00000000e+00      -1.99990974e-01      -5.95133997e-03
        1.01000000e+00      -1.99952390e-01       1.36674857e-02
        1.02000000e+00      -1.99717669e-01       3.32729047e-02
        1.03000000e+00      -1.99287040e-01       5.28456856e-02
        1.04000000e+00      -1.98660928e-01       7.23666291e-02
        1.05000000e+00      -1.97839944e-01       9.18165868e-02
        1.06000000e+00      -1.96824896e-01       1.11176480e-01
        1.07000000e+00      -1.95616778e-01       1.30427318e-01
        1.08000000e+00      -1.94216776e-01       1.49550217e-01
        1.09000000e+00      -1.92626263e-01       1.68526419e-01
        1.10000000e+00      -1.90846799e-01       1.87337310e-01
        1.11000000e+00      -1.88880129e-01       2.05964439e-01
        1.12000000e+00      -1.86728184e-01       2.24389533e-01
        1.13000000e+00      -1.84393073e-01       2.42594518e-01
        1.14000000e+00      -1.81877087e-01       2.60561538e-01
        1.15000000e+00      -1.79182694e-01       2.78272968e-01
        1.16000000e+00      -1.76312537e-01       2.95711435e-01
        1.17000000e+00      -1.73269432e-01       3.12859832e-01
        1.18000000e+00      -1.70056364e-01       3.29701339e-01
        1.19000000e+00      -1.66676483e-01       3.46219436e-01
        1.20000000e+00      -1.63133107e-01       3.62397918e-01
        1.21000000e+00      -1.59429710e-01       3.78220918e-01
        1.22000000e+00      -1.55569925e-01       3.93672913e-01
        1.23000000e+00      -1.51557539e-01       4.08738747e-01
        1.24000000e+00      -1.47396487e-01       4.23403641e-01
        1.25000000e+00      -1.43090851e-01       4.37653209e-01
        1.26000000e+00      -1.38644854e-01       4.51473475e-01
        1.27000000e+00      -1.34062858e-01       4.64850882e-01
        1.28000000e+00      -1.29349356e-01       4.77772308e-01
        1.29000000e+00      -1.24508974e-01       4.90225077e-01
        1.30000000e+00      -1.19546458e-01       5.02196974e-01
        1.31000000e+00      -1.14466677e-01       5.13676257e-01
        1.32000000e+00      -1.09274613e-01       5.24651664e-01
        1.33000000e+00      -1.03975359e-01       5.35112430e-01
        1.34000000e+00      -9.85741137e-02       5.45048294e-01
        1.35000000e+00      -9.30761753e-02       5.54449509e-01
        1.36000000e+00      -8.74869366e-02       5.63306854e-01
        1.37000000e+00      -8.18118802e-02       5.71611640e-01
        1.38000000e+00      -7.60565730e-02       5.79355720e-01
        1.39000000e+00      -7.02266603e-02       5.86531500e-01
        1.40000000e+00      -6.43278609e-02       5.93131938e-01
        1.41000000e+00      -5.83659611e-02       5.99150562e-01
        1.42000000e+00      -5.23468089e-02       6.04581468e-01
        1.43000000e+00      -4.62763087e-02       6.09419327e-01
        1.44000000e+00      -4.01604152e-02       6.13659395e-01
        1.45000000e+00      -3.40051275e-02       6.17297512e-01
        1.46000000e+00      -2.78164835e-02       6.20330110e-01
        1.47000000e+00      -2.16005538e-02       6.22754214e-01
        1.48000000e+00      -1.53634356e-02       6.24567446e-01
        1.49000000e+00      -9.11124717e-03       6.25768027e-01
        1.50000000e+00      -2.85012133e-03       6.26354780e-01
        1.51000000e+00       3.41380025e-03       6.26327130e-01
        1.52000000e+00       9.67437317e-03       6.25685102e-01
        1.53000000e+00       1.59254563e-02       6.24429328e-01
        1.54000000e+00       2.21609178e-02       6.22561038e-01
        1.55000000e+00       2.83746413e-02       6.20082067e-01
        1.56000000e+00       3.45605315e-02       6.16994844e-01
        1.57000000e+00       4.07125206e-02       6.13302399e-01
        1.58000000e+00       4.68245740e-02       6.09008354e-01
        1.59000000e+00       5.28906962e-02       6.04116920e-01
        1.60000000e+00       5.89049369e-02       5.98632896e-01
        1.61000000e+00       6.48613966e-02       5.92561661e-01
        1.62000000e+00       7.07542325e-02       5.85909170e-01
        1.63000000e+00       7.65776641e-02       5.78681950e-01
        1.64000000e+00       8.23259792e-02       5.70887089e-01
        1.65000000e+00       8.79935391e-02       5.62532234e-01
        1.66000000e+00       9.35747844e-02       5.53625579e-01
        1.67000000e+00       9.90642403e-02       5.44175863e-01
        1.68000000e+00       1.04456522e-01       5.34192353e-01
        1.69000000e+00       1.09746341e-01       5.23684844e-01
        1.70000000e+00       1.14928507e-01       5.12663642e-01
        1.71000000e+00       1.19997937e-01       5.01139558e-01
        1.72000000e+00       1.24949659e-01       4.89123896e-01
        1.73000000e+00       1.29778815e-01       4.76628443e-01
        1.74000000e+00       1.34480669e-01       4.63665455e-01
        1.75000000e+00       1.39050608e-01       4.50247649e-01
        1.76000000e+00       1.43484150e-01       4.36388187e-01
        1.77000000e+00       1.47776945e-01       4.22100662e-01
        1.78000000e+00       1.51924783e-01       4.07399090e-01
        1.79000000e+00       1.55923595e-01       3.92297893e-01
        1.80000000e+00       1.59769458e-01       3.76811883e-01
        1.81000000e+00       1.63458600e-01       3.60956251e-01
        1.82000000e+00       1.66987403e-01       3.44746549e-01
        1.83000000e+00       1.70352404e-01       3.28198679e-01
        1.84000000e+00       1.73550303e-01       3.11328872e-01
        1.85000000e+00       1.76577963e-01       2.94153677e-01
        1.86000000e+00       1.79432415e-01       2.76689940e-01
        1.87000000e+00       1.82110857e-01       2.58954793e-01
        1.88000000e+00       1.84610664e-01       2.40965632e-01
        1.89000000e+00       1.86929382e-01       2.22740103e-01
        1.90000000e+00       1.89064737e-01       2.04296084e-01
        1.91000000e+00       1.91014636e-01       1.85651666e-01
        1.92000000e+00       1.92777164e-01       1.66825140e-01
        1.93000000e+00       1.94350593e-01       1.47834971e-01
        1.94000000e+00       1.95733380e-01       1.28699788e-01
        1.95000000e+00       1.96924168e-01       1.09438361e-01
        1.96000000e+00       1.97921789e-01       9.00695832e-02
        1.97000000e+00       1.98725265e-01       7.06124547e-02
        1.98000000e+00       1.99333807e-01       5.10860610e-02
        1.99000000e+00       1.99746819e-01       3.15095561e-02
        2.00000000e+00       1.99963895e-01       1.19021427e-02
        2.01000000e+00       1.99984823e-01      -7.71694562e-03
        2.02000000e+00       1.99809582e-01      -2.73284643e-02
        2.03000000e+00       1.99438343e-01      -4.69131759e-02
        2.04000000e+00       1.98871472e-01      -6.64518695e-02
        2.05000000e+00       1.98109523e-01      -8.59253791e-02
        2.06000000e+00       1.97153245e-01      -1.05314603e-01
        2.07000000e+00       1.96003575e-01      -1.24600521e-01
        2.08000000e+00       1.94661642e-01      -1.43764217e-01
        2.09000000e+00       1.93128761e-01      -1.62786891e-01
        2.10000000e+00       1.91406436e-01      -1.81649884e-01
        2.11000000e+00       1.89496357e-01      -2.00334694e-01
        2.12000000e+00       1.87400398e-01      -2.18822991e-01
        2.13000000e+00       1.85120613e-01      -2.37096640e-01
        2.14000000e+00       1.82659240e-01      -2.55137717e-01
        2.15000000e+00       1.80018693e-01      -2.72928524e-01
        2.16000000e+00       1.77201562e-01      -2.90451610e-01
        2.17000000e+00       1.74210611e-01      -3.07689786e-01
        2.18000000e+00       1.71048773e-01      -3.24626143e-01
        2.19000000e+00       1.67719149e-01      -3.41244068e-01
        2.20000000e+00       1.64225007e-01      -3.57527260e-01
        2.21000000e+00       1.60569773e-01      -3.73459746e-01
        2.22000000e+00       1.56757033e-01      -3.89025898e-01
        2.23000000e+00       1.52790527e-01      -4.04210447e-01
        2.24000000e+00       1.48674146e-01      -4.18998499e-01
        2.25000000e+00       1.44411928e-01      -4.33375546e-01
        2.26000000e+00       1.40008052e-01      -4.47327486e-01
        2.27000000e+00       1.35466841e-01      -4.60840634e-01
        2.28000000e+00       1.30792747e-01      -4.73901735e-01
        2.29000000e+00       1.25990356e-01      -4.86497975e-01
        2.30000000e+00       1.21064378e-01      -4.98617001e-01
        2.31000000e+00       1.16019646e-01      -5.10246923e-01
        2.32000000e+00       1.10861108e-01      -5.21376334e-01
        2.33000000e+00       1.05593824e-01      -5.31994316e-01
        2.34000000e+00       1.00222961e-01      -5.42090455e-01
        2.35000000e+00       9.47537878e-02      -5.51654846e-01
        2.36000000e+00       8.91916683e-02      -5.60678108e-01
        2.37000000e+00       8.35420590e-02      -5.69151390e-01
        2.38000000e+00       7.78105017e-02      -5.77066380e-01
        2.39000000e+00       7.20026184e-02      -5.84415314e-01
        2.40000000e+00       6.61241064e-02      -5.91190984e-01
        2.41000000e+00       6.01807319e-02      -5.97386743e-01
        2.42000000e+00       5.41783250e-02      -6.02996513e-01
        2.43000000e+00       4.81227735e-02      -6.08014792e-01
        2.44000000e+00       4.20200174e-02      -6.12436658e-01
        2.45000000e+00       3.58760430e-02      -6.16257772e-01
        2.46000000e+00       2.96968771e-02      -6.19474386e-01
        2.47000000e+00       2.34885809e-02      -6.22083346e-01
        2.48000000e+00       1.72572444e-02      -6.24082093e-01
        2.49000000e+00       1.10089798e-02      -6.25468664e-01
        2.50000000e+00       4.74991637e-03      -6.26241701e-01
        2.51000000e+00      -1.51380638e-03      -6.26400445e-01
        2.52000000e+00      -7.77604421e-03      -6.25944741e-01
        2.53000000e+00      -1.40306544e-02      -6.24875035e-01
        2.54000000e+00      -2.02715016e-02      -6.23192377e-01
        2.55000000e+00      -2.64924641e-02      -6.20898417e-01
        2.56000000e+00      -3.26874396e-02      -6.17995405e-01
        2.57000000e+00      -3.88503513e-02      -6.14486190e-01
        2.58000000e+00      -4.49751540e-02      -6.10374212e-01
        2.59000000e+00      -5.10558396e-02      -6.05663507e-01
        2.60000000e+00      -5.70864436e-02      -6.00358694e-01
        2.61000000e+00      -6.30610504e-02      -5.94464978e-01
        2.62000000e+00      -6.89737993e-02      -5.87988139e-01
        2.63000000e+00      -7.48188904e-02      -5.80934531e-01
        2.64000000e+00      -8.05905902e-02      -5.73311073e-01
        2.65000000e+00      -8.62832372e-02      -5.65125243e-01
        2.66000000e+00      -9.18912471e-02      -5.56385070e-01
        2.67000000e+00      -9.74091192e-02      -5.47099128e-01
        2.68000000e+00      -1.02831441e-01      -5.37276525e-01
        2.69000000e+00      -1.08152893e-01      -5.26926898e-01
        2.70000000e+00      -1.13368256e-01      -5.16060397e-01
        2.71000000e+00      -1.18472413e-01      -5.04687683e-01
        2.72000000e+00      -1.23460359e-01      -4.92819910e-01
        2.73000000e+00      -1.28327200e-01      -4.80468721e-01
        2.74000000e+00      -1.33068162e-01      -4.67646230e-01
        2.75000000e+00      -1.37678595e-01      -4.54365016e-01
        2.76000000e+00      -1.42153977e-01      -4.40638106e-01
        2.77000000e+00      -1.46489917e-01      -4.26478966e-01
        2.78000000e+00      -1.50682161e-01      -4.11901484e-01
        2.79000000e+00      -1.54726599e-01      -3.96919959e-01
        2.80000000e+00      -1.58619263e-01      -3.81549088e-01
        2.81000000e+00      -1.62356333e-01      -3.65803948e-01
        2.82000000e+00      -1.65934146e-01      -3.49699984e-01
        2.83000000e+00      -1.69349190e-01      -3.33252992e-01
        2.84000000e+00      -1.72598116e-01      -3.16479106e-01
        2.85000000e+00      -1.75677737e-01      -2.99394778e-01
        2.86000000e+00      -1.78585032e-01      -2.82016769e-01
        2.87000000e+00      -1.81317150e-01      -2.64362124e-01
        2.88000000e+00      -1.83871410e-01      -2.46448161e-01
        2.89000000e+00      -1.86245307e-01      -2.28292452e-01
        2.90000000e+00      -1.88436513e-01      -2.09912806e-01
        2.91000000e+00      -1.90442877e-01      -1.91327253e-01
        2.92000000e+00      -1.92262432e-01      -1.72554023e-01
        2.93000000e+00      -1.93893393e-01      -1.53611531e-01
        2.94000000e+00      -1.95334160e-01      -1.34518359e-01
        2.95000000e+00      -1.96583320e-01      -1.15293235e-01
        2.96000000e+00      -1.97639648e-01      -9.59550174e-02
        2.97000000e+00      -1.98502107e-01      -7.65226758e-02
        2.98000000e+00      -1.99169851e-01      -5.70152717e-02
        2.99000000e+00      -1.99642226e-01      -3.74519401e-02
        3.00000000e+00      -1.99918768e-01      -1.78518712e-02
        3.01000000e+00      -1.99999205e-01       1.76570898e-03
        3.02000000e+00      -1.99883459e-01       2.13815571e-02
        3.03000000e+00      -1.99571644e-01       4.09764317e-02
        3.04000000e+00      -1.99064065e-01       6.05311117e-02
        3.05000000e+00      -1.98361220e-01       8.00264155e-02
        3.06000000e+00      -1.97463798e-01       9.94432198e-02
        3.07000000e+00      -1.96372680e-01       1.18762478e-01
        3.08000000e+00      -1.95088937e-01       1.37965240e-01
        3.09000000e+00      -1.93613827e-01       1.57032669e-01
        3.10000000e+00      -1.91948797e-01       1.75946062e-01
        3.11000000e+00      -1.90095481e-01       1.94686866e-01
        3.12000000e+00      -1.88055696e-01       2.13236697e-01
        3.13000000e+00      -1.85831444e-01       2.31577361e-01
        3.14000000e+00      -1.83424906e-01       2.49690866e-01
        3.15000000e+00      -1.80838443e-01       2.67559444e-01
        3.16000000e+00      -1.78074592e-01       2.85165567e-01
        3.17000000e+00      -1.75136064e-01       3.02491966e-01
        3.18000000e+00      -1.72025742e-01       3.19521645e-01
        3.19000000e+00      -1.68746676e-01       3.36237898e-01
        3.20000000e+00      -1.65302084e-01       3.52624330e-01
        3.21000000e+00      -1.61695343e-01       3.68664864e-01
        3.22000000e+00      -1.57929992e-01       3.84343769e-01
        3.23000000e+00      -1.54009724e-01       3.99645663e-01
        3.24000000e+00      -1.49938385e-01       4.14555536e-01
        3.25000000e+00      -1.45719969e-01       4.29058764e-01
        3.26000000e+00      -1.41358613e-01       4.43141120e-01
        3.27000000e+00      -1.36858596e-01       4.56788789e-01
        3.28000000e+00      -1.32224331e-01       4.69988386e-01
        3.29000000e+00      -1.27460365e-01       4.82726962e-01
        3.30000000e+00      -1.22571370e-01       4.94992021e-01
        3.31000000e+00      -1.17562143e-01       5.06771533e-01
        3.32000000e+00      -1.12437597e-01       5.18053942e-01
        3.33000000e+00      -1.07202758e-01       5.28828182e-01
        3.34000000e+00      -1.01862763e-01       5.39083684e-01
        3.35000000e+00      -9.64228475e-02       5.48810389e-01
        3.36000000e+00      -9.08883494e-02       5.57998754e-01
        3.37000000e+00      -8.52646971e-02       5.66639767e-01
        3.38000000e+00      -7.95574069e-02       5.74724952e-01
        3.39000000e+00      -7.37720774e-02       5.82246378e-01
        3.40000000e+00      -6.79143833e-02       5.89196667e-01
        3.41000000e+00      -6.19900707e-02       5.95569002e-01
        3.42000000e+00      -5.60049508e-02       6.01357131e-01
        3.43000000e+00      -4.99648945e-02       6.06555376e-01
        3.44000000e+00      -4.38758267e-02       6.11158640e-01
        3.45000000e+00      -3.77437202e-02       6.15162406e-01
        3.46000000e+00      -3.15745902e-02       6.18562747e-01
        3.47000000e+00      -2.53744880e-02       6.21356328e-01
        3.48000000e+00      -1.91494954e-02       6.23540408e-01
        3.49000000e+00      -1.29057188e-02       6.25112845e-01
        3.50000000e+00      -6.64928266e-03       6.26072096e-01
        3.51000000e+00      -3.86324122e-04       6.26417220e-01
        3.52000000e+00       5.87701337e-03       6.26147880e-01
        3.53000000e+00       1.21345860e-02       6.25264339e-01
        3.54000000e+00       1.83802555e-02       6.23767464e-01
        3.55000000e+00       2.46078955e-02       6.21658722e-01
        3.56000000e+00       3.08113972e-02       6.18940184e-01
        3.57000000e+00       3.69846753e-02       6.15614515e-01
        3.58000000e+00       4.31216744e-02       6.11684977e-01
        3.59000000e+00       4.92163746e-02       6.07155425e-01
        3.60000000e+00       5.52627975e-02       6.02030303e-01
        3.61000000e+00       6.12550120e-02       5.96314637e-01
        3.62000000e+00       6.71871403e-02       5.90014035e-01
        3.63000000e+00       7.30533634e-02       5.83134676e-01
        3.64000000e+00       7.88479270e-02       5.75683308e-01
        3.65000000e+00       8.45651471e-02       5.67667242e-01
        3.66000000e+00       9.01994155e-02       5.59094339e-01
        3.67000000e+00       9.57452056e-02       5.49973010e-01
        3.68000000e+00       1.01197077e-01       5.40312201e-01
        3.69000000e+00       1.06549683e-01       5.30121390e-01
        3.70000000e+00       1.11797772e-01       5.19410571e-01
        3.71000000e+00       1.16936196e-01       5.08190253e-01
        3.72000000e+00       1.21959915e-01       4.96471441e-01
        3.73000000e+00       1.26864001e-01       4.84265630e-01
        3.74000000e+00       1.31643644e-01       4.71584794e-01
        3.75000000e+00       1.36294155e-01       4.58441370e-01
        3.76000000e+00       1.40810972e-01       4.44848252e-01
        3.77000000e+00       1.45189665e-01       4.30818774e-01
        3.78000000e+00       1.49425939e-01       4.16366698e-01
        3.79000000e+00       1.53515638e-01       4.01506199e-01
        3.80000000e+00       1.57454750e-01       3.86251854e-01
        3.81000000e+00       1.61239412e-01       3.70618628e-01
        3.82000000e+00       1.64865911e-01       3.54621854e-01
        3.83000000e+00       1.68330689e-01       3.38277225e-01
        3.84000000e+00       1.71630349e-01       3.21600772e-01
        3.85000000e+00       1.74761653e-01       3.04608856e-01
        3.86000000e+00       1.77721530e-01       2.87318142e-01
        3.87000000e+00       1.80507076e-01       2.69745593e-01
        3.88000000e+00       1.83115560e-01       2.51908444e-01
        3.89000000e+00       1.85544421e-01       2.33824194e-01
        3.90000000e+00       1.87791279e-01       2.15510581e-01
        3.91000000e+00       1.89853928e-01       1.96985569e-01
        3.92000000e+00       1.91730346e-01       1.78267330e-01
        3.93000000e+00       1.93418692e-01       1.59374226e-01
        3.94000000e+00       1.94917310e-01       1.40324788e-01
        3.95000000e+00       1.96224729e-01       1.21137702e-01
        3.96000000e+00       1.97339668e-01       1.01831790e-01
        3.97000000e+00       1.98261032e-01       8.24259898e-02
        3.98000000e+00       1.98987918e-01       6.29393359e-02
        3.99000000e+00       1.99519613e-01       4.33909436e-02
        4.00000000e+00       1.99855595e-01       2.37999883e-02
        4.01000000e+00       1.99995535e-01       4.18568702e-03
        4.02000000e+00       1.99939295e-01      -1.54327200e-02
        4.03000000e+00       1.99686931e-01      -3.50359888e-02
        4.04000000e+00       1.99238690e-01      -5.46048901e-02
        4.05000000e+00       1.98595011e-01      -7.41202284e-02
        4.06000000e+00       1.97756527e-01      -9.35628607e-02
        4.07000000e+00       1.96724060e-01      -1.12913715e-01
        4.08000000e+00       1.95498622e-01      -1.32153811e-01
        4.09000000e+00       1.94081416e-01      -1.51264274e-01
        4.10000000e+00       1.92473832e-01      -1.70226359e-01
        4.11000000e+00       1.90677446e-01      -1.89021465e-01
        4.12000000e+00       1.88694020e-01      -2.07631157e-01
        4.13000000e+00       1.86525501e-01      -2.26037179e-01
        4.14000000e+00       1.84174016e-01      -2.44221477e-01
        4.15000000e+00       1.81641870e-01      -2.62166213e-01
        4.16000000e+00       1.78931549e-01      -2.79853785e-01
        4.17000000e+00       1.76045710e-01      -2.97266843e-01
        4.18000000e+00       1.72987184e-01      -3.14388306e-01
        4.19000000e+00       1.69758972e-01      -3.31201379e-01
        4.20000000e+00       1.66364240e-01      -3.47689570e-01
        4.21000000e+00       1.62806317e-01      -3.63836706e-01
        4.22000000e+00       1.59088695e-01      -3.79626947e-01
        4.23000000e+00       1.55215020e-01      -3.95044805e-01
        4.24000000e+00       1.51189091e-01      -4.10075155e-01
        4.25000000e+00       1.47014858e-01      -4.24703254e-01
        4.26000000e+00       1.42696415e-01      -4.38914754e-01
        4.27000000e+00       1.38237998e-01      -4.52695713e-01
        4.28000000e+00       1.33643981e-01      -4.66032615e-01
        4.29000000e+00       1.28918869e-01      -4.78912375e-01
        4.30000000e+00       1.24067299e-01      -4.91322361e-01
        4.31000000e+00       1.19094029e-01      -5.03250399e-01
        4.32000000e+00       1.14003937e-01      -5.14684789e-01
        4.33000000e+00       1.08802016e-01      -5.25614315e-01
        4.34000000e+00       1.03493369e-01      -5.36028255e-01
        4.35000000e+00       9.80832038e-02      -5.45916394e-01
        4.36000000e+00       9.25768265e-02      -5.55269033e-01
        4.37000000e+00       8.69796388e-02      -5.64076997e-01
        4.38000000e+00       8.12971311e-02      -5.72331648e-01
        4.39000000e+00       7.55348774e-02      -5.80024887e-01
        4.40000000e+00       6.96985300e-02      -5.87149168e-01
        4.41000000e+00       6.37938140e-02      -5.93697502e-01
        4.42000000e+00       5.78265214e-02      -5.99663467e-01
        4.43000000e+00       5.18025056e-02      -6.05041211e-01
        4.44000000e+00       4.57276757e-02      -6.09825457e-01
        4.45000000e+00       3.96079906e-02      -6.14011514e-01
        4.46000000e+00       3.34494532e-02      -6.17595274e-01
        4.47000000e+00       2.72581046e-02      -6.20573224e-01
        4.48000000e+00       2.10400180e-02      -6.22942440e-01
        4.49000000e+00       1.48012928e-02      -6.24700600e-01
        4.50000000e+00       8.54804876e-03      -6.25845979e-01
        4.51000000e+00       2.28641976e-03      -6.26377453e-01
        4.52000000e+00      -3.97745205e-03      -6.26294501e-01
        4.53000000e+00      -1.02374223e-02      -6.25597205e-01
        4.54000000e+00      -1.64873504e-02      -6.24286247e-01
        4.55000000e+00      -2.27211058e-02      -6.22362915e-01
        4.56000000e+00      -2.89325736e-02      -6.19829095e-01
        4.57000000e+00      -3.51156609e-02      -6.16687273e-01
        4.58000000e+00      -4.12643025e-02      -6.12940529e-01
        4.59000000e+00      -4.73724671e-02      -6.08592540e-01
        4.60000000e+00      -5.34341632e-02      -6.03647571e-01
        4.61000000e+00      -5.94434446e-02      -5.98110471e-01
        4.62000000e+00      -6.53944168e-02      -5.91986674e-01
        4.63000000e+00      -7.12812423e-02      -5.85282185e-01
        4.64000000e+00      -7.70981466e-02      -5.78003581e-01
        4.65000000e+00      -8.28394238e-02      -5.70158001e-01
        4.66000000e+00      -8.84994422e-02      -5.61753143e-01
        4.67000000e+00      -9.40726498e-02      -5.52797250e-01
        4.68000000e+00      -9.95535796e-02      -5.43299107e-01
        4.69000000e+00      -1.04936855e-01      -5.33268031e-01
        4.70000000e+00      -1.10217196e-01      -5.22713862e-01
        4.71000000e+00      -1.15389423e-01      -5.11646953e-01
        4.72000000e+00      -1.20448462e-01      -5.00078159e-01
        4.73000000e+00      -1.25389351e-01      -4.88018828e-01
        4.74000000e+00      -1.30207243e-01      -4.75480790e-01
        4.75000000e+00      -1.34897412e-01      -4.62476344e-01
        4.76000000e+00      -1.39455258e-01      -4.49018245e-01
        4.77000000e+00      -1.43876309e-01      -4.35119696e-01
        4.78000000e+00      -1.48156229e-01      -4.20794329e-01
        4.79000000e+00      -1.52290819e-01      -4.06056196e-01
        4.80000000e+00      -1.56276025e-01      -3.90919755e-01
        4.81000000e+00      -1.60107936e-01      -3.75399854e-01
        4.82000000e+00      -1.63782794e-01      -3.59511714e-01
        4.83000000e+00      -1.67296995e-01      -3.43270923e-01
        4.84000000e+00      -1.70647090e-01      -3.26693411e-01
        4.85000000e+00      -1.73829795e-01      -3.09795438e-01
        4.86000000e+00      -1.76841986e-01      -2.92593581e-01
        4.87000000e+00      -1.79680710e-01      -2.75104713e-01
        4.88000000e+00      -1.82343181e-01      -2.57345990e-01
        4.89000000e+00      -1.84826788e-01      -2.39334831e-01
        4.90000000e+00      -1.87129095e-01      -2.21088903e-01
        4.91000000e+00      -1.89247843e-01      -2.02626105e-01
        4.92000000e+00      -1.91180954e-01      -1.83964547e-01
        4.93000000e+00      -1.92926532e-01      -1.65122535e-01
        4.94000000e+00      -1.94482865e-01      -1.46118550e-01
        4.95000000e+00      -1.95848426e-01      -1.26971235e-01
        4.96000000e+00      -1.97021875e-01      -1.07699372e-01
        4.97000000e+00      -1.98002061e-01      -8.83218638e-02
        4.98000000e+00      -1.98788023e-01      -6.88577191e-02
        4.99000000e+00      -1.99378990e-01      -4.93260305e-02
        5.00000000e+00      -1.99774382e-01      -2.97459571e-02
        5.01000000e+00      -1.99973812e-01      -1.01367052e-02
        5.02000000e+00      -1.99977083e-01       9.48248994e-03
        5.03000000e+00      -1.99784193e-01       2.90923835e-02
        5.04000000e+00      -1.99395331e-01       4.86737398e-02
        5.05000000e+00      -1.98810877e-01       6.82073511e-02
        5.06000000e+00      -1.98031407e-01       8.76740564e-02
        5.07000000e+00      -1.97057683e-01       1.07054760e-01
        5.08000000e+00      -1.95890662e-01       1.26330452e-01
        5.09000000e+00      -1.94531487e-01       1.45482224e-01
        5.10000000e+00      -1.92981493e-01       1.64491290e-01
        5.11000000e+00      -1.91242199e-01       1.83339003e-01
        5.12000000e+00      -1.89315312e-01       2.02006875e-01
        5.13000000e+00      -1.87202722e-01       2.20476594e-01
        5.14000000e+00      -1.84906501e-01       2.38730043e-01
        5.15000000e+00      -1.82428902e-01       2.56749318e-01
        5.16000000e+00      -1.79772355e-01       2.74516742e-01
        5.17000000e+00      -1.76939465e-01       2.92014887e-01
        5.18000000e+00      -1.73933012e-01       3.09226589e-01
        5.19000000e+00      -1.70755944e-01       3.26134964e-01
        5.20000000e+00      -1.67411379e-01       3.42723428e-01
        5.21000000e+00      -1.63902596e-01       3.58975707e-01
        5.22000000e+00      -1.60233039e-01       3.74875859e-01
        5.23000000e+00      -1.56406305e-01       3.90408289e-01
        5.24000000e+00      -1.52426149e-01       4.05557759e-01
        5.25000000e+00      -1.48296476e-01       4.20309410e-01
        5.26000000e+00      -1.44021336e-01       4.34648770e-01
        5.27000000e+00      -1.39604922e-01       4.48561776e-01
        5.28000000e+00      -1.35051567e-01       4.62034778e-01
        5.29000000e+00      -1.30365737e-01       4.75054561e-01
        5.30000000e+00      -1.25552029e-01       4.87608353e-01
        5.31000000e+00      -1.20615165e-01       4.99683841e-01
        5.32000000e+00      -1.15559986e-01       5.11269179e-01
        5.33000000e+00      -1.10391453e-01       5.22353004e-01
        5.34000000e+00      -1.05114634e-01       5.32924441e-01
        5.35000000e+00      -9.97347067e-02       5.42973123e-01
        5.36000000e+00      -9.42569474e-02       5.52489191e-01
        5.37000000e+00      -8.86867295e-02       5.61463312e-01
        5.38000000e+00      -8.30295171e-02       5.69886683e-01
        5.39000000e+00      -7.72908594e-02       5.77751040e-01
        5.40000000e+00      -7.14763856e-02       5.85048670e-01
        5.41000000e+00      -6.55917991e-02       5.91772414e-01
        5.42000000e+00      -5.96428724e-02       5.97915677e-01
        5.43000000e+00      -5.36354408e-02       6.03472432e-01
        5.44000000e+00      -4.75753971e-02       6.08437230e-01
        5.45000000e+00      -4.14686858e-02       6.12805199e-01
        5.46000000e+00      -3.53212970e-02       6.16572056e-01
        5.47000000e+00      -2.91392608e-02       6.19734105e-01
        5.48000000e+00      -2.29286414e-02       6.22288244e-01
        5.49000000e+00      -1.66955308e-02       6.24231968e-01
        5.50000000e+00      -1.04460433e-02       6.25563371e-01
        5.51000000e+00      -4.18630901e-03       6.26281147e-01
        5.52000000e+00       2.07753171e-03       6.26384591e-01
        5.53000000e+00       8.33933454e-03       6.25873602e-01
        5.54000000e+00       1.45929571e-02       6.24748681e-01
        5.55000000e+00       2.08322652e-02       6.23010932e-01
        5.56000000e+00       2.70511385e-02       6.20662059e-01
        5.57000000e+00       3.32434768e-02       6.17704366e-01
        5.58000000e+00       3.94032060e-02       6.14140755e-01
        5.59000000e+00       4.55242837e-02       6.09974721e-01
        5.60000000e+00       5.16007058e-02       6.05210351e-01
        5.61000000e+00       5.76265117e-02       5.99852318e-01
        5.62000000e+00       6.35957906e-02       5.93905878e-01
        5.63000000e+00       6.95026872e-02       5.87376864e-01
        5.64000000e+00       7.53414072e-02       5.80271680e-01
        5.65000000e+00       8.11062233e-02       5.72597297e-01
        5.66000000e+00       8.67914807e-02       5.64361241e-01
        5.67000000e+00       9.23916027e-02       5.55571592e-01
        5.68000000e+00       9.79010958e-02       5.46236972e-01
        5.69000000e+00       1.03314556e-01       5.36366538e-01
        5.70000000e+00       1.08626673e-01       5.25969971e-01
        5.71000000e+00       1.13832235e-01       5.15057469e-01
        5.72000000e+00       1.18926138e-01       5.03639738e-01
        5.73000000e+00       1.23903383e-01       4.91727976e-01
        5.74000000e+00       1.28759089e-01       4.79333869e-01
        5.75000000e+00       1.33488493e-01       4.66469573e-01
        5.76000000e+00       1.38086955e-01       4.53147708e-01
        5.77000000e+00       1.42549966e-01       4.39381342e-01
        5.78000000e+00       1.46873146e-01       4.25183978e-01
        5.79000000e+00       1.51052255e-01       4.10569542e-01
        5.80000000e+00       1.55083194e-01       3.95552371e-01
        5.81000000e+00       1.58962009e-01       3.80147195e-01
        5.82000000e+00       1.62684895e-01       3.64369124e-01
        5.83000000e+00       1.66248200e-01       3.48233637e-01
        5.84000000e+00       1.69648429e-01       3.31756561e-01
        5.85000000e+00       1.72882246e-01       3.14954057e-01
        5.86000000e+00       1.75946480e-01       2.97842610e-01
        5.87000000e+00       1.78838124e-01       2.80439002e-01
        5.88000000e+00       1.81554343e-01       2.62760307e-01
        5.89000000e+00       1.84092471e-01       2.44823864e-01
        5.90000000e+00       1.86450020e-01       2.26647269e-01
        5.91000000e+00       1.88624675e-01       2.08248351e-01
        5.92000000e+00       1.90614306e-01       1.89645159e-01
        5.93000000e+00       1.92416959e-01       1.70855939e-01
        5.94000000e+00       1.94030866e-01       1.51899124e-01
        5.95000000e+00       1.95454444e-01       1.32793308e-01
        5.96000000e+00       1.96686298e-01       1.13557232e-01
        5.97000000e+00       1.97725218e-01       9.42097655e-02
        5.98000000e+00       1.98570185e-01       7.47698869e-02
        5.99000000e+00       1.99220371e-01       5.52566651e-02
        6.00000000e+00       1.99675138e-01       3.56892409e-02
        6.01000000e+00       1.99934039e-01       1.60868084e-02
        6.02000000e+00       1.99996821e-01      -3.53140393e-03
        6.03000000e+00       1.99863422e-01      -2.31461522e-02
        6.04000000e+00       1.99533974e-01      -4.27381960e-02
        6.05000000e+00       1.99008798e-01      -6.22883171e-02
        6.06000000e+00       1.98288411e-01      -8.17773383e-02
        6.07000000e+00       1.97373519e-01      -1.01186143e-01
        6.08000000e+00       1.96265019e-01      -1.20495691e-01
        6.09000000e+00       1.94963999e-01      -1.39687043e-01
        6.10000000e+00       1.93471735e-01      -1.58741374e-01
        6.11000000e+00       1.91789691e-01      -1.77639991e-01
        6.12000000e+00       1.89919516e-01      -1.96364359e-01
        6.13000000e+00       1.87863046e-01      -2.14896108e-01
        6.14000000e+00       1.85622297e-01      -2.33217062e-01
        6.15000000e+00       1.83199467e-01      -2.51309248e-01
        6.16000000e+00       1.80596933e-01      -2.69154920e-01
        6.17000000e+00       1.77817249e-01      -2.86736573e-01
        6.18000000e+00       1.74863140e-01      -3.04036960e-01
        6.19000000e+00       1.71737504e-01      -3.21039112e-01
        6.20000000e+00       1.68443407e-01      -3.37726350e-01
        6.21000000e+00       1.64984081e-01      -3.54082305e-01
        6.22000000e+00       1.61362919e-01      -3.70090934e-01
        6.23000000e+00       1.57583473e-01      -3.85736533e-01
        6.24000000e+00       1.53649450e-01      -4.01003756e-01
        6.25000000e+00       1.49564709e-01      -4.15877626e-01
        6.26000000e+00       1.45333257e-01      -4.30343554e-01
        6.27000000e+00       1.40959245e-01      -4.44387349e-01
        6.28000000e+00       1.36446963e-01      -4.57995236e-01
        6.29000000e+00       1.31800838e-01      -4.71153866e-01
        6.30000000e+00       1.27025426e-01      -4.83850332e-01
        6.31000000e+00       1.22125413e-01      -4.96072180e-01
        6.32000000e+00       1.17105605e-01      -5.07807421e-01
        6.33000000e+00       1.11970925e-01      -5.19044543e-01
        6.34000000e+00       1.06726411e-01      -5.29772525e-01
        6.35000000e+00       1.01377207e-01      -5.39980842e-01
        6.36000000e+00       9.59285603e-02      -5.49659481e-01
        6.37000000e+00       9.03858151e-02      -5.58798948e-01
        6.38000000e+00       8.47544087e-02      -5.67390278e-01
        6.39000000e+00       7.90398649e-02      -5.75425044e-01
        6.40000000e+00       7.32477894e-02      -5.82895364e-01
        6.41000000e+00       6.73838637e-02      -5.89793911e-01
        6.42000000e+00       6.14538398e-02      -5.96113917e-01
        6.43000000e+00       5.54635347e-02      -6.01849183e-01
        6.44000000e+00       4.94188242e-02      -6.06994083e-01
        6.45000000e+00       4.33256379e-02      -6.11543571e-01
        6.46000000e+00       3.71899526e-02      -6.15493183e-01
        6.47000000e+00       3.10177869e-02      -6.18839046e-01
        6.48000000e+00       2.48151952e-02      -6.21577878e-01
        6.49000000e+00       1.85882619e-02      -6.23706992e-01
        6.50000000e+00       1.23430949e-02      -6.25224299e-01
        6.51000000e+00       6.08582039e-03      -6.26128311e-01
        6.52000000e+00      -1.77423852e-04      -6.26418141e-01
        6.53000000e+00      -6.44049405e-03      -6.26093506e-01
        6.54000000e+00      -1.26972466e-02      -6.25154723e-01
        6.55000000e+00      -1.89415443e-02      -6.23602713e-01
        6.56000000e+00      -2.51672617e-02      -6.21439000e-01
        6.57000000e+00      -3.13682921e-02      -6.18665704e-01
        6.58000000e+00      -3.75385528e-02      -6.15285547e-01
        6.59000000e+00      -4.36719911e-02      -6.11301844e-01
        6.60000000e+00      -4.97625907e-02      -6.06718503e-01
        6.61000000e+00      -5.58043772e-02      -6.01540020e-01
        6.62000000e+00      -6.17914241e-02      -5.95771475e-01
        6.63000000e+00      -6.77178585e-02      -5.89418525e-01
        6.64000000e+00      -7.35778672e-02      -5.82487403e-01
        6.65000000e+00      -7.93657018e-02      -5.74984908e-01
        6.66000000e+00      -8.50756851e-02      -5.66918398e-01
        6.67000000e+00      -9.07022160e-02      -5.58295787e-01
        6.68000000e+00      -9.62397752e-02      -5.49125533e-01
        6.69000000e+00      -1.01682931e-01      -5.39416631e-01
        6.70000000e+00      -1.07026344e-01      -5.29178604e-01
        6.71000000e+00      -1.12264773e-01      -5.18421495e-01
        6.72000000e+00      -1.17393079e-01      -5.07155857e-01
        6.73000000e+00      -1.22406231e-01      -4.95392739e-01
        6.74000000e+00      -1.27299313e-01      -4.83143681e-01
        6.75000000e+00      -1.32067525e-01      -4.70420697e-01
        6.76000000e+00      -1.36706189e-01      -4.57236269e-01
        6.77000000e+00      -1.41210755e-01      -4.43603328e-01
        6.78000000e+00      -1.45576805e-01      -4.29535249e-01
        6.79000000e+00      -1.49800056e-01      -4.15045829e-01
        6.80000000e+00      -1.53876365e-01      -4.00149283e-01
        6.81000000e+00      -1.57801733e-01      -3.84860223e-01
        6.82000000e+00      -1.61572310e-01      -3.69193645e-01
        6.83000000e+00      -1.65184399e-01      -3.53164918e-01
        6.84000000e+00      -1.68634454e-01      -3.36789765e-01
        6.85000000e+00      -1.71919093e-01      -3.20084248e-01
        6.86000000e+00      -1.75035092e-01      -3.03064754e-01
        6.87000000e+00      -1.77979397e-01      -2.85747978e-01
        6.88000000e+00      -1.80749117e-01      -2.68150906e-01
        6.89000000e+00      -1.83341538e-01      -2.50290799e-01
        6.90000000e+00      -1.85754115e-01      -2.32185177e-01
        6.91000000e+00      -1.87984482e-01      -2.13851801e-01
        6.92000000e+00      -1.90030452e-01      -1.95308652e-01
        6.93000000e+00      -1.91890017e-01      -1.76573922e-01
        6.94000000e+00      -1.93561353e-01      -1.57665987e-01
        6.95000000e+00      -1.95042821e-01      -1.38603394e-01
        6.96000000e+00      -1.96332967e-01      -1.19404842e-01
        6.97000000e+00      -1.97430527e-01      -1.00089164e-01
        6.98000000e+00      -1.98334423e-01      -8.06753058e-02
        6.99000000e+00      -1.99043769e-01      -6.11823120e-02
        7.00000000e+00      -1.99557869e-01      -4.16293033e-02
        7.01000000e+00      -1.99876219e-01      -2.20354596e-02
        7.02000000e+00      -1.99998507e-01      -2.42000083e-03
        7.03000000e+00      -1.99924611e-01       1.71978317e-02
        7.04000000e+00      -1.99654606e-01       3.67987946e-02
        7.05000000e+00      -1.99188756e-01       5.63636608e-02
        7.06000000e+00      -1.98527517e-01       7.58732388e-02
        7.07000000e+00      -1.97671539e-01       9.53083912e-02
        7.08000000e+00      -1.96621661e-01       1.14650054e-01
        7.09000000e+00      -1.95378913e-01       1.33879254e-01
        7.10000000e+00      -1.93944514e-01       1.52977129e-01
        7.11000000e+00      -1.92319871e-01       1.71924946e-01
        7.12000000e+00      -1.90506577e-01       1.90704118e-01
        7.13000000e+00      -1.88506412e-01       2.09296225e-01
        7.14000000e+00      -1.86321337e-01       2.27683029e-01
        7.15000000e+00      -1.83953496e-01       2.45846494e-01
        7.16000000e+00      -1.81405211e-01       2.63768804e-01
        7.17000000e+00      -1.78678982e-01       2.81432378e-01
        7.18000000e+00      -1.75777484e-01       2.98819889e-01
        7.19000000e+00      -1.72703562e-01       3.15914281e-01
        7.20000000e+00      -1.69460231e-01       3.32698787e-01
        7.21000000e+00      -1.66050674e-01       3.49156943e-01
        7.22000000e+00      -1.62478234e-01       3.65272603e-01
        7.23000000e+00      -1.58746416e-01       3.81029960e-01
        7.24000000e+00      -1.54858881e-01       3.96413557e-01
        7.25000000e+00      -1.50819441e-01       4.11408305e-01
        7.26000000e+00      -1.46632060e-01       4.25999494e-01
        7.27000000e+00      -1.42300844e-01       4.40172811e-01
        7.28000000e+00      -1.37830043e-01       4.53914354e-01
        7.29000000e+00      -1.33224042e-01       4.67210644e-01
        7.30000000e+00      -1.28487358e-01       4.80048638e-01
        7.31000000e+00      -1.23624639e-01       4.92415742e-01
        7.32000000e+00      -1.18640653e-01       5.04299826e-01
        7.33000000e+00      -1.13540291e-01       5.15689232e-01
        7.34000000e+00      -1.08328555e-01       5.26572789e-01
        7.35000000e+00      -1.03010557e-01       5.36939820e-01
        7.36000000e+00      -9.75915145e-02       5.46780156e-01
        7.37000000e+00      -9.20767422e-02       5.56084144e-01
        7.38000000e+00      -8.64716500e-02       5.64842659e-01
        7.39000000e+00      -8.07817360e-02       5.73047108e-01
        7.40000000e+00      -7.50125817e-02       5.80689444e-01
        7.41000000e+00      -6.91698460e-02       5.87762170e-01
        7.42000000e+00      -6.32592603e-02       5.94258349e-01
        7.43000000e+00      -5.72866222e-02       6.00171608e-01
        7.44000000e+00      -5.12577907e-02       6.05496147e-01
        7.45000000e+00      -4.51786793e-02       6.10226742e-01
        7.46000000e+00      -3.90552512e-02       6.14358754e-01
        7.47000000e+00      -3.28935131e-02       6.17888130e-01
        7.48000000e+00      -2.66995091e-02       6.20811406e-01
        7.49000000e+00      -2.04793151e-02       6.23125717e-01
        7.50000000e+00      -1.42390324e-02       6.24828791e-01
        7.51000000e+00      -7.98478244e-03       6.25918958e-01
        7.52000000e+00      -1.72270002e-03       6.26395149e-01
        7.53000000e+00       4.54107223e-03       6.26256897e-01
        7.54000000e+00       1.08003901e-02       6.25504337e-01
        7.55000000e+00       1.70491136e-02       6.24138207e-01
        7.56000000e+00       2.32811133e-02       6.22159847e-01
        7.57000000e+00       2.94902761e-02       6.19571199e-01
        7.58000000e+00       3.56705112e-02       6.16374801e-01
        7.59000000e+00       4.18157565e-02       6.12573789e-01
        7.60000000e+00       4.79199839e-02       6.08171891e-01
        7.61000000e+00       5.39772056e-02       6.03173425e-01
        7.62000000e+00       5.99814800e-02       5.97583295e-01
        7.63000000e+00       6.59269174e-02       5.91406983e-01
        7.64000000e+00       7.18076858e-02       5.84650549e-01
        7.65000000e+00       7.76180166e-02       5.77320619e-01
        7.66000000e+00       8.33522103e-02       5.69424384e-01
        7.67000000e+00       8.90046422e-02       5.60969589e-01
        7.68000000e+00       9.45697677e-02       5.51964528e-01
        7.69000000e+00       1.00042128e-01       5.42418034e-01
        7.70000000e+00       1.05416355e-01       5.32339472e-01
        7.71000000e+00       1.10687177e-01       5.21738727e-01
        7.72000000e+00       1.15849423e-01       5.10626198e-01
        7.73000000e+00       1.20898031e-01       4.99012786e-01
        7.74000000e+00       1.25828047e-01       4.86909883e-01
        7.75000000e+00       1.30634636e-01       4.74329360e-01
        7.76000000e+00       1.35313083e-01       4.61283558e-01
        7.77000000e+00       1.39858799e-01       4.47785274e-01
        7.78000000e+00       1.44267324e-01       4.33847748e-01
        7.79000000e+00       1.48534335e-01       4.19484653e-01
        7.80000000e+00       1.52655646e-01       4.04710076e-01
        7.81000000e+00       1.56627213e-01       3.89538512e-01
        7.82000000e+00       1.60445142e-01       3.73984841e-01
        7.83000000e+00       1.64105687e-01       3.58064322e-01
        7.84000000e+00       1.67605258e-01       3.41792570e-01
        7.85000000e+00       1.70940421e-01       3.25185547e-01
        7.86000000e+00       1.74107905e-01       3.08259543e-01
        7.87000000e+00       1.77104604e-01       2.91031161e-01
        7.88000000e+00       1.79927577e-01       2.73517301e-01
        7.89000000e+00       1.82574055e-01       2.55735142e-01
        7.90000000e+00       1.85041444e-01       2.37702128e-01
        7.91000000e+00       1.87327321e-01       2.19435947e-01
        7.92000000e+00       1.89429445e-01       2.00954517e-01
        7.93000000e+00       1.91345754e-01       1.82275966e-01
        7.94000000e+00       1.93074368e-01       1.63418618e-01
        7.95000000e+00       1.94613592e-01       1.44400969e-01
        7.96000000e+00       1.95961915e-01       1.25241674e-01
        7.97000000e+00       1.97118016e-01       1.05959527e-01
        7.98000000e+00       1.98080759e-01       8.65734426e-02
        7.99000000e+00       1.98849202e-01       6.71024364e-02
        8.00000000e+00       1.99422589e-01       4.75656081e-02
        8.01000000e+00       1.99800358e-01       2.79821217e-02
        8.02000000e+00       1.99982140e-01       8.37118714e-03
        8.03000000e+00       1.99967755e-01      -1.12479589e-02
        8.04000000e+00       1.99757217e-01      -3.08560716e-02
        8.05000000e+00       1.99350734e-01      -5.04339170e-02
        8.06000000e+00       1.98748704e-01      -6.99622907e-02
        8.07000000e+00       1.97951717e-01      -8.94220371e-02
        8.08000000e+00       1.96960555e-01      -1.08794068e-01
        8.09000000e+00       1.95776191e-01      -1.28059380e-01
        8.10000000e+00       1.94399787e-01      -1.47199076e-01
        8.11000000e+00       1.92832691e-01      -1.66194382e-01
        8.12000000e+00       1.91076442e-01      -1.85026664e-01
        8.13000000e+00       1.89132763e-01      -2.03677450e-01
        8.14000000e+00       1.87003559e-01      -2.22128445e-01
        8.15000000e+00       1.84690920e-01      -2.40361550e-01
        8.16000000e+00       1.82197114e-01      -2.58358879e-01
        8.17000000e+00       1.79524588e-01      -2.76102779e-01
        8.18000000e+00       1.76675962e-01      -2.93575844e-01
        8.19000000e+00       1.73654031e-01      -3.10760935e-01
        8.20000000e+00       1.70461759e-01      -3.27641195e-01
        8.21000000e+00       1.67102278e-01      -3.44200064e-01
        8.22000000e+00       1.63578883e-01      -3.60421301e-01
        8.23000000e+00       1.59895031e-01      -3.76288994e-01
        8.24000000e+00       1.56054334e-01      -3.91787577e-01
        8.25000000e+00       1.52060560e-01      -4.06901848e-01
        8.26000000e+00       1.47917628e-01      -4.21616981e-01
        8.27000000e+00       1.43629600e-01      -4.35918542e-01
        8.28000000e+00       1.39200682e-01      -4.49792501e-01
        8.29000000e+00       1.34635220e-01      -4.63225250e-01
        8.30000000e+00       1.29937692e-01      -4.76203612e-01
        8.31000000e+00       1.25112705e-01      -4.88714857e-01
        8.32000000e+00       1.20164993e-01      -5.00746712e-01
        8.33000000e+00       1.15099408e-01      -5.12287374e-01
        8.34000000e+00       1.09920921e-01      -5.23325523e-01
        8.35000000e+00       1.04634609e-01      -5.33850332e-01
        8.36000000e+00       9.92456597e-02      -5.43851477e-01
        8.37000000e+00       9.37593581e-02      -5.53319147e-01
        8.38000000e+00       8.81810861e-02      -5.62244056e-01
        8.39000000e+00       8.25163155e-02      -5.70617448e-01
        8.40000000e+00       7.67706031e-02      -5.78431110e-01
        8.41000000e+00       7.09495848e-02      -5.85677377e-01
        8.42000000e+00       6.50589707e-02      -5.92349142e-01
        8.43000000e+00       5.91045390e-02      -5.98439860e-01
        8.44000000e+00       5.30921304e-02      -6.03943557e-01
        8.45000000e+00       4.70276427e-02      -6.08854833e-01
        8.46000000e+00       4.09170247e-02      -6.13168872e-01
        8.47000000e+00       3.47662703e-02      -6.16881441e-01
        8.48000000e+00       2.85814131e-02      -6.19988899e-01
        8.49000000e+00       2.23685197e-02      -6.22488197e-01
        8.50000000e+00       1.61336847e-02      -6.24376885e-01
        8.51000000e+00       9.88302376e-03      -6.25653108e-01
        8.52000000e+00       3.62266839e-03      -6.26315617e-01
        8.53000000e+00      -2.64124053e-03      -6.26363760e-01
        8.54000000e+00      -8.90255860e-03      -6.25797490e-01
        8.55000000e+00      -1.51551440e-02      -6.24617363e-01
        8.56000000e+00      -2.13928634e-02      -6.22824537e-01
        8.57000000e+00      -2.76095981e-02      -6.20420770e-01
        8.58000000e+00      -3.37992500e-02      -6.17408420e-01
        8.59000000e+00      -3.99557475e-02      -6.13790441e-01
        8.60000000e+00      -4.60730517e-02      -6.09570384e-01
        8.61000000e+00      -5.21451619e-02      -6.04752386e-01
        8.62000000e+00      -5.81661219e-02      -5.99341176e-01
        8.63000000e+00      -6.41300256e-02      -5.93342059e-01
        8.64000000e+00      -7.00310229e-02      -5.86760922e-01
        8.65000000e+00      -7.58633253e-02      -5.79604219e-01
        8.66000000e+00      -8.16212119e-02      -5.71878971e-01
        8.67000000e+00      -8.72990347e-02      -5.63592755e-01
        8.68000000e+00      -9.28912241e-02      -5.54753701e-01
        8.69000000e+00      -9.83922947e-02      -5.45370477e-01
        8.70000000e+00      -1.03796850e-01      -5.35452289e-01
        8.71000000e+00      -1.09099589e-01      -5.25008865e-01
        8.72000000e+00      -1.14295311e-01      -5.14050449e-01
        8.73000000e+00      -1.19378918e-01      -5.02587791e-01
        8.74000000e+00      -1.24345423e-01      -4.90632135e-01
        8.75000000e+00      -1.29189956e-01      -4.78195208e-01
        8.76000000e+00      -1.33907764e-01      -4.65289210e-01
        8.77000000e+00      -1.38494219e-01      -4.51926800e-01
        8.78000000e+00      -1.42944822e-01      -4.38121087e-01
        8.79000000e+00      -1.47255208e-01      -4.23885612e-01
        8.80000000e+00      -1.51421148e-01      -4.09234339e-01
        8.81000000e+00      -1.55438556e-01      -3.94181640e-01
        8.82000000e+00      -1.59303492e-01      -3.78742281e-01
        8.83000000e+00      -1.63012163e-01      -3.62931405e-01
        8.84000000e+00      -1.66560933e-01      -3.46764523e-01
        8.85000000e+00      -1.69946320e-01      -3.30257493e-01
        8.86000000e+00      -1.73165003e-01      -3.13426507e-01
        8.87000000e+00      -1.76213825e-01      -2.96288074e-01
        8.88000000e+00      -1.79089796e-01      -2.78859007e-01
        8.89000000e+00      -1.81790093e-01      -2.61156402e-01
        8.90000000e+00      -1.84312070e-01      -2.43197622e-01
        8.91000000e+00      -1.86653251e-01      -2.25000286e-01
        8.92000000e+00      -1.88811340e-01      -2.06582242e-01
        8.93000000e+00      -1.90784220e-01      -1.87961558e-01
        8.94000000e+00      -1.92569956e-01      -1.69156498e-01
        8.95000000e+00      -1.94166797e-01      -1.50185510e-01
        8.96000000e+00      -1.95573175e-01      -1.31067202e-01
        8.97000000e+00      -1.96787712e-01      -1.11820327e-01
        8.98000000e+00      -1.97809216e-01      -9.24637651e-02
        8.99000000e+00      -1.98636685e-01      -7.30165039e-02
        9.00000000e+00      -1.99269307e-01      -5.34976195e-02
        9.01000000e+00      -1.99706463e-01      -3.39262581e-02
        9.02000000e+00      -1.99947722e-01      -1.43216178e-02
        9.03000000e+00      -1.99992848e-01       5.29707081e-03
        9.04000000e+00      -1.99841798e-01       2.49105635e-02
        9.05000000e+00      -1.99494718e-01       4.44996208e-02
        9.06000000e+00      -1.98951951e-01       6.40450276e-02
        9.07000000e+00      -1.98214027e-01       8.35276114e-02
        9.08000000e+00      -1.97281672e-01       1.02928261e-01
        9.09000000e+00      -1.96155798e-01       1.22227947e-01
        9.10000000e+00      -1.94837512e-01       1.41407737e-01
        9.11000000e+00      -1.93328106e-01       1.60448817e-01
        9.12000000e+00      -1.91629061e-01       1.79332509e-01
        9.13000000e+00      -1.89742042e-01       1.98040291e-01
        9.14000000e+00      -1.87668902e-01       2.16553811e-01
        9.15000000e+00      -1.85411674e-01       2.34854910e-01
        9.16000000e+00      -1.82972572e-01       2.52925634e-01
        9.17000000e+00      -1.80353989e-01       2.70748259e-01
        9.18000000e+00      -1.77558492e-01       2.88305301e-01
        9.19000000e+00      -1.74588825e-01       3.05579539e-01
        9.20000000e+00      -1.71447901e-01       3.22554028e-01
        9.21000000e+00      -1.68138800e-01       3.39212117e-01
        9.22000000e+00      -1.64664768e-01       3.55537467e-01
        9.23000000e+00      -1.61029213e-01       3.71514063e-01
        9.24000000e+00      -1.57235701e-01       3.87126233e-01
        9.25000000e+00      -1.53287954e-01       4.02358663e-01
        9.26000000e+00      -1.49189844e-01       4.17196412e-01
        9.27000000e+00      -1.44945390e-01       4.31624925e-01
        9.28000000e+00      -1.40558757e-01       4.45630048e-01
        9.29000000e+00      -1.36034246e-01       4.59198044e-01
        9.30000000e+00      -1.31376297e-01       4.72315603e-01
        9.31000000e+00      -1.26589479e-01       4.84969859e-01
        9.32000000e+00      -1.21678486e-01       4.97148398e-01
        9.33000000e+00      -1.16648136e-01       5.08839275e-01
        9.34000000e+00      -1.11503364e-01       5.20031021e-01
        9.35000000e+00      -1.06249217e-01       5.30712658e-01
        9.36000000e+00      -1.00890847e-01       5.40873709e-01
        9.37000000e+00      -9.54335110e-02       5.50504206e-01
        9.38000000e+00      -8.98825627e-02       5.59594702e-01
        9.39000000e+00      -8.42434469e-02       5.68136281e-01
        9.40000000e+00      -7.85216949e-02       5.76120564e-01
        9.41000000e+00      -7.27229195e-02       5.83539719e-01
        9.42000000e+00      -6.68528087e-02       5.90386468e-01
        9.43000000e+00      -6.09171207e-02       5.96654095e-01
        9.44000000e+00      -5.49216779e-02       6.02336453e-01
        9.45000000e+00      -4.88723613e-02       6.07427967e-01
        9.46000000e+00      -4.27751048e-02       6.11923642e-01
        9.47000000e+00      -3.66358894e-02       6.15819070e-01
        9.48000000e+00      -3.04607372e-02       6.19110429e-01
        9.49000000e+00      -2.42557053e-02       6.21794489e-01
        9.50000000e+00      -1.80268806e-02       6.23868620e-01
        9.51000000e+00      -1.17803730e-02       6.25330785e-01
        9.52000000e+00      -5.52230976e-03       6.26179551e-01
        9.53000000e+00       7.41170415e-04       6.26414085e-01
        9.54000000e+00       7.00392357e-03       6.26034157e-01
        9.55000000e+00       1.32598064e-02       6.25040140e-01
        9.56000000e+00       1.95026825e-02       6.23433009e-01
        9.57000000e+00       2.57264280e-02       6.21214339e-01
        9.58000000e+00       3.19249379e-02       6.18386309e-01
        9.59000000e+00       3.80921320e-02       6.14951691e-01
        9.60000000e+00       4.42219608e-02       6.10913854e-01
        9.61000000e+00       5.03084114e-02       6.06276761e-01
        9.62000000e+00       5.63455135e-02       6.01044958e-01
        9.63000000e+00       6.23273452e-02       5.95223578e-01
        9.64000000e+00       6.82480387e-02       5.88818332e-01
        9.65000000e+00       7.41017864e-02       5.81835502e-01
        9.66000000e+00       7.98828461e-02       5.74281939e-01
        9.67000000e+00       8.55855472e-02       5.66165050e-01
        9.68000000e+00       9.12042958e-02       5.57492800e-01
        9.69000000e+00       9.67335802e-02       5.48273693e-01
        9.70000000e+00       1.02167977e-01       5.38516774e-01
        9.71000000e+00       1.07502155e-01       5.28231614e-01
        9.72000000e+00       1.12730882e-01       5.17428300e-01
        9.73000000e+00       1.17849029e-01       5.06117431e-01
        9.74000000e+00       1.22851575e-01       4.94310101e-01
        9.75000000e+00       1.27733614e-01       4.82017893e-01
        9.76000000e+00       1.32490357e-01       4.69252864e-01
        9.77000000e+00       1.37117137e-01       4.56027535e-01
        9.78000000e+00       1.41609417e-01       4.42354880e-01
        9.79000000e+00       1.45962788e-01       4.28248310e-01
        9.80000000e+00       1.50172982e-01       4.13721663e-01
        9.81000000e+00       1.54235869e-01       3.98789188e-01
        9.82000000e+00       1.58147462e-01       3.83465533e-01
        9.83000000e+00       1.61903925e-01       3.67765729e-01
        9.84000000e+00       1.65501574e-01       3.51705177e-01
        9.85000000e+00       1.68936879e-01       3.35299630e-01
        9.86000000e+00       1.72206470e-01       3.18565180e-01
        9.87000000e+00       1.75307141e-01       3.01518244e-01
        9.88000000e+00       1.78235849e-01       2.84175543e-01
        9.89000000e+00       1.80989722e-01       2.66554088e-01
        9.90000000e+00       1.83566059e-01       2.48671165e-01
        9.91000000e+00       1.85962333e-01       2.30544316e-01
        9.92000000e+00       1.88176192e-01       2.12191321e-01
        9.93000000e+00       1.90205465e-01       1.93630184e-01
        9.94000000e+00       1.92048162e-01       1.74879110e-01
        9.95000000e+00       1.93702475e-01       1.55956495e-01
        9.96000000e+00       1.95166782e-01       1.36880898e-01
        9.97000000e+00       1.96439646e-01       1.17671033e-01
        9.98000000e+00       1.97519818e-01       9.83457415e-02
        9.99000000e+00       1.98406239e-01       7.89239808e-02
        1.00000000e+01       1.99098040e-01       5.94248020e-02
