# Giai bai toan dong dien RK4
#
#                    t                   I1                   I2
        0.00000000e+00       0.00000000e+00       0.00000000e+00
        2.00000000e-02       1.17395480e-01       7.02955684e-02
        4.00000000e-02       2.29721051e-01       1.37274687e-01
        6.00000000e-02       3.37179224e-01       2.01071859e-01
        8.00000000e-02       4.39964543e-01       2.61816278e-01
        1.00000000e-01       5.38263895e-01       3.19632036e-01
        1.20000000e-01       6.32256806e-01       3.74638324e-01
        1.40000000e-01       7.22115737e-01       4.26949627e-01
        1.60000000e-01       8.08006357e-01       4.76675904e-01
        1.80000000e-01       8.90087810e-01       5.23922769e-01
        2.00000000e-01       9.68512974e-01       5.68791662e-01
        2.20000000e-01       1.04342870e+00       6.11380011e-01
        2.40000000e-01       1.11497606e+00       6.51781390e-01
        2.60000000e-01       1.18329056e+00       6.90085671e-01
        2.80000000e-01       1.24850237e+00       7.26379170e-01
        3.00000000e-01       1.31073652e+00       7.60744785e-01
        3.20000000e-01       1.37011313e+00       7.93262132e-01
        3.40000000e-01       1.42674756e+00       8.24007673e-01
        3.60000000e-01       1.48075064e+00       8.53054840e-01
        3.80000000e-01       1.53222881e+00       8.80474153e-01
        4.00000000e-01       1.58128432e+00       9.06333338e-01
        4.20000000e-01       1.62801540e+00       9.30697432e-01
        4.40000000e-01       1.67251636e+00       9.53628893e-01
        4.60000000e-01       1.71487784e+00       9.75187698e-01
        4.80000000e-01       1.75518686e+00       9.95431442e-01
        5.00000000e-01       1.79352702e+00       1.01441543e+00
        5.20000000e-01       1.82997861e+00       1.03219278e+00
        5.40000000e-01       1.86461876e+00       1.04881448e+00
        5.60000000e-01       1.89752154e+00       1.06432950e+00
        5.80000000e-01       1.92875809e+00       1.07878485e+00
        6.00000000e-01       1.95839675e+00       1.09222569e+00
        6.20000000e-01       1.98650313e+00       1.10469536e+00
        6.40000000e-01       2.01314028e+00       1.11623549e+00
        6.60000000e-01       2.03836872e+00       1.12688602e+00
        6.80000000e-01       2.06224659e+00       1.13668532e+00
        7.00000000e-01       2.08482974e+00       1.14567023e+00
        7.20000000e-01       2.10617177e+00       1.15387611e+00
        7.40000000e-01       2.12632420e+00       1.16133690e+00
        7.60000000e-01       2.14533648e+00       1.16808519e+00
        7.80000000e-01       2.16325610e+00       1.17415226e+00
        8.00000000e-01       2.18012867e+00       1.17956815e+00
        8.20000000e-01       2.19599800e+00       1.18436168e+00
        8.40000000e-01       2.21090613e+00       1.18856053e+00
        8.60000000e-01       2.22489347e+00       1.19219124e+00
        8.80000000e-01       2.23799879e+00       1.19527932e+00
        9.00000000e-01       2.25025934e+00       1.19784922e+00
        9.20000000e-01       2.26171088e+00       1.19992444e+00
        9.40000000e-01       2.27238775e+00       1.20152750e+00
        9.60000000e-01       2.28232291e+00       1.20268003e+00
        9.80000000e-01       2.29154802e+00       1.20340280e+00
        1.00000000e+00       2.30009349e+00       1.20371570e+00
        1.02000000e+00       2.30798848e+00       1.20363786e+00
        1.04000000e+00       2.31526102e+00       1.20318762e+00
        1.06000000e+00       2.32193801e+00       1.20238256e+00
        1.08000000e+00       2.32804528e+00       1.20123956e+00
        1.10000000e+00       2.33360761e+00       1.19977483e+00
        1.12000000e+00       2.33864881e+00       1.19800389e+00
        1.14000000e+00       2.34319173e+00       1.19594166e+00
        1.16000000e+00       2.34725830e+00       1.19360242e+00
        1.18000000e+00       2.35086957e+00       1.19099989e+00
        1.20000000e+00       2.35404575e+00       1.18814723e+00
        1.22000000e+00       2.35680625e+00       1.18505704e+00
        1.24000000e+00       2.35916968e+00       1.18174142e+00
        1.26000000e+00       2.36115391e+00       1.17821199e+00
        1.28000000e+00       2.36277609e+00       1.17447985e+00
        1.30000000e+00       2.36405269e+00       1.17055567e+00
        1.32000000e+00       2.36499950e+00       1.16644969e+00
        1.34000000e+00       2.36563168e+00       1.16217170e+00
        1.36000000e+00       2.36596378e+00       1.15773110e+00
        1.38000000e+00       2.36600976e+00       1.15313691e+00
        1.40000000e+00       2.36578302e+00       1.14839774e+00
        1.42000000e+00       2.36529641e+00       1.14352189e+00
        1.44000000e+00       2.36456225e+00       1.13851728e+00
        1.46000000e+00       2.36359238e+00       1.13339150e+00
        1.48000000e+00       2.36239815e+00       1.12815184e+00
        1.50000000e+00       2.36099045e+00       1.12280527e+00
        1.52000000e+00       2.35937972e+00       1.11735847e+00
        1.54000000e+00       2.35757598e+00       1.11181785e+00
        1.56000000e+00       2.35558884e+00       1.10618952e+00
        1.58000000e+00       2.35342752e+00       1.10047936e+00
        1.60000000e+00       2.35110085e+00       1.09469299e+00
        1.62000000e+00       2.34861731e+00       1.08883578e+00
        1.64000000e+00       2.34598502e+00       1.08291290e+00
        1.66000000e+00       2.34321179e+00       1.07692925e+00
        1.68000000e+00       2.34030509e+00       1.07088957e+00
        1.70000000e+00       2.33727207e+00       1.06479837e+00
        1.72000000e+00       2.33411960e+00       1.05865996e+00
        1.74000000e+00       2.33085427e+00       1.05247847e+00
        1.76000000e+00       2.32748239e+00       1.04625786e+00
        1.78000000e+00       2.32401001e+00       1.04000190e+00
        1.80000000e+00       2.32044291e+00       1.03371420e+00
        1.82000000e+00       2.31678666e+00       1.02739821e+00
        1.84000000e+00       2.31304657e+00       1.02105724e+00
        1.86000000e+00       2.30922774e+00       1.01469443e+00
        1.88000000e+00       2.30533505e+00       1.00831280e+00
        1.90000000e+00       2.30137319e+00       1.00191522e+00
        1.92000000e+00       2.29734663e+00       9.95504440e-01
        1.94000000e+00       2.29325966e+00       9.89083081e-01
        1.96000000e+00       2.28911639e+00       9.82653645e-01
        1.98000000e+00       2.28492076e+00       9.76218518e-01
        2.00000000e+00       2.28067652e+00       9.69779978e-01
        2.02000000e+00       2.27638729e+00       9.63340197e-01
        2.04000000e+00       2.27205650e+00       9.56901245e-01
        2.06000000e+00       2.26768747e+00       9.50465094e-01
        2.08000000e+00       2.26328335e+00       9.44033625e-01
        2.10000000e+00       2.25884715e+00       9.37608627e-01
        2.12000000e+00       2.25438178e+00       9.31191804e-01
        2.14000000e+00       2.24988999e+00       9.24784778e-01
        2.16000000e+00       2.24537442e+00       9.18389092e-01
        2.18000000e+00       2.24083759e+00       9.12006213e-01
        2.20000000e+00       2.23628193e+00       9.05637534e-01
        2.22000000e+00       2.23170974e+00       8.99284380e-01
        2.24000000e+00       2.22712322e+00       8.92948007e-01
        2.26000000e+00       2.22252447e+00       8.86629610e-01
        2.28000000e+00       2.21791551e+00       8.80330320e-01
        2.30000000e+00       2.21329825e+00       8.74051210e-01
        2.32000000e+00       2.20867453e+00       8.67793295e-01
        2.34000000e+00       2.20404609e+00       8.61557537e-01
        2.36000000e+00       2.19941460e+00       8.55344847e-01
        2.38000000e+00       2.19478165e+00       8.49156084e-01
        2.40000000e+00       2.19014876e+00       8.42992061e-01
        2.42000000e+00       2.18551737e+00       8.36853543e-01
        2.44000000e+00       2.18088886e+00       8.30741254e-01
        2.46000000e+00       2.17626453e+00       8.24655873e-01
        2.48000000e+00       2.17164564e+00       8.18598041e-01
        2.50000000e+00       2.16703338e+00       8.12568360e-01
        2.52000000e+00       2.16242887e+00       8.06567394e-01
        2.54000000e+00       2.15783320e+00       8.00595672e-01
        2.56000000e+00       2.15324737e+00       7.94653690e-01
        2.58000000e+00       2.14867237e+00       7.88741910e-01
        2.60000000e+00       2.14410912e+00       7.82860763e-01
        2.62000000e+00       2.13955849e+00       7.77010652e-01
        2.64000000e+00       2.13502131e+00       7.71191949e-01
        2.66000000e+00       2.13049837e+00       7.65405002e-01
        2.68000000e+00       2.12599041e+00       7.59650128e-01
        2.70000000e+00       2.12149815e+00       7.53927624e-01
        2.72000000e+00       2.11702224e+00       7.48237761e-01
        2.74000000e+00       2.11256333e+00       7.42580785e-01
        2.76000000e+00       2.10812200e+00       7.36956923e-01
        2.78000000e+00       2.10369882e+00       7.31366381e-01
        2.80000000e+00       2.09929432e+00       7.25809344e-01
        2.82000000e+00       2.09490901e+00       7.20285976e-01
        2.84000000e+00       2.09054335e+00       7.14796427e-01
        2.86000000e+00       2.08619779e+00       7.09340827e-01
        2.88000000e+00       2.08187274e+00       7.03919288e-01
        2.90000000e+00       2.07756859e+00       6.98531908e-01
        2.92000000e+00       2.07328571e+00       6.93178770e-01
        2.94000000e+00       2.06902444e+00       6.87859941e-01
        2.96000000e+00       2.06478510e+00       6.82575476e-01
        2.98000000e+00       2.06056798e+00       6.77325414e-01
        3.00000000e+00       2.05637336e+00       6.72109784e-01
        3.02000000e+00       2.05220150e+00       6.66928601e-01
        3.04000000e+00       2.04805263e+00       6.61781870e-01
        3.06000000e+00       2.04392697e+00       6.56669585e-01
        3.08000000e+00       2.03982473e+00       6.51591727e-01
        3.10000000e+00       2.03574608e+00       6.46548271e-01
        3.12000000e+00       2.03169120e+00       6.41539179e-01
        3.14000000e+00       2.02766024e+00       6.36564407e-01
        3.16000000e+00       2.02365333e+00       6.31623899e-01
        3.18000000e+00       2.01967061e+00       6.26717594e-01
        3.20000000e+00       2.01571218e+00       6.21845422e-01
        3.22000000e+00       2.01177814e+00       6.17007305e-01
        3.24000000e+00       2.00786858e+00       6.12203158e-01
        3.26000000e+00       2.00398357e+00       6.07432891e-01
        3.28000000e+00       2.00012318e+00       6.02696407e-01
        3.30000000e+00       1.99628745e+00       5.97993601e-01
        3.32000000e+00       1.99247643e+00       5.93324365e-01
        3.34000000e+00       1.98869015e+00       5.88688584e-01
        3.36000000e+00       1.98492864e+00       5.84086139e-01
        3.38000000e+00       1.98119191e+00       5.79516905e-01
        3.40000000e+00       1.97747997e+00       5.74980754e-01
        3.42000000e+00       1.97379280e+00       5.70477552e-01
        3.44000000e+00       1.97013042e+00       5.66007161e-01
        3.46000000e+00       1.96649279e+00       5.61569442e-01
        3.48000000e+00       1.96287990e+00       5.57164249e-01
        3.50000000e+00       1.95929171e+00       5.52791434e-01
        3.52000000e+00       1.95572818e+00       5.48450846e-01
        3.54000000e+00       1.95218928e+00       5.44142331e-01
        3.56000000e+00       1.94867496e+00       5.39865731e-01
        3.58000000e+00       1.94518516e+00       5.35620888e-01
        3.60000000e+00       1.94171982e+00       5.31407639e-01
        3.62000000e+00       1.93827888e+00       5.27225819e-01
        3.64000000e+00       1.93486227e+00       5.23075263e-01
        3.66000000e+00       1.93146992e+00       5.18955801e-01
        3.68000000e+00       1.92810176e+00       5.14867264e-01
        3.70000000e+00       1.92475769e+00       5.10809480e-01
        3.72000000e+00       1.92143763e+00       5.06782275e-01
        3.74000000e+00       1.91814151e+00       5.02785474e-01
        3.76000000e+00       1.91486922e+00       4.98818901e-01
        3.78000000e+00       1.91162067e+00       4.94882379e-01
        3.80000000e+00       1.90839576e+00       4.90975730e-01
        3.82000000e+00       1.90519440e+00       4.87098773e-01
        3.84000000e+00       1.90201648e+00       4.83251328e-01
        3.86000000e+00       1.89886189e+00       4.79433216e-01
        3.88000000e+00       1.89573053e+00       4.75644252e-01
        3.90000000e+00       1.89262228e+00       4.71884256e-01
        3.92000000e+00       1.88953703e+00       4.68153045e-01
        3.94000000e+00       1.88647468e+00       4.64450435e-01
        3.96000000e+00       1.88343510e+00       4.60776242e-01
        3.98000000e+00       1.88041817e+00       4.57130284e-01
        4.00000000e+00       1.87742378e+00       4.53512374e-01
        4.02000000e+00       1.87445181e+00       4.49922331e-01
        4.04000000e+00       1.87150213e+00       4.46359968e-01
        4.06000000e+00       1.86857463e+00       4.42825102e-01
        4.08000000e+00       1.86566916e+00       4.39317549e-01
        4.10000000e+00       1.86278562e+00       4.35837125e-01
        4.12000000e+00       1.85992388e+00       4.32383644e-01
        4.14000000e+00       1.85708380e+00       4.28956924e-01
        4.16000000e+00       1.85426526e+00       4.25556782e-01
        4.18000000e+00       1.85146813e+00       4.22183033e-01
        4.20000000e+00       1.84869228e+00       4.18835495e-01
        4.22000000e+00       1.84593758e+00       4.15513985e-01
        4.24000000e+00       1.84320390e+00       4.12218321e-01
        4.26000000e+00       1.84049111e+00       4.08948323e-01
        4.28000000e+00       1.83779908e+00       4.05703807e-01
        4.30000000e+00       1.83512767e+00       4.02484595e-01
        4.32000000e+00       1.83247676e+00       3.99290505e-01
        4.34000000e+00       1.82984621e+00       3.96121359e-01
        4.36000000e+00       1.82723588e+00       3.92976977e-01
        4.38000000e+00       1.82464566e+00       3.89857181e-01
        4.40000000e+00       1.82207540e+00       3.86761794e-01
        4.42000000e+00       1.81952497e+00       3.83690639e-01
        4.44000000e+00       1.81699423e+00       3.80643540e-01
        4.46000000e+00       1.81448307e+00       3.77620321e-01
        4.48000000e+00       1.81199134e+00       3.74620808e-01
        4.50000000e+00       1.80951891e+00       3.71644826e-01
        4.52000000e+00       1.80706565e+00       3.68692204e-01
        4.54000000e+00       1.80463142e+00       3.65762768e-01
        4.56000000e+00       1.80221611e+00       3.62856347e-01
        4.58000000e+00       1.79981957e+00       3.59972771e-01
        4.60000000e+00       1.79744167e+00       3.57111870e-01
        4.62000000e+00       1.79508228e+00       3.54273475e-01
        4.64000000e+00       1.79274127e+00       3.51457418e-01
        4.66000000e+00       1.79041852e+00       3.48663532e-01
        4.68000000e+00       1.78811389e+00       3.45891650e-01
        4.70000000e+00       1.78582725e+00       3.43141609e-01
        4.72000000e+00       1.78355848e+00       3.40413242e-01
        4.74000000e+00       1.78130744e+00       3.37706388e-01
        4.76000000e+00       1.77907401e+00       3.35020883e-01
        4.78000000e+00       1.77685807e+00       3.32356565e-01
        4.80000000e+00       1.77465947e+00       3.29713275e-01
        4.82000000e+00       1.77247810e+00       3.27090853e-01
        4.84000000e+00       1.77031383e+00       3.24489139e-01
        4.86000000e+00       1.76816654e+00       3.21907977e-01
        4.88000000e+00       1.76603610e+00       3.19347210e-01
        4.90000000e+00       1.76392239e+00       3.16806681e-01
        4.92000000e+00       1.76182528e+00       3.14286236e-01
        4.94000000e+00       1.75974465e+00       3.11785722e-01
        4.96000000e+00       1.75768038e+00       3.09304985e-01
        4.98000000e+00       1.75563235e+00       3.06843874e-01
        5.00000000e+00       1.75360043e+00       3.04402237e-01
        5.02000000e+00       1.75158451e+00       3.01979926e-01
        5.04000000e+00       1.74958446e+00       2.99576790e-01
        5.06000000e+00       1.74760017e+00       2.97192683e-01
        5.08000000e+00       1.74563152e+00       2.94827457e-01
        5.10000000e+00       1.74367838e+00       2.92480966e-01
        5.12000000e+00       1.74174065e+00       2.90153066e-01
        5.14000000e+00       1.73981821e+00       2.87843612e-01
        5.16000000e+00       1.73791093e+00       2.85552462e-01
        5.18000000e+00       1.73601872e+00       2.83279473e-01
        5.20000000e+00       1.73414144e+00       2.81024504e-01
        5.22000000e+00       1.73227899e+00       2.78787416e-01
        5.24000000e+00       1.73043125e+00       2.76568070e-01
        5.26000000e+00       1.72859812e+00       2.74366327e-01
        5.28000000e+00       1.72677948e+00       2.72182050e-01
        5.30000000e+00       1.72497521e+00       2.70015103e-01
        5.32000000e+00       1.72318522e+00       2.67865351e-01
        5.34000000e+00       1.72140938e+00       2.65732660e-01
        5.36000000e+00       1.71964760e+00       2.63616897e-01
        5.38000000e+00       1.71789976e+00       2.61517928e-01
        5.40000000e+00       1.71616575e+00       2.59435623e-01
        5.42000000e+00       1.71444548e+00       2.57369852e-01
        5.44000000e+00       1.71273882e+00       2.55320485e-01
        5.46000000e+00       1.71104569e+00       2.53287394e-01
        5.48000000e+00       1.70936597e+00       2.51270450e-01
        5.50000000e+00       1.70769955e+00       2.49269527e-01
        5.52000000e+00       1.70604635e+00       2.47284501e-01
        5.54000000e+00       1.70440624e+00       2.45315245e-01
        5.56000000e+00       1.70277914e+00       2.43361636e-01
        5.58000000e+00       1.70116494e+00       2.41423551e-01
        5.60000000e+00       1.69956355e+00       2.39500868e-01
        5.62000000e+00       1.69797485e+00       2.37593466e-01
        5.64000000e+00       1.69639875e+00       2.35701224e-01
        5.66000000e+00       1.69483516e+00       2.33824024e-01
        5.68000000e+00       1.69328398e+00       2.31961747e-01
        5.70000000e+00       1.69174510e+00       2.30114275e-01
        5.72000000e+00       1.69021844e+00       2.28281492e-01
        5.74000000e+00       1.68870390e+00       2.26463282e-01
        5.76000000e+00       1.68720138e+00       2.24659530e-01
        5.78000000e+00       1.68571079e+00       2.22870121e-01
        5.80000000e+00       1.68423204e+00       2.21094944e-01
        5.82000000e+00       1.68276503e+00       2.19333885e-01
        5.84000000e+00       1.68130967e+00       2.17586833e-01
        5.86000000e+00       1.67986587e+00       2.15853677e-01
        5.88000000e+00       1.67843354e+00       2.14134308e-01
        5.90000000e+00       1.67701259e+00       2.12428617e-01
        5.92000000e+00       1.67560293e+00       2.10736495e-01
        5.94000000e+00       1.67420447e+00       2.09057836e-01
        5.96000000e+00       1.67281713e+00       2.07392532e-01
        5.98000000e+00       1.67144081e+00       2.05740479e-01
        6.00000000e+00       1.67007543e+00       2.04101570e-01
        6.02000000e+00       1.66872090e+00       2.02475704e-01
        6.04000000e+00       1.66737714e+00       2.00862775e-01
        6.06000000e+00       1.66604406e+00       1.99262682e-01
        6.08000000e+00       1.66472158e+00       1.97675323e-01
        6.10000000e+00       1.66340962e+00       1.96100597e-01
        6.12000000e+00       1.66210809e+00       1.94538405e-01
        6.14000000e+00       1.66081691e+00       1.92988646e-01
        6.16000000e+00       1.65953599e+00       1.91451222e-01
        6.18000000e+00       1.65826527e+00       1.89926036e-01
        6.20000000e+00       1.65700465e+00       1.88412991e-01
        6.22000000e+00       1.65575406e+00       1.86911990e-01
        6.24000000e+00       1.65451341e+00       1.85422937e-01
        6.26000000e+00       1.65328264e+00       1.83945739e-01
        6.28000000e+00       1.65206165e+00       1.82480300e-01
        6.30000000e+00       1.65085038e+00       1.81026528e-01
        6.32000000e+00       1.64964875e+00       1.79584330e-01
        6.34000000e+00       1.64845668e+00       1.78153615e-01
        6.36000000e+00       1.64727409e+00       1.76734291e-01
        6.38000000e+00       1.64610091e+00       1.75326267e-01
        6.40000000e+00       1.64493707e+00       1.73929454e-01
        6.42000000e+00       1.64378249e+00       1.72543764e-01
        6.44000000e+00       1.64263710e+00       1.71169107e-01
        6.46000000e+00       1.64150082e+00       1.69805396e-01
        6.48000000e+00       1.64037359e+00       1.68452544e-01
        6.50000000e+00       1.63925533e+00       1.67110465e-01
        6.52000000e+00       1.63814597e+00       1.65779074e-01
        6.54000000e+00       1.63704544e+00       1.64458285e-01
        6.56000000e+00       1.63595367e+00       1.63148014e-01
        6.58000000e+00       1.63487059e+00       1.61848177e-01
        6.60000000e+00       1.63379613e+00       1.60558693e-01
        6.62000000e+00       1.63273023e+00       1.59279477e-01
        6.64000000e+00       1.63167281e+00       1.58010450e-01
        6.66000000e+00       1.63062381e+00       1.56751529e-01
        6.68000000e+00       1.62958316e+00       1.55502635e-01
        6.70000000e+00       1.62855080e+00       1.54263688e-01
        6.72000000e+00       1.62752666e+00       1.53034608e-01
        6.74000000e+00       1.62651067e+00       1.51815318e-01
        6.76000000e+00       1.62550277e+00       1.50605739e-01
        6.78000000e+00       1.62450289e+00       1.49405794e-01
        6.80000000e+00       1.62351098e+00       1.48215406e-01
        6.82000000e+00       1.62252696e+00       1.47034501e-01
        6.84000000e+00       1.62155078e+00       1.45863001e-01
        6.86000000e+00       1.62058238e+00       1.44700833e-01
        6.88000000e+00       1.61962168e+00       1.43547921e-01
        6.90000000e+00       1.61866864e+00       1.42404194e-01
        6.92000000e+00       1.61772318e+00       1.41269576e-01
        6.94000000e+00       1.61678526e+00       1.40143997e-01
        6.96000000e+00       1.61585480e+00       1.39027383e-01
        6.98000000e+00       1.61493176e+00       1.37919665e-01
        7.00000000e+00       1.61401606e+00       1.36820770e-01
        7.02000000e+00       1.61310766e+00       1.35730629e-01
        7.04000000e+00       1.61220649e+00       1.34649172e-01
        7.06000000e+00       1.61131250e+00       1.33576330e-01
        7.08000000e+00       1.61042563e+00       1.32512034e-01
        7.10000000e+00       1.60954583e+00       1.31456217e-01
        7.12000000e+00       1.60867303e+00       1.30408810e-01
        7.14000000e+00       1.60780718e+00       1.29369748e-01
        7.16000000e+00       1.60694823e+00       1.28338963e-01
        7.18000000e+00       1.60609612e+00       1.27316389e-01
        7.20000000e+00       1.60525080e+00       1.26301962e-01
        7.22000000e+00       1.60441221e+00       1.25295617e-01
        7.24000000e+00       1.60358030e+00       1.24297288e-01
        7.26000000e+00       1.60275502e+00       1.23306913e-01
        7.28000000e+00       1.60193631e+00       1.22324428e-01
        7.30000000e+00       1.60112412e+00       1.21349770e-01
        7.32000000e+00       1.60031841e+00       1.20382876e-01
        7.34000000e+00       1.59951911e+00       1.19423686e-01
        7.36000000e+00       1.59872617e+00       1.18472138e-01
        7.38000000e+00       1.59793956e+00       1.17528170e-01
        7.40000000e+00       1.59715921e+00       1.16591723e-01
        7.42000000e+00       1.59638508e+00       1.15662736e-01
        7.44000000e+00       1.59561711e+00       1.14741151e-01
        7.46000000e+00       1.59485526e+00       1.13826908e-01
        7.48000000e+00       1.59409948e+00       1.12919949e-01
        7.50000000e+00       1.59334972e+00       1.12020216e-01
        7.52000000e+00       1.59260593e+00       1.11127650e-01
        7.54000000e+00       1.59186807e+00       1.10242197e-01
        7.56000000e+00       1.59113609e+00       1.09363797e-01
        7.58000000e+00       1.59040994e+00       1.08492396e-01
        7.60000000e+00       1.58968957e+00       1.07627938e-01
        7.62000000e+00       1.58897494e+00       1.06770367e-01
        7.64000000e+00       1.58826601e+00       1.05919628e-01
        7.66000000e+00       1.58756272e+00       1.05075668e-01
        7.68000000e+00       1.58686504e+00       1.04238432e-01
        7.70000000e+00       1.58617291e+00       1.03407866e-01
        7.72000000e+00       1.58548630e+00       1.02583918e-01
        7.74000000e+00       1.58480516e+00       1.01766534e-01
        7.76000000e+00       1.58412945e+00       1.00955663e-01
        7.78000000e+00       1.58345912e+00       1.00151253e-01
        7.80000000e+00       1.58279412e+00       9.93532512e-02
        7.82000000e+00       1.58213443e+00       9.85616079e-02
        7.84000000e+00       1.58147999e+00       9.77762719e-02
        7.86000000e+00       1.58083077e+00       9.69971931e-02
        7.88000000e+00       1.58018672e+00       9.62243217e-02
        7.90000000e+00       1.57954780e+00       9.54576082e-02
        7.92000000e+00       1.57891397e+00       9.46970035e-02
        7.94000000e+00       1.57828519e+00       9.39424590e-02
        7.96000000e+00       1.57766142e+00       9.31939264e-02
        7.98000000e+00       1.57704262e+00       9.24513578e-02
        8.00000000e+00       1.57642875e+00       9.17147058e-02
        8.02000000e+00       1.57581977e+00       9.09839231e-02
        8.04000000e+00       1.57521565e+00       9.02589630e-02
        8.06000000e+00       1.57461633e+00       8.95397792e-02
        8.08000000e+00       1.57402179e+00       8.88263257e-02
        8.10000000e+00       1.57343199e+00       8.81185567e-02
        8.12000000e+00       1.57284689e+00       8.74164270e-02
        8.14000000e+00       1.57226645e+00       8.67198917e-02
        8.16000000e+00       1.57169063e+00       8.60289062e-02
        8.18000000e+00       1.57111940e+00       8.53434263e-02
        8.20000000e+00       1.57055273e+00       8.46634081e-02
        8.22000000e+00       1.56999056e+00       8.39888082e-02
        8.24000000e+00       1.56943288e+00       8.33195833e-02
        8.26000000e+00       1.56887964e+00       8.26556906e-02
        8.28000000e+00       1.56833081e+00       8.19970878e-02
        8.30000000e+00       1.56778635e+00       8.13437325e-02
        8.32000000e+00       1.56724623e+00       8.06955830e-02
        8.34000000e+00       1.56671041e+00       8.00525979e-02
        8.36000000e+00       1.56617886e+00       7.94147360e-02
        8.38000000e+00       1.56565155e+00       7.87819565e-02
        8.40000000e+00       1.56512844e+00       7.81542189e-02
        8.42000000e+00       1.56460950e+00       7.75314829e-02
        8.44000000e+00       1.56409469e+00       7.69137089e-02
        8.46000000e+00       1.56358398e+00       7.63008572e-02
        8.48000000e+00       1.56307734e+00       7.56928886e-02
        8.50000000e+00       1.56257474e+00       7.50897643e-02
        8.52000000e+00       1.56207614e+00       7.44914455e-02
        8.54000000e+00       1.56158152e+00       7.38978942e-02
        8.56000000e+00       1.56109084e+00       7.33090721e-02
        8.58000000e+00       1.56060407e+00       7.27249418e-02
        8.60000000e+00       1.56012117e+00       7.21454657e-02
        8.62000000e+00       1.55964212e+00       7.15706069e-02
        8.64000000e+00       1.55916689e+00       7.10003285e-02
        8.66000000e+00       1.55869545e+00       7.04345940e-02
        8.68000000e+00       1.55822776e+00       6.98733673e-02
        8.70000000e+00       1.55776380e+00       6.93166124e-02
        8.72000000e+00       1.55730354e+00       6.87642937e-02
        8.74000000e+00       1.55684694e+00       6.82163758e-02
        8.76000000e+00       1.55639398e+00       6.76728237e-02
        8.78000000e+00       1.55594463e+00       6.71336026e-02
        8.80000000e+00       1.55549886e+00       6.65986780e-02
        8.82000000e+00       1.55505665e+00       6.60680157e-02
        8.84000000e+00       1.55461795e+00       6.55415816e-02
        8.86000000e+00       1.55418275e+00       6.50193422e-02
        8.88000000e+00       1.55375102e+00       6.45012640e-02
        8.90000000e+00       1.55332273e+00       6.39873138e-02
        8.92000000e+00       1.55289786e+00       6.34774587e-02
        8.94000000e+00       1.55247636e+00       6.29716662e-02
        8.96000000e+00       1.55205823e+00       6.24699038e-02
        8.98000000e+00       1.55164343e+00       6.19721394e-02
        9.00000000e+00       1.55123193e+00       6.14783412e-02
        9.02000000e+00       1.55082371e+00       6.09884777e-02
        9.04000000e+00       1.55041874e+00       6.05025173e-02
        9.06000000e+00       1.55001700e+00       6.00204291e-02
        9.08000000e+00       1.54961847e+00       5.95421821e-02
        9.10000000e+00       1.54922310e+00       5.90677459e-02
        9.12000000e+00       1.54883089e+00       5.85970899e-02
        9.14000000e+00       1.54844180e+00       5.81301842e-02
        9.16000000e+00       1.54805582e+00       5.76669987e-02
        9.18000000e+00       1.54767290e+00       5.72075039e-02
        9.20000000e+00       1.54729304e+00       5.67516704e-02
        9.22000000e+00       1.54691621e+00       5.62994690e-02
        9.24000000e+00       1.54654238e+00       5.58508707e-02
        9.26000000e+00       1.54617153e+00       5.54058469e-02
        9.28000000e+00       1.54580363e+00       5.49643690e-02
        9.30000000e+00       1.54543866e+00       5.45264089e-02
        9.32000000e+00       1.54507660e+00       5.40919384e-02
        9.34000000e+00       1.54471743e+00       5.36609298e-02
        9.36000000e+00       1.54436112e+00       5.32333554e-02
        9.38000000e+00       1.54400765e+00       5.28091881e-02
        9.40000000e+00       1.54365699e+00       5.23884005e-02
        9.42000000e+00       1.54330913e+00       5.19709657e-02
        9.44000000e+00       1.54296404e+00       5.15568571e-02
        9.46000000e+00       1.54262170e+00       5.11460481e-02
        9.48000000e+00       1.54228208e+00       5.07385125e-02
        9.50000000e+00       1.54194518e+00       5.03342241e-02
        9.52000000e+00       1.54161096e+00       4.99331571e-02
        9.54000000e+00       1.54127940e+00       4.95352858e-02
        9.56000000e+00       1.54095048e+00       4.91405848e-02
        9.58000000e+00       1.54062418e+00       4.87490288e-02
        9.60000000e+00       1.54030049e+00       4.83605927e-02
        9.62000000e+00       1.53997937e+00       4.79752517e-02
        9.64000000e+00       1.53966081e+00       4.75929811e-02
        9.66000000e+00       1.53934479e+00       4.72137565e-02
        9.68000000e+00       1.53903129e+00       4.68375536e-02
        9.70000000e+00       1.53872028e+00       4.64643482e-02
        9.72000000e+00       1.53841176e+00       4.60941166e-02
        9.74000000e+00       1.53810569e+00       4.57268350e-02
        9.76000000e+00       1.53780206e+00       4.53624799e-02
        9.78000000e+00       1.53750085e+00       4.50010281e-02
        9.80000000e+00       1.53720204e+00       4.46424563e-02
        9.82000000e+00       1.53690561e+00       4.42867416e-02
        9.84000000e+00       1.53661155e+00       4.39338613e-02
        9.86000000e+00       1.53631982e+00       4.35837927e-02
        9.88000000e+00       1.53603042e+00       4.32365135e-02
        9.90000000e+00       1.53574333e+00       4.28920015e-02
        9.92000000e+00       1.53545853e+00       4.25502346e-02
        9.94000000e+00       1.53517599e+00       4.22111908e-02
        9.96000000e+00       1.53489570e+00       4.18748486e-02
        9.98000000e+00       1.53461765e+00       4.15411864e-02
        1.00000000e+01       1.53434182e+00       4.12101829e-02
        1.00200000e+01       1.53406818e+00       4.08818168e-02
        1.00400000e+01       1.53379672e+00       4.05560671e-02
        1.00600000e+01       1.53352742e+00       4.02329130e-02
        1.00800000e+01       1.53326028e+00       3.99123339e-02
        1.01000000e+01       1.53299526e+00       3.95943091e-02
        1.01200000e+01       1.53273235e+00       3.92788184e-02
        1.01400000e+01       1.53247153e+00       3.89658416e-02
        1.01600000e+01       1.53221280e+00       3.86553585e-02
        1.01800000e+01       1.53195612e+00       3.83473495e-02
        1.02000000e+01       1.53170149e+00       3.80417946e-02
        1.02200000e+01       1.53144889e+00       3.77386745e-02
        1.02400000e+01       1.53119831e+00       3.74379696e-02
        1.02600000e+01       1.53094972e+00       3.71396607e-02
        1.02800000e+01       1.53070311e+00       3.68437288e-02
        1.03000000e+01       1.53045846e+00       3.65501550e-02
        1.03200000e+01       1.53021577e+00       3.62589203e-02
        1.03400000e+01       1.52997500e+00       3.59700062e-02
        1.03600000e+01       1.52973616e+00       3.56833942e-02
        1.03800000e+01       1.52949922e+00       3.53990659e-02
        1.04000000e+01       1.52926417e+00       3.51170032e-02
        1.04200000e+01       1.52903099e+00       3.48371880e-02
        1.04400000e+01       1.52879967e+00       3.45596024e-02
        1.04600000e+01       1.52857019e+00       3.42842286e-02
        1.04800000e+01       1.52834254e+00       3.40110490e-02
        1.05000000e+01       1.52811670e+00       3.37400461e-02
        1.05200000e+01       1.52789267e+00       3.34712026e-02
        1.05400000e+01       1.52767042e+00       3.32045013e-02
        1.05600000e+01       1.52744994e+00       3.29399251e-02
        1.05800000e+01       1.52723121e+00       3.26774570e-02
        1.06000000e+01       1.52701423e+00       3.24170803e-02
        1.06200000e+01       1.52679898e+00       3.21587782e-02
        1.06400000e+01       1.52658544e+00       3.19025344e-02
        1.06600000e+01       1.52637361e+00       3.16483323e-02
        1.06800000e+01       1.52616346e+00       3.13961558e-02
        1.07000000e+01       1.52595499e+00       3.11459886e-02
        1.07200000e+01       1.52574818e+00       3.08978147e-02
        1.07400000e+01       1.52554301e+00       3.06516183e-02
        1.07600000e+01       1.52533949e+00       3.04073836e-02
        1.07800000e+01       1.52513758e+00       3.01650951e-02
        1.08000000e+01       1.52493728e+00       2.99247370e-02
        1.08200000e+01       1.52473858e+00       2.96862942e-02
        1.08400000e+01       1.52454146e+00       2.94497513e-02
        1.08600000e+01       1.52434591e+00       2.92150932e-02
        1.08800000e+01       1.52415192e+00       2.89823049e-02
        1.09000000e+01       1.52395948e+00       2.87513714e-02
        1.09200000e+01       1.52376856e+00       2.85222781e-02
        1.09400000e+01       1.52357917e+00       2.82950102e-02
        1.09600000e+01       1.52339129e+00       2.80695532e-02
        1.09800000e+01       1.52320491e+00       2.78458926e-02
        1.10000000e+01       1.52302001e+00       2.76240142e-02
        1.10200000e+01       1.52283659e+00       2.74039037e-02
        1.10400000e+01       1.52265462e+00       2.71855471e-02
        1.10600000e+01       1.52247411e+00       2.69689303e-02
        1.10800000e+01       1.52229503e+00       2.67540396e-02
        1.11000000e+01       1.52211738e+00       2.65408612e-02
        1.11200000e+01       1.52194115e+00       2.63293813e-02
        1.11400000e+01       1.52176632e+00       2.61195866e-02
        1.11600000e+01       1.52159289e+00       2.59114635e-02
        1.11800000e+01       1.52142083e+00       2.57049988e-02
        1.12000000e+01       1.52125015e+00       2.55001792e-02
        1.12200000e+01       1.52108083e+00       2.52969916e-02
        1.12400000e+01       1.52091285e+00       2.50954230e-02
        1.12600000e+01       1.52074622e+00       2.48954606e-02
        1.12800000e+01       1.52058091e+00       2.46970914e-02
        1.13000000e+01       1.52041692e+00       2.45003029e-02
        1.13200000e+01       1.52025424e+00       2.43050824e-02
        1.13400000e+01       1.52009285e+00       2.41114175e-02
        1.13600000e+01       1.51993275e+00       2.39192957e-02
        1.13800000e+01       1.51977392e+00       2.37287047e-02
        1.14000000e+01       1.51961636e+00       2.35396323e-02
        1.14200000e+01       1.51946006e+00       2.33520666e-02
        1.14400000e+01       1.51930500e+00       2.31659953e-02
        1.14600000e+01       1.51915117e+00       2.29814067e-02
        1.14800000e+01       1.51899857e+00       2.27982889e-02
        1.15000000e+01       1.51884719e+00       2.26166302e-02
        1.15200000e+01       1.51869702e+00       2.24364190e-02
        1.15400000e+01       1.51854804e+00       2.22576437e-02
        1.15600000e+01       1.51840024e+00       2.20802929e-02
        1.15800000e+01       1.51825363e+00       2.19043552e-02
        1.16000000e+01       1.51810818e+00       2.17298195e-02
        1.16200000e+01       1.51796390e+00       2.15566744e-02
        1.16400000e+01       1.51782076e+00       2.13849090e-02
        1.16600000e+01       1.51767876e+00       2.12145122e-02
        1.16800000e+01       1.51753789e+00       2.10454732e-02
        1.17000000e+01       1.51739815e+00       2.08777811e-02
        1.17200000e+01       1.51725952e+00       2.07114252e-02
        1.17400000e+01       1.51712200e+00       2.05463948e-02
        1.17600000e+01       1.51698557e+00       2.03826793e-02
        1.17800000e+01       1.51685022e+00       2.02202684e-02
        1.18000000e+01       1.51671596e+00       2.00591516e-02
        1.18200000e+01       1.51658277e+00       1.98993186e-02
        1.18400000e+01       1.51645063e+00       1.97407591e-02
        1.18600000e+01       1.51631955e+00       1.95834631e-02
        1.18800000e+01       1.51618952e+00       1.94274204e-02
        1.19000000e+01       1.51606052e+00       1.92726210e-02
        1.19200000e+01       1.51593255e+00       1.91190552e-02
        1.19400000e+01       1.51580559e+00       1.89667129e-02
        1.19600000e+01       1.51567965e+00       1.88155845e-02
        1.19800000e+01       1.51555472e+00       1.86656603e-02
        1.20000000e+01       1.51543078e+00       1.85169308e-02
        1.20200000e+01       1.51530782e+00       1.83693863e-02
        1.20400000e+01       1.51518585e+00       1.82230175e-02
        1.20600000e+01       1.51506485e+00       1.80778149e-02
        1.20800000e+01       1.51494481e+00       1.79337693e-02
        1.21000000e+01       1.51482573e+00       1.77908715e-02
        1.21200000e+01       1.51470759e+00       1.76491124e-02
        1.21400000e+01       1.51459040e+00       1.75084827e-02
        1.21600000e+01       1.51447414e+00       1.73689737e-02
        1.21800000e+01       1.51435881e+00       1.72305762e-02
        1.22000000e+01       1.51424440e+00       1.70932815e-02
        1.22200000e+01       1.51413090e+00       1.69570808e-02
        1.22400000e+01       1.51401830e+00       1.68219653e-02
        1.22600000e+01       1.51390661e+00       1.66879265e-02
        1.22800000e+01       1.51379580e+00       1.65549557e-02
        1.23000000e+01       1.51368587e+00       1.64230444e-02
        1.23200000e+01       1.51357682e+00       1.62921841e-02
        1.23400000e+01       1.51346864e+00       1.61623666e-02
        1.23600000e+01       1.51336132e+00       1.60335835e-02
        1.23800000e+01       1.51325486e+00       1.59058266e-02
        1.24000000e+01       1.51314924e+00       1.57790876e-02
        1.24200000e+01       1.51304447e+00       1.56533585e-02
        1.24400000e+01       1.51294053e+00       1.55286312e-02
        1.24600000e+01       1.51283741e+00       1.54048977e-02
        1.24800000e+01       1.51273513e+00       1.52821502e-02
        1.25000000e+01       1.51263365e+00       1.51603807e-02
        1.25200000e+01       1.51253298e+00       1.50395815e-02
        1.25400000e+01       1.51243312e+00       1.49197449e-02
        1.25600000e+01       1.51233405e+00       1.48008631e-02
        1.25800000e+01       1.51223577e+00       1.46829285e-02
        1.26000000e+01       1.51213828e+00       1.45659337e-02
        1.26200000e+01       1.51204156e+00       1.44498711e-02
        1.26400000e+01       1.51194561e+00       1.43347333e-02
        1.26600000e+01       1.51185043e+00       1.42205129e-02
        1.26800000e+01       1.51175600e+00       1.41072027e-02
        1.27000000e+01       1.51166233e+00       1.39947953e-02
        1.27200000e+01       1.51156940e+00       1.38832835e-02
        1.27400000e+01       1.51147722e+00       1.37726604e-02
        1.27600000e+01       1.51138577e+00       1.36629186e-02
        1.27800000e+01       1.51129504e+00       1.35540513e-02
        1.28000000e+01       1.51120504e+00       1.34460515e-02
        1.28200000e+01       1.51111576e+00       1.33389122e-02
        1.28400000e+01       1.51102719e+00       1.32326266e-02
        1.28600000e+01       1.51093932e+00       1.31271879e-02
        1.28800000e+01       1.51085216e+00       1.30225894e-02
        1.29000000e+01       1.51076569e+00       1.29188243e-02
        1.29200000e+01       1.51067990e+00       1.28158860e-02
        1.29400000e+01       1.51059481e+00       1.27137679e-02
        1.29600000e+01       1.51051039e+00       1.26124635e-02
        1.29800000e+01       1.51042664e+00       1.25119664e-02
        1.30000000e+01       1.51034356e+00       1.24122699e-02
        1.30200000e+01       1.51026114e+00       1.23133679e-02
        1.30400000e+01       1.51017938e+00       1.22152540e-02
        1.30600000e+01       1.51009827e+00       1.21179218e-02
        1.30800000e+01       1.51001780e+00       1.20213651e-02
        1.31000000e+01       1.50993798e+00       1.19255779e-02
        1.31200000e+01       1.50985879e+00       1.18305539e-02
        1.31400000e+01       1.50978024e+00       1.17362870e-02
        1.31600000e+01       1.50970231e+00       1.16427713e-02
        1.31800000e+01       1.50962500e+00       1.15500007e-02
        1.32000000e+01       1.50954831e+00       1.14579693e-02
        1.32200000e+01       1.50947223e+00       1.13666712e-02
        1.32400000e+01       1.50939675e+00       1.12761006e-02
        1.32600000e+01       1.50932188e+00       1.11862517e-02
        1.32800000e+01       1.50924760e+00       1.10971187e-02
        1.33000000e+01       1.50917391e+00       1.10086959e-02
        1.33200000e+01       1.50910081e+00       1.09209777e-02
        1.33400000e+01       1.50902830e+00       1.08339584e-02
        1.33600000e+01       1.50895636e+00       1.07476325e-02
        1.33800000e+01       1.50888500e+00       1.06619944e-02
        1.34000000e+01       1.50881420e+00       1.05770387e-02
        1.34200000e+01       1.50874397e+00       1.04927600e-02
        1.34400000e+01       1.50867429e+00       1.04091528e-02
        1.34600000e+01       1.50860518e+00       1.03262118e-02
        1.34800000e+01       1.50853661e+00       1.02439316e-02
        1.35000000e+01       1.50846859e+00       1.01623071e-02
        1.35200000e+01       1.50840111e+00       1.00813330e-02
        1.35400000e+01       1.50833417e+00       1.00010041e-02
        1.35600000e+01       1.50826776e+00       9.92131522e-03
        1.35800000e+01       1.50820188e+00       9.84226133e-03
        1.36000000e+01       1.50813653e+00       9.76383736e-03
        1.36200000e+01       1.50807170e+00       9.68603827e-03
        1.36400000e+01       1.50800738e+00       9.60885909e-03
        1.36600000e+01       1.50794358e+00       9.53229488e-03
        1.36800000e+01       1.50788028e+00       9.45634075e-03
        1.37000000e+01       1.50781749e+00       9.38099182e-03
        1.37200000e+01       1.50775520e+00       9.30624328e-03
        1.37400000e+01       1.50769341e+00       9.23209034e-03
        1.37600000e+01       1.50763211e+00       9.15852826e-03
        1.37800000e+01       1.50757129e+00       9.08555232e-03
        1.38000000e+01       1.50751096e+00       9.01315787e-03
        1.38200000e+01       1.50745112e+00       8.94134026e-03
        1.38400000e+01       1.50739175e+00       8.87009490e-03
        1.38600000e+01       1.50733285e+00       8.79941723e-03
        1.38800000e+01       1.50727442e+00       8.72930272e-03
        1.39000000e+01       1.50721646e+00       8.65974689e-03
        1.39200000e+01       1.50715895e+00       8.59074529e-03
        1.39400000e+01       1.50710191e+00       8.52229350e-03
        1.39600000e+01       1.50704532e+00       8.45438714e-03
        1.39800000e+01       1.50698918e+00       8.38702187e-03
        1.40000000e+01       1.50693349e+00       8.32019336e-03
        1.40200000e+01       1.50687825e+00       8.25389735e-03
        1.40400000e+01       1.50682344e+00       8.18812960e-03
        1.40600000e+01       1.50676907e+00       8.12288588e-03
        1.40800000e+01       1.50671514e+00       8.05816204e-03
        1.41000000e+01       1.50666163e+00       7.99395391e-03
        1.41200000e+01       1.50660855e+00       7.93025741e-03
        1.41400000e+01       1.50655589e+00       7.86706844e-03
        1.41600000e+01       1.50650365e+00       7.80438297e-03
        1.41800000e+01       1.50645183e+00       7.74219698e-03
        1.42000000e+01       1.50640042e+00       7.68050650e-03
        1.42200000e+01       1.50634942e+00       7.61930757e-03
        1.42400000e+01       1.50629883e+00       7.55859628e-03
        1.42600000e+01       1.50624864e+00       7.49836874e-03
        1.42800000e+01       1.50619885e+00       7.43862110e-03
        1.43000000e+01       1.50614946e+00       7.37934953e-03
        1.43200000e+01       1.50610046e+00       7.32055025e-03
        1.43400000e+01       1.50605185e+00       7.26221948e-03
        1.43600000e+01       1.50600363e+00       7.20435349e-03
        1.43800000e+01       1.50595579e+00       7.14694859e-03
        1.44000000e+01       1.50590833e+00       7.09000110e-03
        1.44200000e+01       1.50586126e+00       7.03350736e-03
        1.44400000e+01       1.50581455e+00       6.97746378e-03
        1.44600000e+01       1.50576822e+00       6.92186675e-03
        1.44800000e+01       1.50572226e+00       6.86671273e-03
        1.45000000e+01       1.50567667e+00       6.81199818e-03
        1.45200000e+01       1.50563143e+00       6.75771960e-03
        1.45400000e+01       1.50558656e+00       6.70387351e-03
        1.45600000e+01       1.50554205e+00       6.65045648e-03
        1.45800000e+01       1.50549789e+00       6.59746507e-03
        1.46000000e+01       1.50545408e+00       6.54489591e-03
        1.46200000e+01       1.50541062e+00       6.49274562e-03
        1.46400000e+01       1.50536751e+00       6.44101087e-03
        1.46600000e+01       1.50532474e+00       6.38968835e-03
        1.46800000e+01       1.50528231e+00       6.33877477e-03
        1.47000000e+01       1.50524022e+00       6.28826687e-03
        1.47200000e+01       1.50519847e+00       6.23816142e-03
        1.47400000e+01       1.50515705e+00       6.18845522e-03
        1.47600000e+01       1.50511595e+00       6.13914508e-03
        1.47800000e+01       1.50507519e+00       6.09022785e-03
        1.48000000e+01       1.50503475e+00       6.04170040e-03
        1.48200000e+01       1.50499463e+00       5.99355962e-03
        1.48400000e+01       1.50495484e+00       5.94580242e-03
        1.48600000e+01       1.50491535e+00       5.89842576e-03
        1.48800000e+01       1.50487619e+00       5.85142660e-03
        1.49000000e+01       1.50483733e+00       5.80480194e-03
        1.49200000e+01       1.50479879e+00       5.75854878e-03
        1.49400000e+01       1.50476055e+00       5.71266417e-03
        1.49600000e+01       1.50472262e+00       5.66714518e-03
        1.49800000e+01       1.50468499e+00       5.62198888e-03
        1.50000000e+01       1.50464766e+00       5.57719240e-03
        1.50200000e+01       1.50461063e+00       5.53275285e-03
        1.50400000e+01       1.50457389e+00       5.48866741e-03
        1.50600000e+01       1.50453744e+00       5.44493324e-03
        1.50800000e+01       1.50450129e+00       5.40154755e-03
        1.51000000e+01       1.50446542e+00       5.35850756e-03
        1.51200000e+01       1.50442984e+00       5.31581051e-03
        1.51400000e+01       1.50439454e+00       5.27345368e-03
        1.51600000e+01       1.50435953e+00       5.23143435e-03
        1.51800000e+01       1.50432479e+00       5.18974984e-03
        1.52000000e+01       1.50429033e+00       5.14839747e-03
        1.52200000e+01       1.50425615e+00       5.10737460e-03
        1.52400000e+01       1.50422223e+00       5.06667860e-03
        1.52600000e+01       1.50418859e+00       5.02630688e-03
        1.52800000e+01       1.50415521e+00       4.98625684e-03
        1.53000000e+01       1.50412210e+00       4.94652592e-03
        1.53200000e+01       1.50408926e+00       4.90711158e-03
        1.53400000e+01       1.50405668e+00       4.86801130e-03
        1.53600000e+01       1.50402435e+00       4.82922257e-03
        1.53800000e+01       1.50399229e+00       4.79074291e-03
        1.54000000e+01       1.50396047e+00       4.75256986e-03
        1.54200000e+01       1.50392892e+00       4.71470098e-03
        1.54400000e+01       1.50389761e+00       4.67713384e-03
        1.54600000e+01       1.50386656e+00       4.63986604e-03
        1.54800000e+01       1.50383575e+00       4.60289519e-03
        1.55000000e+01       1.50380518e+00       4.56621893e-03
        1.55200000e+01       1.50377486e+00       4.52983491e-03
        1.55400000e+01       1.50374478e+00       4.49374080e-03
        1.55600000e+01       1.50371495e+00       4.45793429e-03
        1.55800000e+01       1.50368534e+00       4.42241309e-03
        1.56000000e+01       1.50365598e+00       4.38717493e-03
        1.56200000e+01       1.50362685e+00       4.35221754e-03
        1.56400000e+01       1.50359795e+00       4.31753870e-03
        1.56600000e+01       1.50356928e+00       4.28313619e-03
        1.56800000e+01       1.50354084e+00       4.24900779e-03
        1.57000000e+01       1.50351263e+00       4.21515134e-03
        1.57200000e+01       1.50348464e+00       4.18156465e-03
        1.57400000e+01       1.50345687e+00       4.14824559e-03
        1.57600000e+01       1.50342933e+00       4.11519202e-03
        1.57800000e+01       1.50340200e+00       4.08240182e-03
        1.58000000e+01       1.50337489e+00       4.04987289e-03
        1.58200000e+01       1.50334800e+00       4.01760316e-03
        1.58400000e+01       1.50332133e+00       3.98559055e-03
        1.58600000e+01       1.50329486e+00       3.95383303e-03
        1.58800000e+01       1.50326861e+00       3.92232855e-03
        1.59000000e+01       1.50324256e+00       3.89107510e-03
        1.59200000e+01       1.50321673e+00       3.86007068e-03
        1.59400000e+01       1.50319109e+00       3.82931331e-03
        1.59600000e+01       1.50316567e+00       3.79880102e-03
        1.59800000e+01       1.50314044e+00       3.76853185e-03
        1.60000000e+01       1.50311542e+00       3.73850387e-03
        1.60200000e+01       1.50309060e+00       3.70871515e-03
        1.60400000e+01       1.50306597e+00       3.67916379e-03
        1.60600000e+01       1.50304154e+00       3.64984790e-03
        1.60800000e+01       1.50301730e+00       3.62076560e-03
        1.61000000e+01       1.50299326e+00       3.59191503e-03
        1.61200000e+01       1.50296941e+00       3.56329435e-03
        1.61400000e+01       1.50294575e+00       3.53490171e-03
        1.61600000e+01       1.50292228e+00       3.50673532e-03
        1.61800000e+01       1.50289899e+00       3.47879335e-03
        1.62000000e+01       1.50287590e+00       3.45107403e-03
        1.62200000e+01       1.50285298e+00       3.42357558e-03
        1.62400000e+01       1.50283025e+00       3.39629624e-03
        1.62600000e+01       1.50280770e+00       3.36923426e-03
        1.62800000e+01       1.50278532e+00       3.34238791e-03
        1.63000000e+01       1.50276313e+00       3.31575548e-03
        1.63200000e+01       1.50274111e+00       3.28933526e-03
        1.63400000e+01       1.50271927e+00       3.26312556e-03
        1.63600000e+01       1.50269760e+00       3.23712469e-03
        1.63800000e+01       1.50267611e+00       3.21133101e-03
        1.64000000e+01       1.50265479e+00       3.18574285e-03
        1.64200000e+01       1.50263363e+00       3.16035858e-03
        1.64400000e+01       1.50261265e+00       3.13517657e-03
        1.64600000e+01       1.50259183e+00       3.11019522e-03
        1.64800000e+01       1.50257118e+00       3.08541292e-03
        1.65000000e+01       1.50255069e+00       3.06082809e-03
        1.65200000e+01       1.50253037e+00       3.03643915e-03
        1.65400000e+01       1.50251020e+00       3.01224454e-03
        1.65600000e+01       1.50249020e+00       2.98824272e-03
        1.65800000e+01       1.50247036e+00       2.96443215e-03
        1.66000000e+01       1.50245068e+00       2.94081130e-03
        1.66200000e+01       1.50243115e+00       2.91737866e-03
        1.66400000e+01       1.50241178e+00       2.89413274e-03
        1.66600000e+01       1.50239256e+00       2.87107205e-03
        1.66800000e+01       1.50237350e+00       2.84819510e-03
        1.67000000e+01       1.50235458e+00       2.82550044e-03
        1.67200000e+01       1.50233582e+00       2.80298661e-03
        1.67400000e+01       1.50231721e+00       2.78065217e-03
        1.67600000e+01       1.50229875e+00       2.75849570e-03
        1.67800000e+01       1.50228043e+00       2.73651577e-03
        1.68000000e+01       1.50226226e+00       2.71471098e-03
        1.68200000e+01       1.50224423e+00       2.69307993e-03
        1.68400000e+01       1.50222635e+00       2.67162124e-03
        1.68600000e+01       1.50220861e+00       2.65033354e-03
        1.68800000e+01       1.50219101e+00       2.62921545e-03
        1.69000000e+01       1.50217355e+00       2.60826564e-03
        1.69200000e+01       1.50215624e+00       2.58748276e-03
        1.69400000e+01       1.50213905e+00       2.56686548e-03
        1.69600000e+01       1.50212201e+00       2.54641247e-03
        1.69800000e+01       1.50210510e+00       2.52612244e-03
        1.70000000e+01       1.50208833e+00       2.50599408e-03
        1.70200000e+01       1.50207169e+00       2.48602611e-03
        1.70400000e+01       1.50205518e+00       2.46621724e-03
        1.70600000e+01       1.50203881e+00       2.44656621e-03
        1.70800000e+01       1.50202256e+00       2.42707176e-03
        1.71000000e+01       1.50200644e+00       2.40773265e-03
        1.71200000e+01       1.50199046e+00       2.38854763e-03
        1.71400000e+01       1.50197460e+00       2.36951548e-03
        1.71600000e+01       1.50195886e+00       2.35063498e-03
        1.71800000e+01       1.50194325e+00       2.33190492e-03
        1.72000000e+01       1.50192777e+00       2.31332410e-03
        1.72200000e+01       1.50191241e+00       2.29489134e-03
        1.72400000e+01       1.50189717e+00       2.27660545e-03
        1.72600000e+01       1.50188205e+00       2.25846526e-03
        1.72800000e+01       1.50186706e+00       2.24046962e-03
        1.73000000e+01       1.50185218e+00       2.22261737e-03
        1.73200000e+01       1.50183742e+00       2.20490736e-03
        1.73400000e+01       1.50182278e+00       2.18733847e-03
        1.73600000e+01       1.50180826e+00       2.16990957e-03
        1.73800000e+01       1.50179385e+00       2.15261955e-03
        1.74000000e+01       1.50177956e+00       2.13546729e-03
        1.74200000e+01       1.50176538e+00       2.11845171e-03
        1.74400000e+01       1.50175131e+00       2.10157170e-03
        1.74600000e+01       1.50173736e+00       2.08482620e-03
        1.74800000e+01       1.50172351e+00       2.06821413e-03
        1.75000000e+01       1.50170978e+00       2.05173442e-03
        1.75200000e+01       1.50169616e+00       2.03538603e-03
        1.75400000e+01       1.50168264e+00       2.01916790e-03
        1.75600000e+01       1.50166923e+00       2.00307900e-03
        1.75800000e+01       1.50165593e+00       1.98711829e-03
        1.76000000e+01       1.50164274e+00       1.97128477e-03
        1.76200000e+01       1.50162965e+00       1.95557740e-03
        1.76400000e+01       1.50161666e+00       1.93999519e-03
        1.76600000e+01       1.50160378e+00       1.92453715e-03
        1.76800000e+01       1.50159100e+00       1.90920227e-03
        1.77000000e+01       1.50157832e+00       1.89398958e-03
        1.77200000e+01       1.50156575e+00       1.87889811e-03
        1.77400000e+01       1.50155327e+00       1.86392689e-03
        1.77600000e+01       1.50154090e+00       1.84907497e-03
        1.77800000e+01       1.50152862e+00       1.83434138e-03
        1.78000000e+01       1.50151644e+00       1.81972519e-03
        1.78200000e+01       1.50150435e+00       1.80522547e-03
        1.78400000e+01       1.50149237e+00       1.79084127e-03
        1.78600000e+01       1.50148048e+00       1.77657170e-03
        1.78800000e+01       1.50146868e+00       1.76241582e-03
        1.79000000e+01       1.50145698e+00       1.74837275e-03
        1.79200000e+01       1.50144537e+00       1.73444156e-03
        1.79400000e+01       1.50143385e+00       1.72062138e-03
        1.79600000e+01       1.50142243e+00       1.70691133e-03
        1.79800000e+01       1.50141109e+00       1.69331051e-03
        1.80000000e+01       1.50139985e+00       1.67981807e-03
        1.80200000e+01       1.50138869e+00       1.66643314e-03
        1.80400000e+01       1.50137763e+00       1.65315485e-03
        1.80600000e+01       1.50136665e+00       1.63998238e-03
        1.80800000e+01       1.50135576e+00       1.62691486e-03
        1.81000000e+01       1.50134496e+00       1.61395146e-03
        1.81200000e+01       1.50133424e+00       1.60109136e-03
        1.81400000e+01       1.50132361e+00       1.58833373e-03
        1.81600000e+01       1.50131306e+00       1.57567775e-03
        1.81800000e+01       1.50130260e+00       1.56312261e-03
        1.82000000e+01       1.50129222e+00       1.55066752e-03
        1.82200000e+01       1.50128193e+00       1.53831167e-03
        1.82400000e+01       1.50127171e+00       1.52605427e-03
        1.82600000e+01       1.50126158e+00       1.51389454e-03
        1.82800000e+01       1.50125153e+00       1.50183170e-03
        1.83000000e+01       1.50124155e+00       1.48986498e-03
        1.83200000e+01       1.50123166e+00       1.47799360e-03
        1.83400000e+01       1.50122185e+00       1.46621683e-03
        1.83600000e+01       1.50121211e+00       1.45453389e-03
        1.83800000e+01       1.50120245e+00       1.44294404e-03
        1.84000000e+01       1.50119287e+00       1.43144653e-03
        1.84200000e+01       1.50118337e+00       1.42004065e-03
        1.84400000e+01       1.50117394e+00       1.40872564e-03
        1.84600000e+01       1.50116458e+00       1.39750080e-03
        1.84800000e+01       1.50115530e+00       1.38636539e-03
        1.85000000e+01       1.50114610e+00       1.37531871e-03
        1.85200000e+01       1.50113697e+00       1.36436006e-03
        1.85400000e+01       1.50112791e+00       1.35348872e-03
        1.85600000e+01       1.50111892e+00       1.34270401e-03
        1.85800000e+01       1.50111000e+00       1.33200523e-03
        1.86000000e+01       1.50110116e+00       1.32139169e-03
        1.86200000e+01       1.50109239e+00       1.31086273e-03
        1.86400000e+01       1.50108368e+00       1.30041767e-03
        1.86600000e+01       1.50107505e+00       1.29005583e-03
        1.86800000e+01       1.50106648e+00       1.27977655e-03
        1.87000000e+01       1.50105798e+00       1.26957919e-03
        1.87200000e+01       1.50104955e+00       1.25946307e-03
        1.87400000e+01       1.50104119e+00       1.24942756e-03
        1.87600000e+01       1.50103289e+00       1.23947202e-03
        1.87800000e+01       1.50102466e+00       1.22959580e-03
        1.88000000e+01       1.50101650e+00       1.21979827e-03
        1.88200000e+01       1.50100840e+00       1.21007882e-03
        1.88400000e+01       1.50100036e+00       1.20043681e-03
        1.88600000e+01       1.50099239e+00       1.19087162e-03
        1.88800000e+01       1.50098449e+00       1.18138266e-03
        1.89000000e+01       1.50097664e+00       1.17196930e-03
        1.89200000e+01       1.50096886e+00       1.16263095e-03
        1.89400000e+01       1.50096114e+00       1.15336701e-03
        1.89600000e+01       1.50095348e+00       1.14417688e-03
        1.89800000e+01       1.50094588e+00       1.13505998e-03
        1.90000000e+01       1.50093835e+00       1.12601573e-03
        1.90200000e+01       1.50093087e+00       1.11704354e-03
        1.90400000e+01       1.50092345e+00       1.10814284e-03
        1.90600000e+01       1.50091609e+00       1.09931306e-03
        1.90800000e+01       1.50090879e+00       1.09055364e-03
        1.91000000e+01       1.50090155e+00       1.08186402e-03
        1.91200000e+01       1.50089437e+00       1.07324363e-03
        1.91400000e+01       1.50088724e+00       1.06469194e-03
        1.91600000e+01       1.50088017e+00       1.05620838e-03
        1.91800000e+01       1.50087316e+00       1.04779242e-03
        1.92000000e+01       1.50086620e+00       1.03944352e-03
        1.92200000e+01       1.50085930e+00       1.03116115e-03
        1.92400000e+01       1.50085245e+00       1.02294477e-03
        1.92600000e+01       1.50084566e+00       1.01479386e-03
        1.92800000e+01       1.50083892e+00       1.00670789e-03
        1.93000000e+01       1.50083224e+00       9.98686359e-04
        1.93200000e+01       1.50082561e+00       9.90728741e-04
        1.93400000e+01       1.50081903e+00       9.82834530e-04
        1.93600000e+01       1.50081250e+00       9.75003221e-04
        1.93800000e+01       1.50080603e+00       9.67234312e-04
        1.94000000e+01       1.50079961e+00       9.59527307e-04
        1.94200000e+01       1.50079323e+00       9.51881712e-04
        1.94400000e+01       1.50078691e+00       9.44297037e-04
        1.94600000e+01       1.50078064e+00       9.36772798e-04
        1.94800000e+01       1.50077442e+00       9.29308512e-04
        1.95000000e+01       1.50076825e+00       9.21903703e-04
        1.95200000e+01       1.50076213e+00       9.14557896e-04
        1.95400000e+01       1.50075606e+00       9.07270621e-04
        1.95600000e+01       1.50075003e+00       9.00041411e-04
        1.95800000e+01       1.50074406e+00       8.92869804e-04
        1.96000000e+01       1.50073813e+00       8.85755342e-04
        1.96200000e+01       1.50073225e+00       8.78697568e-04
        1.96400000e+01       1.50072641e+00       8.71696031e-04
        1.96600000e+01       1.50072063e+00       8.64750282e-04
        1.96800000e+01       1.50071488e+00       8.57859879e-04
        1.97000000e+01       1.50070919e+00       8.51024378e-04
        1.97200000e+01       1.50070354e+00       8.44243343e-04
        1.97400000e+01       1.50069793e+00       8.37516340e-04
        1.97600000e+01       1.50069237e+00       8.30842939e-04
        1.97800000e+01       1.50068685e+00       8.24222712e-04
        1.98000000e+01       1.50068138e+00       8.17655235e-04
        1.98200000e+01       1.50067595e+00       8.11140088e-04
        1.98400000e+01       1.50067056e+00       8.04676855e-04
        1.98600000e+01       1.50066522e+00       7.98265121e-04
        1.98800000e+01       1.50065992e+00       7.91904477e-04
        1.99000000e+01       1.50065466e+00       7.85594515e-04
        1.99200000e+01       1.50064945e+00       7.79334831e-04
        1.99400000e+01       1.50064427e+00       7.73125024e-04
        1.99600000e+01       1.50063914e+00       7.66964698e-04
        1.99800000e+01       1.50063404e+00       7.60853458e-04
        2.00000000e+01       1.50062899e+00       7.54790913e-04
