# Giai phuong trinh vi phan
######################################################################
#     i             x         theta         omega
      0   0.000000000   0.523598776   0.000000000
      1   0.010000000   0.523598776  -0.085608400
      2   0.020000000   0.522742692  -0.171216800
      3   0.030000000   0.521030524  -0.256685230
      4   0.040000000   0.518463671  -0.341873720
      5   0.050000000   0.515044934  -0.426642531
      6   0.060000000   0.510778509  -0.510852377
      7   0.070000000   0.505669985  -0.594364663
      8   0.080000000   0.499726338  -0.677041706
      9   0.090000000   0.492955921  -0.758746962
     10   0.100000000   0.485368452  -0.839345255
     11   0.110000000   0.476974999  -0.918702997
     12   0.120000000   0.467787969  -0.996688410
     13   0.130000000   0.457821085  -1.073171743
     14   0.140000000   0.447089368  -1.148025490
     15   0.150000000   0.435609113  -1.221124602
     16   0.160000000   0.423397867  -1.292346692
     17   0.170000000   0.410474400  -1.361572243
     18   0.180000000   0.396858677  -1.428684807
     19   0.190000000   0.382571829  -1.493571201
     20   0.200000000   0.367636117  -1.556121695
     21   0.210000000   0.352074900  -1.616230200
     22   0.220000000   0.335912598  -1.673794446
     23   0.230000000   0.319174654  -1.728716156
     24   0.240000000   0.301887492  -1.780901212
     25   0.250000000   0.284078480  -1.830259817
     26   0.260000000   0.265775882  -1.876706649
     27   0.270000000   0.247008816  -1.920161005
     28   0.280000000   0.227807205  -1.960546947
     29   0.290000000   0.208201736  -1.997793425
     30   0.300000000   0.188223802  -2.031834409
     31   0.310000000   0.167905458  -2.062609000
     32   0.320000000   0.147279368  -2.090061543
     33   0.330000000   0.126378752  -2.114141719
     34   0.340000000   0.105237335  -2.134804645
     35   0.350000000   0.083889289  -2.152010950
     36   0.360000000   0.062369179  -2.165726848
     37   0.370000000   0.040711911  -2.175924209
     38   0.380000000   0.018952669  -2.182580606
     39   0.390000000  -0.002873138  -2.185679368
     40   0.400000000  -0.024729931  -2.185209610
     41   0.410000000  -0.046582027  -2.181166266
     42   0.420000000  -0.068393690  -2.173550104
     43   0.430000000  -0.090129191  -2.162367736
     44   0.440000000  -0.111752868  -2.147631613
     45   0.450000000  -0.133229184  -2.129360019
     46   0.460000000  -0.154522785  -2.107577048
     47   0.470000000  -0.175598555  -2.082312573
     48   0.480000000  -0.196421681  -2.053602209
     49   0.490000000  -0.216957703  -2.021487264
     50   0.500000000  -0.237172576  -1.986014679
     51   0.510000000  -0.257032722  -1.947236963
     52   0.520000000  -0.276505092  -1.905212113
     53   0.530000000  -0.295557213  -1.860003531
     54   0.540000000  -0.314157248  -1.811679926
     55   0.550000000  -0.332274048  -1.760315216
     56   0.560000000  -0.349877200  -1.705988409
     57   0.570000000  -0.366937084  -1.648783487
     58   0.580000000  -0.383424919  -1.588789274
     59   0.590000000  -0.399312812  -1.526099300
     60   0.600000000  -0.414573805  -1.460811655
     61   0.610000000  -0.429181921  -1.393028838
     62   0.620000000  -0.443112210  -1.322857594
     63   0.630000000  -0.456340785  -1.250408748
     64   0.640000000  -0.468844873  -1.175797029
     65   0.650000000  -0.480602843  -1.099140893
     66   0.660000000  -0.491594252  -1.020562328
     67   0.670000000  -0.501799875  -0.940186667
     68   0.680000000  -0.511201742  -0.858142388
     69   0.690000000  -0.519783166  -0.774560903
     70   0.700000000  -0.527528775  -0.689576355
     71   0.710000000  -0.534424539  -0.603325401
     72   0.720000000  -0.540457793  -0.515946989
     73   0.730000000  -0.545617262  -0.427582139
     74   0.740000000  -0.549893084  -0.338373717
     75   0.750000000  -0.553276821  -0.248466198
     76   0.760000000  -0.555761483  -0.158005438
     77   0.770000000  -0.557341537  -0.067138435
     78   0.780000000  -0.558012922   0.023986906
     79   0.790000000  -0.557773053   0.115222019
     80   0.800000000  -0.556620832   0.206417913
     81   0.810000000  -0.554556653   0.297425419
     82   0.820000000  -0.551582399   0.388095432
     83   0.830000000  -0.547701445   0.478279154
     84   0.840000000  -0.542918653   0.567828341
     85   0.850000000  -0.537240370   0.656595540
     86   0.860000000  -0.530674414   0.744434341
     87   0.870000000  -0.523230071   0.831199608
     88   0.880000000  -0.514918075   0.916747724
     89   0.890000000  -0.505750598   1.000936829
     90   0.900000000  -0.495741229   1.083627052
     91   0.910000000  -0.484904959   1.164680743
     92   0.920000000  -0.473258152   1.243962704
     93   0.930000000  -0.460818524   1.321340412
     94   0.940000000  -0.447605120   1.396684241
     95   0.950000000  -0.433638278   1.469867678
     96   0.960000000  -0.418939601   1.540767536
     97   0.970000000  -0.403531926   1.609264161
     98   0.980000000  -0.387439284   1.675241631
     99   0.990000000  -0.370686868   1.738587954
    100   1.000000000  -0.353300988   1.799195257
    101   1.010000000  -0.335309036   1.856959968
    102   1.020000000  -0.316739436   1.911782996
    103   1.030000000  -0.297621606   1.963569893
    104   1.040000000  -0.277985907   2.012231026
    105   1.050000000  -0.257863597   2.057681722
    106   1.060000000  -0.237286780   2.099842420
    107   1.070000000  -0.216288356   2.138638808
    108   1.080000000  -0.194901967   2.174001955
    109   1.090000000  -0.173161948   2.205868426
    110   1.100000000  -0.151103264   2.234180405
    111   1.110000000  -0.128761460   2.258885788
    112   1.120000000  -0.106172602   2.279938287
    113   1.130000000  -0.083373219   2.297297507
    114   1.140000000  -0.060400244   2.310929029
    115   1.150000000  -0.037290953   2.320804469
    116   1.160000000  -0.014082909   2.326901539
    117   1.170000000   0.009186107   2.329204095
    118   1.180000000   0.032478148   2.327702167
    119   1.190000000   0.055755169   2.322391989
    120   1.200000000   0.078979089   2.313276019
    121   1.210000000   0.102111849   2.300362938
    122   1.220000000   0.125115479   2.283667651
    123   1.230000000   0.147952155   2.263211270
    124   1.240000000   0.170584268   2.239021093
    125   1.250000000   0.192974479   2.211130565
    126   1.260000000   0.215085784   2.179579238
    127   1.270000000   0.236881577   2.144412712
    128   1.280000000   0.258325704   2.105682574
    129   1.290000000   0.279382530   2.063446321
    130   1.300000000   0.300016993   2.017767278
    131   1.310000000   0.320194666   1.968714500
    132   1.320000000   0.339881811   1.916362672
    133   1.330000000   0.359045437   1.860791996
    134   1.340000000   0.377653357   1.802088067
    135   1.350000000   0.395674238   1.740341743
    136   1.360000000   0.413077655   1.675649005
    137   1.370000000   0.429834146   1.608110808
    138   1.380000000   0.445915254   1.537832925
    139   1.390000000   0.461293583   1.464925781
    140   1.400000000   0.475942841   1.389504281
    141   1.410000000   0.489837883   1.311687626
    142   1.420000000   0.502954760   1.231599132
    143   1.430000000   0.515270751   1.149366029
    144   1.440000000   0.526764411   1.065119261
    145   1.450000000   0.537415604   0.978993280
    146   1.460000000   0.547205537   0.891125829
    147   1.470000000   0.556116795   0.801657723
    148   1.480000000   0.564133372   0.710732627
    149   1.490000000   0.571240699   0.618496821
    150   1.500000000   0.577425667   0.525098967
    151   1.510000000   0.582676656   0.430689870
    152   1.520000000   0.586983555   0.335422237
    153   1.530000000   0.590337777   0.239450426
    154   1.540000000   0.592732282   0.142930199
    155   1.550000000   0.594161584   0.046018471
    156   1.560000000   0.594621768  -0.051126948
    157   1.570000000   0.594110499  -0.148347607
    158   1.580000000   0.592627023  -0.245484674
    159   1.590000000   0.590172176  -0.342379192
    160   1.600000000   0.586748384  -0.438872343
    161   1.610000000   0.582359661  -0.534805704
    162   1.620000000   0.577011604  -0.630021508
    163   1.630000000   0.570711389  -0.724362905
    164   1.640000000   0.563467760  -0.817674217
    165   1.650000000   0.555291017  -0.909801196
    166   1.660000000   0.546193006  -1.000591277
    167   1.670000000   0.536187093  -1.089893834
    168   1.680000000   0.525288154  -1.177560423
    169   1.690000000   0.513512550  -1.263445037
    170   1.700000000   0.500878100  -1.347404339
    171   1.710000000   0.487404056  -1.429297908
    172   1.720000000   0.473111077  -1.508988471
    173   1.730000000   0.458021193  -1.586342132
    174   1.740000000   0.442157771  -1.661228597
    175   1.750000000   0.425545485  -1.733521393
    176   1.760000000   0.408210271  -1.803098080
    177   1.770000000   0.390179291  -1.869840459
    178   1.780000000   0.371480886  -1.933634773
    179   1.790000000   0.352144538  -1.994371898
    180   1.800000000   0.332200819  -2.051947530
    181   1.810000000   0.311681344  -2.106262364
    182   1.820000000   0.290618720  -2.157222264
    183   1.830000000   0.269046498  -2.204738425
    184   1.840000000   0.246999113  -2.248727527
    185   1.850000000   0.224511838  -2.289111882
    186   1.860000000   0.201620719  -2.325819568
    187   1.870000000   0.178362524  -2.358784555
    188   1.880000000   0.154774678  -2.387946828
    189   1.890000000   0.130895210  -2.413252488
    190   1.900000000   0.106762685  -2.434653854
    191   1.910000000   0.082416146  -2.452109553
    192   1.920000000   0.057895051  -2.465584593
    193   1.930000000   0.033239205  -2.475050434
    194   1.940000000   0.008488701  -2.480485044
    195   1.950000000  -0.016316150  -2.481872947
    196   1.960000000  -0.041134879  -2.479205256
    197   1.970000000  -0.065926932  -2.472479704
    198   1.980000000  -0.090651729  -2.461700650
    199   1.990000000  -0.115268735  -2.446879093
    200   2.000000000  -0.139737526  -2.428032654
    201   2.010000000  -0.164017853  -2.405185569
    202   2.020000000  -0.188069709  -2.378368650
    203   2.030000000  -0.211853395  -2.347619252
    204   2.040000000  -0.235329588  -2.312981222
    205   2.050000000  -0.258459400  -2.274504835
    206   2.060000000  -0.281204448  -2.232246723
    207   2.070000000  -0.303526915  -2.186269796
    208   2.080000000  -0.325389613  -2.136643145
    209   2.090000000  -0.346756045  -2.083441943
    210   2.100000000  -0.367590464  -2.026747330
    211   2.110000000  -0.387857937  -1.966646289
    212   2.120000000  -0.407524400  -1.903231516
    213   2.130000000  -0.426556716  -1.836601277
    214   2.140000000  -0.444922728  -1.766859254
    215   2.150000000  -0.462591321  -1.694114388
    216   2.160000000  -0.479532465  -1.618480707
    217   2.170000000  -0.495717272  -1.540077149
    218   2.180000000  -0.511118043  -1.459027375
    219   2.190000000  -0.525708317  -1.375459575
    220   2.200000000  -0.539462913  -1.289506265
    221   2.210000000  -0.552357975  -1.201304079
    222   2.220000000  -0.564371016  -1.110993550
    223   2.230000000  -0.575480952  -1.018718889
    224   2.240000000  -0.585668141  -0.924627753
    225   2.250000000  -0.594914418  -0.828871012
    226   2.260000000  -0.603203128  -0.731602505
    227   2.270000000  -0.610519153  -0.632978793
    228   2.280000000  -0.616848941  -0.533158912
    229   2.290000000  -0.622180530  -0.432304110
    230   2.300000000  -0.626503571  -0.330577593
    231   2.310000000  -0.629809347  -0.228144259
    232   2.320000000  -0.632090790  -0.125170431
    233   2.330000000  -0.633342494  -0.021823587
    234   2.340000000  -0.633560730   0.081727911
    235   2.350000000  -0.632743451   0.185315091
    236   2.360000000  -0.630890300   0.288768645
    237   2.370000000  -0.628002614   0.391919209
    238   2.380000000  -0.624083422   0.494597636
    239   2.390000000  -0.619137445   0.596635276
    240   2.400000000  -0.613171092   0.697864248
    241   2.410000000  -0.606192450   0.798117722
    242   2.420000000  -0.598211273   0.897230187
    243   2.430000000  -0.589238971   0.995037730
    244   2.440000000  -0.579288594   1.091378302
    245   2.450000000  -0.568374811   1.186091987
    246   2.460000000  -0.556513891   1.279021269
    247   2.470000000  -0.543723678   1.370011290
    248   2.480000000  -0.530023565   1.458910111
    249   2.490000000  -0.515434464   1.545568964
    250   2.500000000  -0.499978774   1.629842499
    251   2.510000000  -0.483680349   1.711589028
    252   2.520000000  -0.466564459   1.790670765
    253   2.530000000  -0.448657751   1.866954055
    254   2.540000000  -0.429988211   1.940309597
    255   2.550000000  -0.410585115   2.010612669
    256   2.560000000  -0.390478988   2.077743336
    257   2.570000000  -0.369701555   2.141586650
    258   2.580000000  -0.348285688   2.202032854
    259   2.590000000  -0.326265360   2.258977565
    260   2.600000000  -0.303675584   2.312321951
    261   2.610000000  -0.280552365   2.361972909
    262   2.620000000  -0.256932636   2.407843221
    263   2.630000000  -0.232854203   2.449851706
    264   2.640000000  -0.208355686   2.487923369
    265   2.650000000  -0.183476453   2.521989523
    266   2.660000000  -0.158256557   2.551987923
    267   2.670000000  -0.132736678   2.577862871
    268   2.680000000  -0.106958049   2.599565317
    269   2.690000000  -0.080962396   2.617052958
    270   2.700000000  -0.054791867   2.630290310
    271   2.710000000  -0.028488964   2.639248780
    272   2.720000000  -0.002096476   2.643906726
    273   2.730000000   0.024342591   2.644249500
    274   2.740000000   0.050785086   2.640269486
    275   2.750000000   0.077187781   2.631966124
    276   2.760000000   0.103507443   2.619345922
    277   2.770000000   0.129700902   2.602422455
    278   2.780000000   0.155725126   2.581216358
    279   2.790000000   0.181537290   2.555755300
    280   2.800000000   0.207094843   2.526073953
    281   2.810000000   0.232355582   2.492213946
    282   2.820000000   0.257277722   2.454223808
    283   2.830000000   0.281819960   2.412158901
    284   2.840000000   0.305941549   2.366081337
    285   2.850000000   0.329602362   2.316059894
    286   2.860000000   0.352762961   2.262169908
    287   2.870000000   0.375384660   2.204493164
    288   2.880000000   0.397429592   2.143117772
    289   2.890000000   0.418860770   2.078138033
    290   2.900000000   0.439642150   2.009654298
    291   2.910000000   0.459738693   1.937772806
    292   2.920000000   0.479116421   1.862605530
    293   2.930000000   0.497742476   1.784269995
    294   2.940000000   0.515585176   1.702889100
    295   2.950000000   0.532614067   1.618590924
    296   2.960000000   0.548799977   1.531508524
    297   2.970000000   0.564115062   1.441779727
    298   2.980000000   0.578532859   1.349546915
    299   2.990000000   0.592028328   1.254956792
    300   3.000000000   0.604577896   1.158160161
    301   3.010000000   0.616159498   1.059311675
    302   3.020000000   0.626752615   0.958569597
    303   3.030000000   0.636338311   0.856095544
    304   3.040000000   0.644899266   0.752054230
    305   3.050000000   0.652419808   0.646613201
    306   3.060000000   0.658885940   0.539942562
    307   3.070000000   0.664285366   0.432214711
    308   3.080000000   0.668607513   0.323604053
    309   3.090000000   0.671843554   0.214286725
    310   3.100000000   0.673986421   0.104440304
    311   3.110000000   0.675030824  -0.005756476
    312   3.120000000   0.674973259  -0.116124016
    313   3.130000000   0.673812019  -0.226482143
    314   3.140000000   0.671547197  -0.336650408
    315   3.150000000   0.668180693  -0.446448375
    316   3.160000000   0.663716210  -0.555695919
    317   3.170000000   0.658159250  -0.664213519
    318   3.180000000   0.651517115  -0.771822556
    319   3.190000000   0.643798890  -0.878345605
    320   3.200000000   0.635015434  -0.983606723
    321   3.210000000   0.625179366  -1.087431747
    322   3.220000000   0.614305049  -1.189648573
    323   3.230000000   0.602408563  -1.290087448
    324   3.240000000   0.589507689  -1.388581249
    325   3.250000000   0.575621876  -1.484965756
    326   3.260000000   0.560772219  -1.579079932
    327   3.270000000   0.544981419  -1.670766190
    328   3.280000000   0.528273757  -1.759870652
    329   3.290000000   0.510675051  -1.846243412
    330   3.300000000   0.492212617  -1.929738782
    331   3.310000000   0.472915229  -2.010215545
    332   3.320000000   0.452813074  -2.087537185
    333   3.330000000   0.431937702  -2.161572123
    334   3.340000000   0.410321980  -2.232193937
    335   3.350000000   0.388000041  -2.299281581
    336   3.360000000   0.365007225  -2.362719587
    337   3.370000000   0.341380029  -2.422398269
    338   3.380000000   0.317156047  -2.478213904
    339   3.390000000   0.292373908  -2.530068917
    340   3.400000000   0.267073219  -2.577872051
    341   3.410000000   0.241294498  -2.621538522
    342   3.420000000   0.215079113  -2.660990173
    343   3.430000000   0.188469211  -2.696155608
    344   3.440000000   0.161507655  -2.726970324
    345   3.450000000   0.134237952  -2.753376825
    346   3.460000000   0.106704183  -2.775324730
    347   3.470000000   0.078950936  -2.792770864
    348   3.480000000   0.051023228  -2.805679342
    349   3.490000000   0.022966434  -2.814021640
    350   3.500000000  -0.005173782  -2.817776652
    351   3.510000000  -0.033351549  -2.816930739
    352   3.520000000  -0.061520856  -2.811477761
    353   3.530000000  -0.089635634  -2.801419101
    354   3.540000000  -0.117649825  -2.786763674
    355   3.550000000  -0.145517462  -2.767527928
    356   3.560000000  -0.173192741  -2.743735823
    357   3.570000000  -0.200630099  -2.715418810
    358   3.580000000  -0.227784287  -2.682615789
    359   3.590000000  -0.254610445  -2.645373058
    360   3.600000000  -0.281064176  -2.603744250
    361   3.610000000  -0.307101618  -2.557790257
    362   3.620000000  -0.332679521  -2.507579143
    363   3.630000000  -0.357755312  -2.453186041
    364   3.640000000  -0.382287173  -2.394693048
    365   3.650000000  -0.406234103  -2.332189095
    366   3.660000000  -0.429555994  -2.265769819
    367   3.670000000  -0.452213692  -2.195537414
    368   3.680000000  -0.474169066  -2.121600475
    369   3.690000000  -0.495385071  -2.044073833
    370   3.700000000  -0.515825809  -1.963078374
    371   3.710000000  -0.535456593  -1.878740854
    372   3.720000000  -0.554244002  -1.791193701
    373   3.730000000  -0.572155939  -1.700574807
    374   3.740000000  -0.589161687  -1.607027311
    375   3.750000000  -0.605231960  -1.510699375
    376   3.760000000  -0.620338954  -1.411743950
    377   3.770000000  -0.634456393  -1.310318531
    378   3.780000000  -0.647559578  -1.206584910
    379   3.790000000  -0.659625428  -1.100708919
    380   3.800000000  -0.670632517  -0.992860162
    381   3.810000000  -0.680561118  -0.883211745
    382   3.820000000  -0.689393236  -0.771940003
    383   3.830000000  -0.697112636  -0.659224209
    384   3.840000000  -0.703704878  -0.545246293
    385   3.850000000  -0.709157341  -0.430190545
    386   3.860000000  -0.713459246  -0.314243320
    387   3.870000000  -0.716601679  -0.197592733
    388   3.880000000  -0.718577607  -0.080428358
    389   3.890000000  -0.719381890   0.037059080
    390   3.900000000  -0.719011300   0.154678019
    391   3.910000000  -0.717464519   0.272236367
    392   3.920000000  -0.714742156   0.389541816
    393   3.930000000  -0.710846738   0.506402158
    394   3.940000000  -0.705782716   0.622625600
    395   3.950000000  -0.699556460   0.738021074
    396   3.960000000  -0.692176249   0.852398555
    397   3.970000000  -0.683652264   0.965569372
    398   3.980000000  -0.673996570   1.077346517
    399   3.990000000  -0.663223105   1.187544956
    400   4.000000000  -0.651347655   1.295981934
    401   4.010000000  -0.638387836   1.402477275
    402   4.020000000  -0.624363063   1.506853687
    403   4.030000000  -0.609294526   1.608937047
    404   4.040000000  -0.593205156   1.708556702
    405   4.050000000  -0.576119589   1.805545745
    406   4.060000000  -0.558064131   1.899741298
    407   4.070000000  -0.539066718   1.990984784
    408   4.080000000  -0.519156871   2.079122192
    409   4.090000000  -0.498365649   2.164004340
    410   4.100000000  -0.476725605   2.245487124
    411   4.110000000  -0.454270734   2.323431760
    412   4.120000000  -0.431036416   2.397705025
    413   4.130000000  -0.407059366   2.468179479
    414   4.140000000  -0.382377571   2.534733686
    415   4.150000000  -0.357030234   2.597252419
    416   4.160000000  -0.331057710   2.655626862
    417   4.170000000  -0.304501442   2.709754798
    418   4.180000000  -0.277403894   2.759540783
    419   4.190000000  -0.249808486   2.804896320
    420   4.200000000  -0.221759523   2.845740007
    421   4.210000000  -0.193302123   2.881997689
    422   4.220000000  -0.164482146   2.913602586
    423   4.230000000  -0.135346120   2.940495417
    424   4.240000000  -0.105941166   2.962624508
    425   4.250000000  -0.076314921   2.979945888
    426   4.260000000  -0.046515462   2.992423378
    427   4.270000000  -0.016591228   3.000028656
    428   4.280000000   0.013409059   3.002741322
    429   4.290000000   0.043436472   3.000548941
    430   4.300000000   0.073441961   2.993447077
    431   4.310000000   0.103376432   2.981439317
    432   4.320000000   0.133190825   2.964537270
    433   4.330000000   0.162836198   2.942760570
    434   4.340000000   0.192263804   2.916136852
    435   4.350000000   0.221425172   2.884701720
    436   4.360000000   0.250272189   2.848498704
    437   4.370000000   0.278757176   2.807579201
    438   4.380000000   0.306832968   2.762002403
    439   4.390000000   0.334452992   2.711835213
    440   4.400000000   0.361571345   2.657152148
    441   4.410000000   0.388142866   2.598035234
    442   4.420000000   0.414123218   2.534573875
    443   4.430000000   0.439468957   2.466864729
    444   4.440000000   0.464137604   2.395011554
    445   4.450000000   0.488087720   2.319125056
    446   4.460000000   0.511278971   2.239322714
    447   4.470000000   0.533672198   2.155728602
    448   4.480000000   0.555229484   2.068473198
    449   4.490000000   0.575914216   1.977693177
    450   4.500000000   0.595691147   1.883531203
    451   4.510000000   0.614526459   1.786135700
    452   4.520000000   0.632387816   1.685660624
    453   4.530000000   0.649244423   1.582265216
    454   4.540000000   0.665067075   1.476113753
    455   4.550000000   0.679828212   1.367375286
    456   4.560000000   0.693501965   1.256223374
    457   4.570000000   0.706064199   1.142835802
    458   4.580000000   0.717492557   1.027394306
    459   4.590000000   0.727766500   0.910084273
    460   4.600000000   0.736867343   0.791094450
    461   4.610000000   0.744778287   0.670616639
    462   4.620000000   0.751484454   0.548845389
    463   4.630000000   0.756972908   0.425977681
    464   4.640000000   0.761232684   0.302212611
    465   4.650000000   0.764254811   0.177751067
    466   4.660000000   0.766032321   0.052795405
    467   4.670000000   0.766560275  -0.072450879
    468   4.680000000   0.765835766  -0.197783484
    469   4.690000000   0.763857932  -0.322997632
    470   4.700000000   0.760627955  -0.447888404
    471   4.710000000   0.756149071  -0.572251074
    472   4.720000000   0.750426560  -0.695881448
    473   4.730000000   0.743467746  -0.818576190
    474   4.740000000   0.735281984  -0.940133167
    475   4.750000000   0.725880652  -1.060351771
    476   4.760000000   0.715277135  -1.179033258
    477   4.770000000   0.703486802  -1.295981069
    478   4.780000000   0.690526991  -1.411001162
    479   4.790000000   0.676416980  -1.523902325
    480   4.800000000   0.661177957  -1.634496501
    481   4.810000000   0.644832992  -1.742599097
    482   4.820000000   0.627407001  -1.848029291
    483   4.830000000   0.608926708  -1.950610335
    484   4.840000000   0.589420604  -2.050169852
    485   4.850000000   0.568918906  -2.146540121
    486   4.860000000   0.547453505  -2.239558362
    487   4.870000000   0.525057921  -2.329067010
    488   4.880000000   0.501767251  -2.414913980
    489   4.890000000   0.477618111  -2.496952926
    490   4.900000000   0.452648582  -2.575043487
    491   4.910000000   0.426898147  -2.649051530
    492   4.920000000   0.400407632  -2.718849377
    493   4.930000000   0.373219138  -2.784316025
    494   4.940000000   0.345375978  -2.845337354
    495   4.950000000   0.316922604  -2.901806326
    496   4.960000000   0.287904541  -2.953623172
    497   4.970000000   0.258368309  -3.000695564
    498   4.980000000   0.228361354  -3.042938783
    499   4.990000000   0.197931966  -3.080275864
    500   5.000000000   0.167129207  -3.112637741
    501   5.010000000   0.136002830  -3.139963366
    502   5.020000000   0.104603196  -3.162199829
    503   5.030000000   0.072981198  -3.179302451
    504   5.040000000   0.041188173  -3.191234877
    505   5.050000000   0.009275824  -3.197969143
    506   5.060000000  -0.022703867  -3.199485741
    507   5.070000000  -0.054698724  -3.195773658
    508   5.080000000  -0.086656461  -3.186830417
    509   5.090000000  -0.118524765  -3.172662086
    510   5.100000000  -0.150251386  -3.153283286
    511   5.110000000  -0.181784219  -3.128717185
    512   5.120000000  -0.213071391  -3.098995465
    513   5.130000000  -0.244061345  -3.064158293
    514   5.140000000  -0.274702928  -3.024254263
    515   5.150000000  -0.304945471  -2.979340334
    516   5.160000000  -0.334738874  -2.929481749
    517   5.170000000  -0.364033692  -2.874751943
    518   5.180000000  -0.392781211  -2.815232435
    519   5.190000000  -0.420933536  -2.751012707
    520   5.200000000  -0.448443663  -2.682190074
    521   5.210000000  -0.475265563  -2.608869535
    522   5.220000000  -0.501354259  -2.531163615
    523   5.230000000  -0.526665895  -2.449192194
    524   5.240000000  -0.551157817  -2.363082320
    525   5.250000000  -0.574788640  -2.272968017
    526   5.260000000  -0.597518320  -2.178990074
    527   5.270000000  -0.619308221  -2.081295829
    528   5.280000000  -0.640121179  -1.980038935
    529   5.290000000  -0.659921569  -1.875379122
    530   5.300000000  -0.678675360  -1.767481946
    531   5.310000000  -0.696350179  -1.656518524
    532   5.320000000  -0.712915365  -1.542665270
    533   5.330000000  -0.728342017  -1.426103608
    534   5.340000000  -0.742603053  -1.307019688
    535   5.350000000  -0.755673250  -1.185604089
    536   5.360000000  -0.767529291  -1.062051513
    537   5.370000000  -0.778149806  -0.936560473
    538   5.380000000  -0.787515411  -0.809332980
    539   5.390000000  -0.795608741  -0.680574210
    540   5.400000000  -0.802414483  -0.550492181
    541   5.410000000  -0.807919405  -0.419297413
    542   5.420000000  -0.812112379  -0.287202591
    543   5.430000000  -0.814984405  -0.154422217
    544   5.440000000  -0.816528627  -0.021172267
    545   5.450000000  -0.816740350   0.112330164
    546   5.460000000  -0.815617048   0.245867211
    547   5.470000000  -0.813158376   0.379220598
    548   5.480000000  -0.809366170   0.512171993
    549   5.490000000  -0.804244450   0.644503362
    550   5.500000000  -0.797799416   0.775997329
    551   5.510000000  -0.790039443   0.906437534
    552   5.520000000  -0.780975068   1.035608983
    553   5.530000000  -0.770618978   1.163298406
    554   5.540000000  -0.758985994   1.289294609
    555   5.550000000  -0.746093048   1.413388819
    556   5.560000000  -0.731959159   1.535375032
    557   5.570000000  -0.716605409   1.655050355
    558   5.580000000  -0.700054906   1.772215339
    559   5.590000000  -0.682332752   1.886674316
    560   5.600000000  -0.663466009   1.998235721
    561   5.610000000  -0.643483652   2.106712414
    562   5.620000000  -0.622416528   2.211921991
    563   5.630000000  -0.600297308   2.313687093
    564   5.640000000  -0.577160437   2.411835703
    565   5.650000000  -0.553042080   2.506201434
    566   5.660000000  -0.527980065   2.596623814
    567   5.670000000  -0.502013827   2.682948555
    568   5.680000000  -0.475184342   2.765027816
    569   5.690000000  -0.447534064   2.842720456
    570   5.700000000  -0.419106859   2.915892275
    571   5.710000000  -0.389947936   2.984416247
    572   5.720000000  -0.360103774   3.048172734
    573   5.730000000  -0.329622046   3.107049701
    574   5.740000000  -0.298551549   3.160942906
    575   5.750000000  -0.266942120   3.209756084
    576   5.760000000  -0.234844560   3.253401121
    577   5.770000000  -0.202310548   3.291798206
    578   5.780000000  -0.169392566   3.324875981
    579   5.790000000  -0.136143807   3.352571666
    580   5.800000000  -0.102618090   3.374831178
    581   5.810000000  -0.068869778   3.391609236
    582   5.820000000  -0.034953686   3.402869444
    583   5.830000000  -0.000924991   3.408584372
    584   5.840000000   0.033160852   3.408735608
    585   5.850000000   0.067248209   3.403313809
    586   5.860000000   0.101281347   3.392318726
    587   5.870000000   0.135204534   3.375759226
    588   5.880000000   0.168962126   3.353653285
    589   5.890000000   0.202498659   3.326027977
    590   5.900000000   0.235758939   3.292919447
    591   5.910000000   0.268688133   3.254372860
    592   5.920000000   0.301231862   3.210442350
    593   5.930000000   0.333336285   3.161190941
    594   5.940000000   0.364948195   3.106690458
    595   5.950000000   0.396015099   3.047021428
    596   5.960000000   0.426485314   2.982272960
    597   5.970000000   0.456308043   2.912542611
    598   5.980000000   0.485433469   2.837936246
    599   5.990000000   0.513812832   2.758567874
    600   6.000000000   0.541398511   2.674559476
    601   6.010000000   0.568144105   2.586040819
    602   6.020000000   0.594004513   2.493149258
    603   6.030000000   0.618936006   2.396029520
    604   6.040000000   0.642896301   2.294833483
    605   6.050000000   0.665844636   2.189719938
    606   6.060000000   0.687741835   2.080854340
    607   6.070000000   0.708550379   1.968408550
    608   6.080000000   0.728234464   1.852560563
    609   6.090000000   0.746760070   1.733494228
    610   6.100000000   0.764095012   1.611398956
    611   6.110000000   0.780209002   1.486469422
    612   6.120000000   0.795073696   1.358905250
    613   6.130000000   0.808662749   1.228910701
    614   6.140000000   0.820951856   1.096694341
    615   6.150000000   0.831918799   0.962468713
    616   6.160000000   0.841543486   0.826449989
    617   6.170000000   0.849807986   0.688857629
    618   6.180000000   0.856696562   0.549914024
    619   6.190000000   0.862195703   0.409844136
    620   6.200000000   0.866294144   0.268875138
    621   6.210000000   0.868982895   0.127236046
    622   6.220000000   0.870255256  -0.014842657
    623   6.230000000   0.870106829  -0.157129392
    624   6.240000000   0.868535535  -0.299391858
    625   6.250000000   0.865541617  -0.441397418
    626   6.260000000   0.861127642  -0.582913473
    627   6.270000000   0.855298508  -0.723707842
    628   6.280000000   0.848061429  -0.863549148
    629   6.290000000   0.839425938  -1.002207192
    630   6.300000000   0.829403866  -1.139453333
    631   6.310000000   0.818009333  -1.275060865
    632   6.320000000   0.805258724  -1.408805391
    633   6.330000000   0.791170670  -1.540465192
    634   6.340000000   0.775766018  -1.669821597
    635   6.350000000   0.759067802  -1.796659341
    636   6.360000000   0.741101209  -1.920766926
    637   6.370000000   0.721893539  -2.041936974
    638   6.380000000   0.701474170  -2.159966568
    639   6.390000000   0.679874504  -2.274657594
    640   6.400000000   0.657127928  -2.385817076
    641   6.410000000   0.633269757  -2.493257492
    642   6.420000000   0.608337182  -2.596797097
    643   6.430000000   0.582369211  -2.696260227
    644   6.440000000   0.555406609  -2.791477593
    645   6.450000000   0.527491833  -2.882286573
    646   6.460000000   0.498668968  -2.968531488
    647   6.470000000   0.468983653  -3.050063864
    648   6.480000000   0.438483014  -3.126742691
    649   6.490000000   0.407215587  -3.198434664
    650   6.500000000   0.375231240  -3.265014413
    651   6.510000000   0.342581096  -3.326364721
    652   6.520000000   0.309317449  -3.382376730
    653   6.530000000   0.275493682  -3.432950133
    654   6.540000000   0.241164180  -3.477993350
    655   6.550000000   0.206384247  -3.517423693
    656   6.560000000   0.171210010  -3.551167518
    657   6.570000000   0.135698335  -3.579160354
    658   6.580000000   0.099906731  -3.601347032
    659   6.590000000   0.063893261  -3.617681783
    660   6.600000000   0.027716443  -3.628128331
    661   6.610000000  -0.008564840  -3.632659969
    662   6.620000000  -0.044891440  -3.631259618
    663   6.630000000  -0.081204036  -3.623919867
    664   6.640000000  -0.117443235  -3.610643008
    665   6.650000000  -0.153549665  -3.591441039
    666   6.660000000  -0.189464075  -3.566335669
    667   6.670000000  -0.225127432  -3.535358292
    668   6.680000000  -0.260481015  -3.498549957
    669   6.690000000  -0.295466514  -3.455961311
    670   6.700000000  -0.330026127  -3.407652536
    671   6.710000000  -0.364102653  -3.353693264
    672   6.720000000  -0.397639585  -3.294162481
    673   6.730000000  -0.430581210  -3.229148408
    674   6.740000000  -0.462872694  -3.158748381
    675   6.750000000  -0.494460178  -3.083068695
    676   6.760000000  -0.525290865  -3.002224456
    677   6.770000000  -0.555313110  -2.916339399
    678   6.780000000  -0.584476504  -2.825545706
    679   6.790000000  -0.612731961  -2.729983798
    680   6.800000000  -0.640031799  -2.629802122
    681   6.810000000  -0.666329820  -2.525156923
    682   6.820000000  -0.691581389  -2.416211997
    683   6.830000000  -0.715743509  -2.303138440
    684   6.840000000  -0.738774893  -2.186114377
    685   6.850000000  -0.760636037  -2.065324682
    686   6.860000000  -0.781289284  -1.940960689
    687   6.870000000  -0.800698891  -1.813219892
    688   6.880000000  -0.818831090  -1.682305623
    689   6.890000000  -0.835654146  -1.548426740
    690   6.900000000  -0.851138413  -1.411797287
    691   6.910000000  -0.865256386  -1.272636156
    692   6.920000000  -0.877982748  -1.131166737
    693   6.930000000  -0.889294415  -0.987616558
    694   6.940000000  -0.899170581  -0.842216921
    695   6.950000000  -0.907592750  -0.695202531
    696   6.960000000  -0.914544775  -0.546811116
    697   6.970000000  -0.920012887  -0.397283045
    698   6.980000000  -0.923985717  -0.246860938
    699   6.990000000  -0.926454326  -0.095789274
    700   7.000000000  -0.927412219   0.055686009
    701   7.010000000  -0.926855359   0.207317906
    702   7.020000000  -0.924782180   0.358858758
    703   7.030000000  -0.921193592   0.510060644
    704   7.040000000  -0.916092986   0.660675796
    705   7.050000000  -0.909486228   0.810457000
    706   7.060000000  -0.901381658   0.959157998
    707   7.070000000  -0.891790078   1.106533899
    708   7.080000000  -0.880724739   1.252341577
    709   7.090000000  -0.868201323   1.396340072
    710   7.100000000  -0.854237923   1.538290988
    711   7.110000000  -0.838855013   1.677958888
    712   7.120000000  -0.822075424   1.815111683
    713   7.130000000  -0.803924307   1.949521015
    714   7.140000000  -0.784429097   2.080962639
    715   7.150000000  -0.763619470   2.209216796
    716   7.160000000  -0.741527302   2.334068580
    717   7.170000000  -0.718186617   2.455308294
    718   7.180000000  -0.693633534   2.572731805
    719   7.190000000  -0.667906216   2.686140888
    720   7.200000000  -0.641044807   2.795343554
    721   7.210000000  -0.613091371   2.900154380
    722   7.220000000  -0.584089827   3.000394819
    723   7.230000000  -0.554085879   3.095893506
    724   7.240000000  -0.523126944   3.186486548
    725   7.250000000  -0.491262079   3.272017803
    726   7.260000000  -0.458541901   3.352339153
    727   7.270000000  -0.425018509   3.427310754
    728   7.280000000  -0.390745402   3.496801280
    729   7.290000000  -0.355777389   3.560688153
    730   7.300000000  -0.320170507   3.618857756
    731   7.310000000  -0.283981930   3.671205634
    732   7.320000000  -0.247269873   3.717636679
    733   7.330000000  -0.210093507   3.758065304
    734   7.340000000  -0.172512854   3.792415592
    735   7.350000000  -0.134588698   3.820621444
    736   7.360000000  -0.096382483   3.842626696
    737   7.370000000  -0.057956216   3.858385232
    738   7.380000000  -0.019372364   3.867861073
    739   7.390000000   0.019306247   3.871028455
    740   7.400000000   0.058016531   3.867871883
    741   7.410000000   0.096695250   3.858386180
    742   7.420000000   0.135279112   3.842576507
    743   7.430000000   0.173704877   3.820458372
    744   7.440000000   0.211909461   3.792057625
    745   7.450000000   0.249830037   3.757410428
    746   7.460000000   0.287404141   3.716563217
    747   7.470000000   0.324569773   3.669572640
    748   7.480000000   0.361265500   3.616505482
    749   7.490000000   0.397430555   3.557438573
    750   7.500000000   0.433004940   3.492458677
    751   7.510000000   0.467929527   3.421662369
    752   7.520000000   0.502146151   3.345155891
    753   7.530000000   0.535597710   3.263054996
    754   7.540000000   0.568228260   3.175484770
    755   7.550000000   0.599983107   3.082579450
    756   7.560000000   0.630808902   2.984482212
    757   7.570000000   0.660653724   2.881344956
    758   7.580000000   0.689467174   2.773328072
    759   7.590000000   0.717200454   2.660600189
    760   7.600000000   0.743806456   2.543337915
    761   7.610000000   0.769239835   2.421725560
    762   7.620000000   0.793457091   2.295954846
    763   7.630000000   0.816416639   2.166224612
    764   7.640000000   0.838078886   2.032740492
    765   7.650000000   0.858406290   1.895714594
    766   7.660000000   0.877363436   1.755365165
    767   7.670000000   0.894917088   1.611916243
    768   7.680000000   0.911036251   1.465597299
    769   7.690000000   0.925692224   1.316642873
    770   7.700000000   0.938858652   1.165292194
    771   7.710000000   0.950511574   1.011788804
    772   7.720000000   0.960629462   0.856380162
    773   7.730000000   0.969193264   0.699317245
    774   7.740000000   0.976186436   0.540854146
    775   7.750000000   0.981594978   0.381247664
    776   7.760000000   0.985407454   0.220756885
    777   7.770000000   0.987615023   0.059642766
    778   7.780000000   0.988211451  -0.101832290
    779   7.790000000   0.987193128  -0.263404862
    780   7.800000000   0.984559079  -0.424810939
    781   7.810000000   0.980310970  -0.585786348
    782   7.820000000   0.974453107  -0.746067192
    783   7.830000000   0.966992435  -0.905390275
    784   7.840000000   0.957938532  -1.063493538
    785   7.850000000   0.947303596  -1.220116488
    786   7.860000000   0.935102432  -1.375000626
    787   7.870000000   0.921352425  -1.527889873
    788   7.880000000   0.906073527  -1.678530995
    789   7.890000000   0.889288217  -1.826674016
    790   7.900000000   0.871021476  -1.972072640
    791   7.910000000   0.851300750  -2.114484651
    792   7.920000000   0.830155904  -2.253672324
    793   7.930000000   0.807619180  -2.389402814
    794   7.940000000   0.783725152  -2.521448550
    795   7.950000000   0.758510667  -2.649587612
    796   7.960000000   0.732014791  -2.773604106
    797   7.970000000   0.704278750  -2.893288525
    798   7.980000000   0.675345864  -3.008438100
    799   7.990000000   0.645261483  -3.118857149
    800   8.000000000   0.614072912  -3.224357402
    801   8.010000000   0.581829338  -3.324758323
    802   8.020000000   0.548581755  -3.419887419
    803   8.030000000   0.514382880  -3.509580536
    804   8.040000000   0.479287075  -3.593682137
    805   8.050000000   0.443350254  -3.672045574
    806   8.060000000   0.406629798  -3.744533340
    807   8.070000000   0.369184464  -3.811017312
    808   8.080000000   0.331074291  -3.871378972
    809   8.090000000   0.292360502  -3.925509619
    810   8.100000000   0.253105405  -3.973310561
    811   8.110000000   0.213372300  -4.014693295
    812   8.120000000   0.173225367  -4.049579666
    813   8.130000000   0.132729570  -4.077902013
    814   8.140000000   0.091950550  -4.099603298
    815   8.150000000   0.050954517  -4.114637213
    816   8.160000000   0.009808145  -4.122968276
    817   8.170000000  -0.031421538  -4.124571908
    818   8.180000000  -0.072667257  -4.119434487
    819   8.190000000  -0.113861602  -4.107553390
    820   8.200000000  -0.154937136  -4.088937018
    821   8.210000000  -0.195826506  -4.063604797
    822   8.220000000  -0.236462554  -4.031587163
    823   8.230000000  -0.276778425  -3.992925535
    824   8.240000000  -0.316707681  -3.947672263
    825   8.250000000  -0.356184403  -3.895890557
    826   8.260000000  -0.395143309  -3.837654407
    827   8.270000000  -0.433519853  -3.773048476
    828   8.280000000  -0.471250338  -3.702167980
    829   8.290000000  -0.508272018  -3.625118550
    830   8.300000000  -0.544523203  -3.542016075
    831   8.310000000  -0.579943364  -3.452986531
    832   8.320000000  -0.614473229  -3.358165791
    833   8.330000000  -0.648054887  -3.257699418
    834   8.340000000  -0.680631881  -3.151742444
    835   8.350000000  -0.712149306  -3.040459132
    836   8.360000000  -0.742553897  -2.924022720
    837   8.370000000  -0.771794124  -2.802615158
    838   8.380000000  -0.799820276  -2.676426819
    839   8.390000000  -0.826584544  -2.545656204
    840   8.400000000  -0.852041106  -2.410509631
    841   8.410000000  -0.876146202  -2.271200910
    842   8.420000000  -0.898858211  -2.127951006
    843   8.430000000  -0.920137721  -1.980987688
    844   8.440000000  -0.939947598  -1.830545171
    845   8.450000000  -0.958253050  -1.676863738
    846   8.460000000  -0.975021687  -1.520189365
    847   8.470000000  -0.990223581  -1.360773319
    848   8.480000000  -1.003831314  -1.198871763
    849   8.490000000  -1.015820032  -1.034745343
    850   8.500000000  -1.026167485  -0.868658768
    851   8.510000000  -1.034854073  -0.700880384
    852   8.520000000  -1.041862877  -0.531681743
    853   8.530000000  -1.047179694  -0.361337163
    854   8.540000000  -1.050793066  -0.190123283
    855   8.550000000  -1.052694299  -0.018318617
    856   8.560000000  -1.052877485   0.153796901
    857   8.570000000  -1.051339516   0.325942370
    858   8.580000000  -1.048080092   0.497836381
    859   8.590000000  -1.043101728   0.669197476
    860   8.600000000  -1.036409754   0.839744608
    861   8.610000000  -1.028012308   1.009197603
    862   8.620000000  -1.017920332   1.177277616
    863   8.630000000  -1.006147555   1.343707590
    864   8.640000000  -0.992710480   1.508212715
    865   8.650000000  -0.977628352   1.670520878
    866   8.660000000  -0.960923144   1.830363114
    867   8.670000000  -0.942619512   1.987474048
    868   8.680000000  -0.922744772   2.141592338
    869   8.690000000  -0.901328849   2.292461109
    870   8.700000000  -0.878404237   2.439828375
    871   8.710000000  -0.854005954   2.583447468
    872   8.720000000  -0.828171479   2.723077442
    873   8.730000000  -0.800940705   2.858483478
    874   8.740000000  -0.772355870   2.989437284
    875   8.750000000  -0.742461497   3.115717468
    876   8.760000000  -0.711304322   3.237109923
    877   8.770000000  -0.678933223   3.353408180
    878   8.780000000  -0.645399141   3.464413762
    879   8.790000000  -0.610755004   3.569936521
    880   8.800000000  -0.575055638   3.669794964
    881   8.810000000  -0.538357689   3.763816561
    882   8.820000000  -0.500719523   3.851838043
    883   8.830000000  -0.462201143   3.933705685
    884   8.840000000  -0.422864086   4.009275572
    885   8.850000000  -0.382771330   4.078413850
    886   8.860000000  -0.341987192   4.140996963
    887   8.870000000  -0.300577222   4.196911869
    888   8.880000000  -0.258608103   4.246056245
    889   8.890000000  -0.216147541   4.288338669
    890   8.900000000  -0.173264154   4.323678792
    891   8.910000000  -0.130027366   4.352007482
    892   8.920000000  -0.086507292   4.373266956
    893   8.930000000  -0.042774622   4.387410898
    894   8.940000000   0.001099487   4.394404549
    895   8.950000000   0.045043533   4.394224783
    896   8.960000000   0.088985780   4.386860165
    897   8.970000000   0.132854382   4.372310990
    898   8.980000000   0.176577492   4.350589299
    899   8.990000000   0.220083385   4.321718879
    900   9.000000000   0.263300574   4.285735245
    901   9.010000000   0.306157926   4.242685601
    902   9.020000000   0.348584782   4.192628780
    903   9.030000000   0.390511070   4.135635169
    904   9.040000000   0.431867422   4.071786609
    905   9.050000000   0.472585288   4.001176285
    906   9.060000000   0.512597051   3.923908591
    907   9.070000000   0.551836136   3.840098973
    908   9.080000000   0.590237126   3.749873765
    909   9.090000000   0.627735864   3.653369994
    910   9.100000000   0.664269564   3.550735181
    911   9.110000000   0.699776916   3.442127107
    912   9.120000000   0.734198187   3.327713581
    913   9.130000000   0.767475322   3.207672178
    914   9.140000000   0.799552044   3.082189963
    915   9.150000000   0.830373944   2.951463203
    916   9.160000000   0.859888576   2.815697064
    917   9.170000000   0.888045547   2.675105281
    918   9.180000000   0.914796599   2.529909835
    919   9.190000000   0.940095698   2.380340591
    920   9.200000000   0.963899104   2.226634944
    921   9.210000000   0.986165453   2.069037441
    922   9.220000000   1.006855827   1.907799389
    923   9.230000000   1.025933821   1.743178461
    924   9.240000000   1.043365606   1.575438281
    925   9.250000000   1.059119989   1.404848005
    926   9.260000000   1.073168469   1.231681887
    927   9.270000000   1.085485288   1.056218842
    928   9.280000000   1.096047476   0.878741997
    929   9.290000000   1.104834896   0.699538235
    930   9.300000000   1.111830278   0.518897730
    931   9.310000000   1.117019256   0.337113479
    932   9.320000000   1.120390391   0.154480831
    933   9.330000000   1.121935199  -0.028702998
    934   9.340000000   1.121648169  -0.212139403
    935   9.350000000   1.119526775  -0.395528879
    936   9.360000000   1.115571486  -0.578571506
    937   9.370000000   1.109785771  -0.760967444
    938   9.380000000   1.102176097  -0.942417418
    939   9.390000000   1.092751922  -1.122623210
    940   9.400000000   1.081525690  -1.301288149
    941   9.410000000   1.068512809  -1.478117599
    942   9.420000000   1.053731633  -1.652819444
    943   9.430000000   1.037203438  -1.825104566
    944   9.440000000   1.018952393  -1.994687328
    945   9.450000000   0.999005519  -2.161286044
    946   9.460000000   0.977392659  -2.324623446
    947   9.470000000   0.954146424  -2.484427146
    948   9.480000000   0.929302153  -2.640430087
    949   9.490000000   0.902897852  -2.792370989
    950   9.500000000   0.874974142  -2.939994787
    951   9.510000000   0.845574194  -3.083053060
    952   9.520000000   0.814743664  -3.221304440
    953   9.530000000   0.782530619  -3.354515029
    954   9.540000000   0.748985469  -3.482458786
    955   9.550000000   0.714160881  -3.604917910
    956   9.560000000   0.678111702  -3.721683214
    957   9.570000000   0.640894870  -3.832554477
    958   9.580000000   0.602569325  -3.937340789
    959   9.590000000   0.563195917  -4.035860873
    960   9.600000000   0.522837309  -4.127943406
    961   9.610000000   0.481557875  -4.213427306
    962   9.620000000   0.439423602  -4.292162018
    963   9.630000000   0.396501981  -4.364007777
    964   9.640000000   0.352861904  -4.428835851
    965   9.650000000   0.308573545  -4.486528772
    966   9.660000000   0.263708257  -4.536980547
    967   9.670000000   0.218338452  -4.580096847
    968   9.680000000   0.172537483  -4.615795184
    969   9.690000000   0.126379532  -4.644005062
    970   9.700000000   0.079939481  -4.664668116
    971   9.710000000   0.033292800  -4.677738221
    972   9.720000000  -0.013484582  -4.683181594
    973   9.730000000  -0.060316398  -4.680976864
    974   9.740000000  -0.107126167  -4.671115133
    975   9.750000000  -0.153837318  -4.653600005
    976   9.760000000  -0.200373318  -4.628447603
    977   9.770000000  -0.246657794  -4.595686566
    978   9.780000000  -0.292614660  -4.555358016
    979   9.790000000  -0.338168240  -4.507515520
    980   9.800000000  -0.383243395  -4.452225012
    981   9.810000000  -0.427765646  -4.389564717
    982   9.820000000  -0.471661293  -4.319625034
    983   9.830000000  -0.514857543  -4.242508413
    984   9.840000000  -0.557282627  -4.158329204
    985   9.850000000  -0.598865919  -4.067213495
    986   9.860000000  -0.639538054  -3.969298917
    987   9.870000000  -0.679231043  -3.864734445
    988   9.880000000  -0.717878388  -3.753680170
    989   9.890000000  -0.755415190  -3.636307053
    990   9.900000000  -0.791778260  -3.512796670
    991   9.910000000  -0.826906227  -3.383340924
    992   9.920000000  -0.860739636  -3.248141756
    993   9.930000000  -0.893221054  -3.107410826
    994   9.940000000  -0.924295162  -2.961369183
    995   9.950000000  -0.953908854  -2.810246924
    996   9.960000000  -0.982011323  -2.654282827
    997   9.970000000  -1.008554151  -2.493723976
    998   9.980000000  -1.033491391  -2.328825372
    999   9.990000000  -1.056779645  -2.159849529
   1000  10.000000000  -1.078378140  -1.987066057
