# Giai phuong trinh vi phan
######################################################################
#     i             x         theta         omega
      0   0.000000000   0.523598776   0.000000000
      1   0.010000000   0.523170734  -0.085608400
      2   0.020000000   0.521886958  -0.171076830
      3   0.030000000   0.519749547  -0.256265492
      4   0.040000000   0.516761996  -0.341035046
      5   0.050000000   0.512929193  -0.425246836
      6   0.060000000   0.508257405  -0.508763120
      7   0.070000000   0.502754273  -0.591447292
      8   0.080000000   0.496428799  -0.673164107
      9   0.090000000   0.489291327  -0.753779904
     10   0.100000000   0.481353533  -0.833162821
     11   0.110000000   0.472628398  -0.911183013
     12   0.120000000   0.463130194  -0.987712864
     13   0.130000000   0.452874456  -1.062627196
     14   0.140000000   0.441877960  -1.135803472
     15   0.150000000   0.430158690  -1.207121999
     16   0.160000000   0.417735815  -1.276466122
     17   0.170000000   0.404629655  -1.343722417
     18   0.180000000   0.390861646  -1.408780872
     19   0.190000000   0.376454308  -1.471535073
     20   0.200000000   0.361431206  -1.531882372
     21   0.210000000   0.345816912  -1.589724061
     22   0.220000000   0.329636966  -1.644965526
     23   0.230000000   0.312917832  -1.697516411
     24   0.240000000   0.295686858  -1.747290757
     25   0.250000000   0.277972226  -1.794207148
     26   0.260000000   0.259802913  -1.838188843
     27   0.270000000   0.241208635  -1.879163900
     28   0.280000000   0.222219808  -1.917065295
     29   0.290000000   0.202867491  -1.951831033
     30   0.300000000   0.183183336  -1.983404246
     31   0.310000000   0.163199541  -2.011733288
     32   0.320000000   0.142948793  -2.036771821
     33   0.330000000   0.122464214  -2.058478888
     34   0.340000000   0.101779311  -2.076818980
     35   0.350000000   0.080927916  -2.091762098
     36   0.360000000   0.059944137  -2.103283797
     37   0.370000000   0.038862294  -2.111365229
     38   0.380000000   0.017716872  -2.115993173
     39   0.390000000  -0.003457543  -2.117160057
     40   0.400000000  -0.024626317  -2.114863970
     41   0.410000000  -0.045754825  -2.109108666
     42   0.420000000  -0.066808507  -2.099903556
     43   0.430000000  -0.087752927  -2.087263694
     44   0.440000000  -0.108553825  -2.071209752
     45   0.450000000  -0.129177180  -2.051767988
     46   0.460000000  -0.149589258  -2.028970198
     47   0.470000000  -0.169756671  -2.002853672
     48   0.480000000  -0.189646431  -1.973461123
     49   0.490000000  -0.209226006  -1.940840627
     50   0.500000000  -0.228463370  -1.905045538
     51   0.510000000  -0.247327057  -1.866134402
     52   0.520000000  -0.265786211  -1.824170863
     53   0.530000000  -0.283810640  -1.779223558
     54   0.540000000  -0.301370860  -1.731366003
     55   0.550000000  -0.318438149  -1.680676476
     56   0.560000000  -0.334984591  -1.627237886
     57   0.570000000  -0.350983120  -1.571137638
     58   0.580000000  -0.366407568  -1.512467493
     59   0.590000000  -0.381232704  -1.451323413
     60   0.600000000  -0.395434281  -1.387805409
     61   0.610000000  -0.408989067  -1.322017374
     62   0.620000000  -0.421874892  -1.254066912
     63   0.630000000  -0.434070679  -1.184065167
     64   0.640000000  -0.445556478  -1.112126638
     65   0.650000000  -0.456313502  -1.038368990
     66   0.660000000  -0.466324155  -0.962912866
     67   0.670000000  -0.475572064  -0.885881685
     68   0.680000000  -0.484042101  -0.807401445
     69   0.690000000  -0.491720411  -0.727600511
     70   0.700000000  -0.498594434  -0.646609410
     71   0.710000000  -0.504652928  -0.564560617
     72   0.720000000  -0.509885980  -0.481588335
     73   0.730000000  -0.514285031  -0.397828279
     74   0.740000000  -0.517842886  -0.313417451
     75   0.750000000  -0.520553724  -0.228493921
     76   0.760000000  -0.522413111  -0.143196593
     77   0.770000000  -0.523418004  -0.057664986
     78   0.780000000  -0.523566760   0.027960999
     79   0.790000000  -0.522859134   0.113541306
     80   0.800000000  -0.521296283   0.198935954
     81   0.810000000  -0.518880764   0.284005266
     82   0.820000000  -0.515616526   0.368610097
     83   0.830000000  -0.511508909   0.452612060
     84   0.840000000  -0.506564630   0.535873756
     85   0.850000000  -0.500791776   0.618258997
     86   0.860000000  -0.494199788   0.699633025
     87   0.870000000  -0.486799450   0.779862741
     88   0.880000000  -0.478602864   0.858816913
     89   0.890000000  -0.469623437   0.936366398
     90   0.900000000  -0.459875856   1.012384351
     91   0.910000000  -0.449376064   1.086746429
     92   0.920000000  -0.438141235   1.159331000
     93   0.930000000  -0.426189744   1.230019339
     94   0.940000000  -0.413541141   1.298695821
     95   0.950000000  -0.400216113   1.365248114
     96   0.960000000  -0.386236455   1.429567358
     97   0.970000000  -0.371625033   1.491548347
     98   0.980000000  -0.356405746   1.551089699
     99   0.990000000  -0.340603487   1.608094023
    100   1.000000000  -0.324244104   1.662468076
    101   1.010000000  -0.307354353   1.714122919
    102   1.020000000  -0.289961862   1.762974061
    103   1.030000000  -0.272095077   1.808941594
    104   1.040000000  -0.253783224   1.851950329
    105   1.050000000  -0.235056253   1.891929917
    106   1.060000000  -0.215944795   1.928814961
    107   1.070000000  -0.196480111   1.962545129
    108   1.080000000  -0.176694037   1.993065247
    109   1.090000000  -0.156618937   2.020325391
    110   1.100000000  -0.136287647   2.044280971
    111   1.110000000  -0.115733422   2.064892802
    112   1.120000000  -0.094989882   2.082127166
    113   1.130000000  -0.074090956   2.095955873
    114   1.140000000  -0.053070828   2.106356300
    115   1.150000000  -0.031963880   2.113311435
    116   1.160000000  -0.010804635   2.116809897
    117   1.170000000   0.010372297   2.116845963
    118   1.180000000   0.031532277   2.113419570
    119   1.190000000   0.052640695   2.106536323
    120   1.200000000   0.073663025   2.096207476
    121   1.210000000   0.094564880   2.082449921
    122   1.220000000   0.115312072   2.065286161
    123   1.230000000   0.135870666   2.044744265
    124   1.240000000   0.156207035   2.020857833
    125   1.250000000   0.176287914   1.993665932
    126   1.260000000   0.196080458   1.963213036
    127   1.270000000   0.215552292   1.929548954
    128   1.280000000   0.234671568   1.892728748
    129   1.290000000   0.253407011   1.852812641
    130   1.300000000   0.271727977   1.809865921
    131   1.310000000   0.289604499   1.763958831
    132   1.320000000   0.307007336   1.715166459
    133   1.330000000   0.323908022   1.663568611
    134   1.340000000   0.340278913   1.609249682
    135   1.350000000   0.356093232   1.552298518
    136   1.360000000   0.371325111   1.492808271
    137   1.370000000   0.385949635   1.430876244
    138   1.380000000   0.399942884   1.366603738
    139   1.390000000   0.413281968   1.300095878
    140   1.400000000   0.425945069   1.231461447
    141   1.410000000   0.437911473   1.160812709
    142   1.420000000   0.449161608   1.088265219
    143   1.430000000   0.459677070   1.013937639
    144   1.440000000   0.469440661   0.937951544
    145   1.450000000   0.478436408   0.860431221
    146   1.460000000   0.486649599   0.781503465
    147   1.470000000   0.494066797   0.701297377
    148   1.480000000   0.500675871   0.619944145
    149   1.490000000   0.506466010   0.537576836
    150   1.500000000   0.511427743   0.454330174
    151   1.510000000   0.515552952   0.370340323
    152   1.520000000   0.518834891   0.285744662
    153   1.530000000   0.521268190   0.200681561
    154   1.540000000   0.522848869   0.115290155
    155   1.550000000   0.523574342   0.029710115
    156   1.560000000   0.523443421  -0.055918578
    157   1.570000000   0.522456320  -0.141455863
    158   1.580000000   0.520614653  -0.226761832
    159   1.590000000   0.517921432  -0.311696950
    160   1.600000000   0.514381062  -0.396122292
    161   1.610000000   0.509999333  -0.479899765
    162   1.620000000   0.504783411  -0.562892338
    163   1.630000000   0.498741827  -0.644964261
    164   1.640000000   0.491884463  -0.725981292
    165   1.650000000   0.484222534  -0.805810912
    166   1.660000000   0.475768573  -0.884322546
    167   1.670000000   0.466536407  -0.961387774
    168   1.680000000   0.456541136  -1.036880542
    169   1.690000000   0.445799108  -1.110677368
    170   1.700000000   0.434327894  -1.182657543
    171   1.710000000   0.422146255  -1.252703331
    172   1.720000000   0.409274117  -1.320700159
    173   1.730000000   0.395732534  -1.386536804
    174   1.740000000   0.381543655  -1.450105580
    175   1.750000000   0.366730687  -1.511302506
    176   1.760000000   0.351317859  -1.570027484
    177   1.770000000   0.335330382  -1.626184456
    178   1.780000000   0.318794405  -1.679681568
    179   1.790000000   0.301736975  -1.730431313
    180   1.800000000   0.284185992  -1.778350681
    181   1.810000000   0.266170163  -1.823361289
    182   1.820000000   0.247718956  -1.865389513
    183   1.830000000   0.228862551  -1.904366606
    184   1.840000000   0.209631789  -1.940228814
    185   1.850000000   0.190058127  -1.972917474
    186   1.860000000   0.170173580  -2.002379118
    187   1.870000000   0.150010672  -2.028565554
    188   1.880000000   0.129602383  -2.051433946
    189   1.890000000   0.108982093  -2.070946888
    190   1.900000000   0.088183532  -2.087072462
    191   1.910000000   0.067240717  -2.099784287
    192   1.920000000   0.046187905  -2.109061571
    193   1.930000000   0.025059530  -2.114889135
    194   1.940000000   0.003890153  -2.117257447
    195   1.950000000  -0.017285602  -2.116162629
    196   1.960000000  -0.038433097  -2.111606470
    197   1.970000000  -0.059517743  -2.103596420
    198   1.980000000  -0.080505051  -2.092145579
    199   1.990000000  -0.101360694  -2.077272674
    200   2.000000000  -0.122050558  -2.059002031
    201   2.010000000  -0.142540802  -2.037363530
    202   2.020000000  -0.162797911  -2.012392564
    203   2.030000000  -0.182788749  -1.984129975
    204   2.040000000  -0.202480619  -1.952621988
    205   2.050000000  -0.221841311  -1.917920138
    206   2.060000000  -0.240839157  -1.880081184
    207   2.070000000  -0.259443083  -1.839167016
    208   2.080000000  -0.277622658  -1.795244553
    209   2.090000000  -0.295348147  -1.748385636
    210   2.100000000  -0.312590557  -1.698666908
    211   2.110000000  -0.329321683  -1.646169692
    212   2.120000000  -0.345514159  -1.590979853
    213   2.130000000  -0.361141500  -1.533187662
    214   2.140000000  -0.376178143  -1.472887646
    215   2.150000000  -0.390599494  -1.410178434
    216   2.160000000  -0.404381964  -1.345162596
    217   2.170000000  -0.417503007  -1.277946474
    218   2.180000000  -0.429941163  -1.208640012
    219   2.190000000  -0.441676086  -1.137356568
    220   2.200000000  -0.452688582  -1.064212739
    221   2.210000000  -0.462960636  -0.989328162
    222   2.220000000  -0.472475448  -0.912825322
    223   2.230000000  -0.481217452  -0.834829352
    224   2.240000000  -0.489172351  -0.755467825
    225   2.250000000  -0.496327130  -0.674870551
    226   2.260000000  -0.502670088  -0.593169359
    227   2.270000000  -0.508190849  -0.510497883
    228   2.280000000  -0.512880382  -0.426991347
    229   2.290000000  -0.516731016  -0.342786339
    230   2.300000000  -0.519736452  -0.258020590
    231   2.310000000  -0.521891773  -0.172832749
    232   2.320000000  -0.523193454  -0.087362153
    233   2.330000000  -0.523639365  -0.001748605
    234   2.340000000  -0.523228776   0.083867861
    235   2.350000000  -0.521962358   0.169347204
    236   2.360000000  -0.519842181   0.254549608
    237   2.370000000  -0.516871714   0.339335710
    238   2.380000000  -0.513055814   0.423566828
    239   2.390000000  -0.508400723   0.507105188
    240   2.400000000  -0.502914054   0.589814148
    241   2.410000000  -0.496604780   0.671558423
    242   2.420000000  -0.489483221   0.752204305
    243   2.430000000  -0.481561026   0.831619885
    244   2.440000000  -0.472851151   0.909675263
    245   2.450000000  -0.463367842   0.986242767
    246   2.460000000  -0.453126611   1.061197156
    247   2.470000000  -0.442144209   1.134415828
    248   2.480000000  -0.430438598   1.205779021
    249   2.490000000  -0.418028924   1.275170007
    250   2.500000000  -0.404935485   1.342475285
    251   2.510000000  -0.391179698   1.407584763
    252   2.520000000  -0.376784060   1.470391943
    253   2.530000000  -0.361772120   1.530794092
    254   2.540000000  -0.346168430   1.588692409
    255   2.550000000  -0.329998514   1.643992191
    256   2.560000000  -0.313288818   1.696602985
    257   2.570000000  -0.296066675   1.746438734
    258   2.580000000  -0.278360253   1.793417921
    259   2.590000000  -0.260198514   1.837463703
    260   2.600000000  -0.241611165   1.878504034
    261   2.610000000  -0.222628607   1.916471782
    262   2.620000000  -0.203281890   1.951304844
    263   2.630000000  -0.183602659   1.982946241
    264   2.640000000  -0.163623101   2.011344217
    265   2.650000000  -0.143375897   2.036452321
    266   2.660000000  -0.122894164   2.058229480
    267   2.670000000  -0.102211404   2.076640073
    268   2.680000000  -0.081361445   2.091653985
    269   2.690000000  -0.060378392   2.103246654
    270   2.700000000  -0.039296566   2.111399117
    271   2.710000000  -0.018150450   2.116098037
    272   2.720000000   0.003025368   2.117335725
    273   2.730000000   0.024196252   2.115110155
    274   2.740000000   0.045327573   2.109424966
    275   2.750000000   0.066384768   2.100289453
    276   2.760000000   0.087333393   2.087718556
    277   2.770000000   0.108139183   2.071732837
    278   2.780000000   0.128768108   2.052358439
    279   2.790000000   0.149186424   2.029627050
    280   2.800000000   0.169360735   2.003575850
    281   2.810000000   0.189258041   1.974247446
    282   2.820000000   0.208845797   1.941689809
    283   2.830000000   0.228091963   1.905956190
    284   2.840000000   0.246965060   1.867105035
    285   2.850000000   0.265434217   1.825199889
    286   2.860000000   0.283469223   1.780309294
    287   2.870000000   0.301040580   1.732506673
    288   2.880000000   0.318119546   1.681870214
    289   2.890000000   0.334678185   1.628482739
    290   2.900000000   0.350689413   1.572431571
    291   2.910000000   0.366127040   1.513808390
    292   2.920000000   0.380965815   1.452709080
    293   2.930000000   0.395181467   1.389233580
    294   2.940000000   0.408750742   1.323485711
    295   2.950000000   0.421651445   1.255573015
    296   2.960000000   0.433862475   1.185606573
    297   2.970000000   0.445363858   1.113700825
    298   2.980000000   0.456136782   1.039973384
    299   2.990000000   0.466163624   0.964544842
    300   3.000000000   0.475427983   0.887538574
    301   3.010000000   0.483914707   0.809080536
    302   3.020000000   0.491609912   0.729299058
    303   3.030000000   0.498501011   0.648324636
    304   3.040000000   0.504576733   0.566289715
    305   3.050000000   0.509827139   0.483328477
    306   3.060000000   0.514243640   0.399576619
    307   3.070000000   0.517819012   0.315171130
    308   3.080000000   0.520547406   0.230250069
    309   3.090000000   0.522424359   0.144952339
    310   3.100000000   0.523446801   0.059417458
    311   3.110000000   0.523613058  -0.026214668
    312   3.120000000   0.522922857  -0.111803973
    313   3.130000000   0.521377328  -0.197210460
    314   3.140000000   0.518978997  -0.282294434
    315   3.150000000   0.515731788  -0.366916724
    316   3.160000000   0.511641010  -0.450938917
    317   3.170000000   0.506713354  -0.534223579
    318   3.180000000   0.500956880  -0.616634485
    319   3.190000000   0.494381003  -0.698036836
    320   3.200000000   0.486996478  -0.778297485
    321   3.210000000   0.478815384  -0.857285151
    322   3.220000000   0.469851101  -0.934870636
    323   3.230000000   0.460118291  -1.010927034
    324   3.240000000   0.449632874  -1.085329942
    325   3.250000000   0.438412000  -1.157957659
    326   3.260000000   0.426474021  -1.228691391
    327   3.270000000   0.413838465  -1.297415438
    328   3.280000000   0.400525998  -1.364017390
    329   3.290000000   0.386558394  -1.428388306
    330   3.300000000   0.371958499  -1.490422896
    331   3.310000000   0.356750194  -1.550019690
    332   3.320000000   0.340958354  -1.607081206
    333   3.330000000   0.324608808  -1.661514108
    334   3.340000000   0.307728300  -1.713229360
    335   3.350000000   0.290344438  -1.762142372
    336   3.360000000   0.272485658  -1.808173136
    337   3.370000000   0.254181169  -1.851246360
    338   3.380000000   0.235460913  -1.891291587
    339   3.390000000   0.216355508  -1.928243316
    340   3.400000000   0.196896204  -1.962041102
    341   3.410000000   0.177114830  -1.992629663
    342   3.420000000   0.157043742  -2.019958963
    343   3.430000000   0.136715769  -2.043984298
    344   3.440000000   0.116164161  -2.064666369
    345   3.450000000   0.095422533  -2.081971345
    346   3.460000000   0.074524812  -2.095870917
    347   3.470000000   0.053505179  -2.106342350
    348   3.480000000   0.032398015  -2.113368511
    349   3.490000000   0.011237844  -2.116937908
    350   3.500000000  -0.009940722  -2.117044699
    351   3.510000000  -0.031103042  -2.113688707
    352   3.520000000  -0.052214503  -2.106875419
    353   3.530000000  -0.073240572  -2.096615977
    354   3.540000000  -0.094146857  -2.082927160
    355   3.550000000  -0.114899164  -2.065831356
    356   3.560000000  -0.135463547  -2.045356526
    357   3.570000000  -0.155806371  -2.021536157
    358   3.580000000  -0.175894361  -1.994409209
    359   3.590000000  -0.195694659  -1.964020052
    360   3.600000000  -0.215174879  -1.930418388
    361   3.610000000  -0.234303158  -1.893659179
    362   3.620000000  -0.253048207  -1.853802546
    363   3.630000000  -0.271379365  -1.810913681
    364   3.640000000  -0.289266649  -1.765062732
    365   3.650000000  -0.306680801  -1.716324696
    366   3.660000000  -0.323593337  -1.664779290
    367   3.670000000  -0.339976592  -1.610510822
    368   3.680000000  -0.355803769  -1.553608057
    369   3.690000000  -0.371048980  -1.494164066
    370   3.700000000  -0.385687289  -1.432276079
    371   3.710000000  -0.399694750  -1.368045321
    372   3.720000000  -0.413048453  -1.301576853
    373   3.730000000  -0.425726554  -1.232979391
    374   3.740000000  -0.437708317  -1.162365139
    375   3.750000000  -0.448974141  -1.089849596
    376   3.760000000  -0.459505601  -1.015551372
    377   3.770000000  -0.469285469  -0.939591993
    378   3.780000000  -0.478297748  -0.862095702
    379   3.790000000  -0.486527697  -0.783189257
    380   3.800000000  -0.493961853  -0.703001721
    381   3.810000000  -0.500588056  -0.621664255
    382   3.820000000  -0.506395468  -0.539309897
    383   3.830000000  -0.511374589  -0.456073352
    384   3.840000000  -0.515517273  -0.372090767
    385   3.850000000  -0.518816746  -0.287499508
    386   3.860000000  -0.521267608  -0.202437940
    387   3.870000000  -0.522865851  -0.117045193
    388   3.880000000  -0.523608860  -0.031460942
    389   3.890000000  -0.523495420   0.054174826
    390   3.900000000  -0.522525714   0.139722040
    391   3.910000000  -0.520701329   0.225040771
    392   3.920000000  -0.518025248   0.309991467
    393   3.930000000  -0.514501847   0.394435177
    394   3.940000000  -0.510136890   0.478233779
    395   3.950000000  -0.504937516   0.561250204
    396   3.960000000  -0.498912227   0.643348666
    397   3.970000000  -0.492070880   0.724394877
    398   3.980000000  -0.484424663   0.804256273
    399   3.990000000  -0.475986083   0.882802226
    400   4.000000000  -0.466768942   0.959904260
    401   4.010000000  -0.456788316   1.035436260
    402   4.020000000  -0.446060529   1.109274681
    403   4.030000000  -0.434603128   1.181298745
    404   4.040000000  -0.422434852   1.251390645
    405   4.050000000  -0.409575605   1.319435731
    406   4.060000000  -0.396046420   1.385322704
    407   4.070000000  -0.381869425   1.448943793
    408   4.080000000  -0.367067809   1.510194932
    409   4.090000000  -0.351665781   1.568975934
    410   4.100000000  -0.335688535   1.625190652
    411   4.110000000  -0.319162203   1.678747134
    412   4.120000000  -0.302113817   1.729557778
    413   4.130000000  -0.284571261   1.777539474
    414   4.140000000  -0.266563229   1.822613737
    415   4.150000000  -0.248119177   1.864706838
    416   4.160000000  -0.229269271   1.903749925
    417   4.170000000  -0.210044344   1.939679136
    418   4.180000000  -0.190475841   1.972435698
    419   4.190000000  -0.170595770   2.001966032
    420   4.200000000  -0.150436648   2.028221833
    421   4.210000000  -0.130031448   2.051160154
    422   4.220000000  -0.109413545   2.070743472
    423   4.230000000  -0.088616665   2.086939754
    424   4.240000000  -0.067674823   2.099722505
    425   4.250000000  -0.046622274   2.109070816
    426   4.260000000  -0.025493452   2.114969392
    427   4.270000000  -0.004322917   2.117408584
    428   4.280000000   0.016854702   2.116384400
    429   4.290000000   0.038004768   2.111898512
    430   4.300000000   0.059092684   2.103958255
    431   4.310000000   0.080083958   2.092576615
    432   4.320000000   0.100944256   2.077772207
    433   4.330000000   0.121639456   2.059569242
    434   4.340000000   0.142135708   2.037997493
    435   4.350000000   0.162399487   2.013092242
    436   4.360000000   0.182397648   1.984894223
    437   4.370000000   0.202097480   1.953449557
    438   4.380000000   0.221466761   1.918809674
    439   4.390000000   0.240473808   1.881031232
    440   4.400000000   0.259087533   1.840176021
    441   4.410000000   0.277277490   1.796310865
    442   4.420000000   0.295013924   1.749507512
    443   4.430000000   0.312267825   1.699842513
    444   4.440000000   0.329010971   1.647397102
    445   4.450000000   0.345215976   1.592257061
    446   4.460000000   0.360856332   1.534512579
    447   4.470000000   0.375906458   1.474258104
    448   4.480000000   0.390341736   1.411592192
    449   4.490000000   0.404138553   1.346617342
    450   4.500000000   0.417274343   1.279439829
    451   4.510000000   0.429727620   1.210169532
    452   4.520000000   0.441478013   1.138919752
    453   4.530000000   0.452506302   1.065807030
    454   4.540000000   0.462794449   0.990950953
    455   4.550000000   0.472325624   0.914473958
    456   4.560000000   0.481084237   0.836501136
    457   4.570000000   0.489055962   0.757160024
    458   4.580000000   0.496227759   0.676580395
    459   4.590000000   0.502587897   0.594894052
    460   4.600000000   0.508125972   0.512234605
    461   4.610000000   0.512832925   0.428737257
    462   4.620000000   0.516701056   0.344538581
    463   4.630000000   0.519724039   0.259776298
    464   4.640000000   0.521896928   0.174589051
    465   4.650000000   0.523216167   0.089116177
    466   4.660000000   0.523679600   0.003497481
    467   4.670000000   0.523286467  -0.082126993
    468   4.680000000   0.522037410  -0.167617191
    469   4.690000000   0.519934473  -0.252833281
    470   4.700000000   0.516981093  -0.337635876
    471   4.710000000   0.513182103  -0.421886267
    472   4.720000000   0.508543713  -0.505446649
    473   4.730000000   0.503073513  -0.588180344
    474   4.740000000   0.496780446  -0.669952026
    475   4.750000000   0.489674808  -0.750627943
    476   4.760000000   0.481768220  -0.830076136
    477   4.770000000   0.473073613  -0.908166652
    478   4.780000000   0.463605209  -0.984771762
    479   4.790000000   0.453378494  -1.059766162
    480   4.800000000   0.442410195  -1.133027187
    481   4.810000000   0.430718253  -1.204435004
    482   4.820000000   0.418321791  -1.273872813
    483   4.830000000   0.405241085  -1.341227035
    484   4.840000000   0.391497530  -1.406387499
    485   4.850000000   0.377113605  -1.469247623
    486   4.860000000   0.362112839  -1.529704588
    487   4.870000000   0.346519766  -1.587659504
    488   4.880000000   0.330359891  -1.643017574
    489   4.890000000   0.313659646  -1.695688249
    490   4.900000000   0.296446346  -1.745585376
    491   4.910000000   0.278748148  -1.792627337
    492   4.920000000   0.260593998  -1.836737187
    493   4.930000000   0.242013590  -1.877842773
    494   4.940000000   0.223037317  -1.915876858
    495   4.950000000   0.203696215  -1.950777230
    496   4.960000000   0.184021921  -1.982486801
    497   4.970000000   0.164046615  -2.010953702
    498   4.980000000   0.143802970  -2.036131369
    499   4.990000000   0.123324097  -2.057978617
    500   5.000000000   0.102643494  -2.076459710
    501   5.010000000   0.081794986  -2.091544415
    502   5.020000000   0.060812674  -2.103208058
    503   5.030000000   0.039730879  -2.111431557
    504   5.040000000   0.018584083  -2.116201461
    505   5.050000000  -0.002593124  -2.117509964
    506   5.060000000  -0.023766103  -2.115354924
    507   5.070000000  -0.044900224  -2.109739863
    508   5.080000000  -0.065960917  -2.100673964
    509   5.090000000  -0.086913733  -2.088172053
    510   5.100000000  -0.107724402  -2.072254577
    511   5.110000000  -0.128358883  -2.052947569
    512   5.120000000  -0.148783425  -2.030282607
    513   5.130000000  -0.168964621  -2.004296761
    514   5.140000000  -0.188869460  -1.975032533
    515   5.150000000  -0.208465384  -1.942537788
    516   5.160000000  -0.227720342  -1.906865673
    517   5.170000000  -0.246602837  -1.868074534
    518   5.180000000  -0.265081985  -1.826227819
    519   5.190000000  -0.283127558  -1.781393974
    520   5.200000000  -0.300710041  -1.733646328
    521   5.210000000  -0.317800674  -1.683062981
    522   5.220000000  -0.334371502  -1.629726666
    523   5.230000000  -0.350395420  -1.573724624
    524   5.240000000  -0.365846218  -1.515148453
    525   5.250000000  -0.380698623  -1.454093963
    526   5.260000000  -0.394928341  -1.390661016
    527   5.270000000  -0.408512098  -1.324953367
    528   5.280000000  -0.421427673  -1.257078490
    529   5.290000000  -0.433653941  -1.187147404
    530   5.300000000  -0.445170902  -1.115274491
    531   5.310000000  -0.455959720  -1.041577312
    532   5.320000000  -0.466002746  -0.966176408
    533   5.330000000  -0.475283553  -0.889195110
    534   5.340000000  -0.483786960  -0.810759332
    535   5.350000000  -0.491499057  -0.730997368
    536   5.360000000  -0.498407231  -0.650039682
    537   5.370000000  -0.504500179  -0.568018692
    538   5.380000000  -0.509767937  -0.485068558
    539   5.390000000  -0.514201888  -0.401324957
    540   5.400000000  -0.517794777  -0.316924865
    541   5.410000000  -0.520540729  -0.232006333
    542   5.420000000  -0.522435250  -0.146708258
    543   5.430000000  -0.523475242  -0.061170161
    544   5.440000000  -0.523659002   0.024468048
    545   5.450000000  -0.522986231   0.110066292
    546   5.460000000  -0.521458026   0.195484562
    547   5.470000000  -0.519076889   0.280583140
    548   5.480000000  -0.515846712   0.365222835
    549   5.490000000  -0.511772779   0.449265203
    550   5.500000000  -0.506861753   0.532572778
    551   5.510000000  -0.501121666   0.615009296
    552   5.520000000  -0.494561906   0.696439918
    553   5.530000000  -0.487193202   0.776731450
    554   5.540000000  -0.479027607   0.855752561
    555   5.550000000  -0.470078476   0.933373997
    556   5.560000000  -0.460360447   1.009468794
    557   5.570000000  -0.449889415   1.083912487
    558   5.580000000  -0.438682505   1.156583308
    559   5.590000000  -0.426758049   1.227362390
    560   5.600000000  -0.414135551   1.296133963
    561   5.610000000  -0.400835655   1.362785536
    562   5.620000000  -0.386880117   1.427208088
    563   5.630000000  -0.372291761   1.489296245
    564   5.640000000  -0.357094450   1.548948448
    565   5.650000000  -0.341313041   1.606067125
    566   5.660000000  -0.324973347   1.660558848
    567   5.670000000  -0.308102092   1.712334483
    568   5.680000000  -0.290726874   1.761309342
    569   5.690000000  -0.272876111   1.807403315
    570   5.700000000  -0.254579002   1.850541007
    571   5.710000000  -0.235865474   1.890651857
    572   5.720000000  -0.216766135   1.927670254
    573   5.730000000  -0.197312226   1.961535646
    574   5.740000000  -0.177535567   1.992192640
    575   5.750000000  -0.157468505   2.019591088
    576   5.760000000  -0.137143864   2.043686173
    577   5.770000000  -0.116594887   2.064438481
    578   5.780000000  -0.095855186   2.081814066
    579   5.790000000  -0.074958684   2.095784506
    580   5.800000000  -0.053939560   2.106326947
    581   5.810000000  -0.032832195   2.113424143
    582   5.820000000  -0.011671113   2.117064483
    583   5.830000000   0.009509073   2.117242009
    584   5.840000000   0.030673719   2.113956431
    585   5.850000000   0.051788208   2.107213118
    586   5.860000000   0.072818002   2.097023099
    587   5.870000000   0.093728705   2.083403040
    588   5.880000000   0.114486112   2.066375214
    589   5.890000000   0.135056271   2.045967473
    590   5.900000000   0.155405538   2.022213195
    591   5.910000000   0.175500626   1.995151230
    592   5.920000000   0.195308666   1.964825842
    593   5.930000000   0.214797260   1.931286630
    594   5.940000000   0.233934529   1.894588451
    595   5.950000000   0.252689172   1.854791329
    596   5.960000000   0.271030512   1.811960358
    597   5.970000000   0.288928548   1.766165591
    598   5.980000000   0.306354005   1.717481933
    599   5.990000000   0.323278380   1.665989012
    600   6.000000000   0.339673990   1.611771051
    601   6.010000000   0.355514017   1.554916731
    602   6.020000000   0.370772552   1.495519044
    603   6.030000000   0.385424636   1.433675145
    604   6.040000000   0.399446302   1.369486188
    605   6.050000000   0.412814617   1.303057163
    606   6.060000000   0.425507713   1.234496723
    607   6.070000000   0.437504827   1.163917011
    608   6.080000000   0.448786337   1.091433470
    609   6.090000000   0.459333789   1.017164657
    610   6.100000000   0.469129930   0.941232050
    611   6.110000000   0.478158737   0.863759850
    612   6.120000000   0.486405441   0.784874772
    613   6.130000000   0.493856552   0.704705848
    614   6.140000000   0.500499883   0.623384204
    615   6.150000000   0.506324566   0.541042857
    616   6.160000000   0.511321074   0.457816488
    617   6.170000000   0.515481234   0.373841227
    618   6.180000000   0.518798241   0.289254430
    619   6.190000000   0.521266667   0.204194452
    620   6.200000000   0.522882476   0.118800423
    621   6.210000000   0.523643024   0.033212019
    622   6.220000000   0.523547066  -0.052430766
    623   6.230000000   0.522594759  -0.137987850
    624   6.240000000   0.520787659  -0.223319288
    625   6.250000000   0.518128722  -0.308285506
    626   6.260000000   0.514622297  -0.392747529
    627   6.270000000   0.510274118  -0.476567203
    628   6.280000000   0.505091297  -0.559607428
    629   6.290000000   0.499082311  -0.641732376
    630   6.300000000   0.492256987  -0.722807718
    631   6.310000000   0.484626490  -0.802700840
    632   6.320000000   0.476203299  -0.881281063
    633   6.330000000   0.467001192  -0.958419855
    634   6.340000000   0.457035220  -1.033991042
    635   6.350000000   0.446321684  -1.107871013
    636   6.360000000   0.434878106  -1.179938923
    637   6.370000000   0.422723203  -1.250076893
    638   6.380000000   0.409876858  -1.318170199
    639   6.390000000   0.396360082  -1.384107462
    640   6.400000000   0.382194983  -1.447780827
    641   6.410000000   0.367404730  -1.509086146
    642   6.420000000   0.352013515  -1.567923141
    643   6.430000000   0.336046513  -1.624195574
    644   6.440000000   0.319529839  -1.677811399
    645   6.450000000   0.302490510  -1.728682917
    646   6.460000000   0.284956394  -1.776726917
    647   6.470000000   0.266956173  -1.821864813
    648   6.480000000   0.248519289  -1.864022773
    649   6.490000000   0.229675896  -1.903131838
    650   6.500000000   0.210456818  -1.939128037
    651   6.510000000   0.190893489  -1.971952490
    652   6.520000000   0.171017909  -2.001551504
    653   6.530000000   0.150862587  -2.027876664
    654   6.540000000   0.130460490  -2.050884907
    655   6.550000000   0.109844989  -2.070538599
    656   6.560000000   0.089049805  -2.086805589
    657   6.570000000   0.068108951  -2.099659269
    658   6.580000000   0.047056679  -2.109078611
    659   6.590000000   0.025927424  -2.115048206
    660   6.600000000   0.004755746  -2.117558288
    661   6.610000000  -0.016423724  -2.116604749
    662   6.620000000  -0.037576345  -2.112189146
    663   6.630000000  -0.058667518  -2.104318699
    664   6.640000000  -0.079662744  -2.093006279
    665   6.650000000  -0.100527683  -2.078270387
    666   6.660000000  -0.121228205  -2.060135125
    667   6.670000000  -0.141730453  -2.038630153
    668   6.680000000  -0.162000889  -2.013790644
    669   6.690000000  -0.182006360  -1.985657225
    670   6.700000000  -0.201714142  -1.954275910
    671   6.710000000  -0.221092000  -1.919698027
    672   6.720000000  -0.240108238  -1.881980132
    673   6.730000000  -0.258731750  -1.841183917
    674   6.740000000  -0.276932076  -1.797376108
    675   6.750000000  -0.294679445  -1.750628358
    676   6.760000000  -0.311944829  -1.701017130
    677   6.770000000  -0.328699985  -1.648623569
    678   6.780000000  -0.344917508  -1.593533372
    679   6.790000000  -0.360570872  -1.535836646
    680   6.800000000  -0.375634472  -1.475627762
    681   6.810000000  -0.390083668  -1.413005200
    682   6.820000000  -0.403894827  -1.348071388
    683   6.830000000  -0.417045357  -1.280932536
    684   6.840000000  -0.429513748  -1.211698457
    685   6.850000000  -0.441279605  -1.140482396
    686   6.860000000  -0.452323683  -1.067400836
    687   6.870000000  -0.462627916  -0.992573314
    688   6.880000000  -0.472175451  -0.916122221
    689   6.890000000  -0.480950670  -0.838172605
    690   6.900000000  -0.488939219  -0.758851964
    691   6.910000000  -0.496128031  -0.678290041
    692   6.920000000  -0.502505346  -0.596618606
    693   6.930000000  -0.508060734  -0.513971246
    694   6.940000000  -0.512785107  -0.430483144
    695   6.950000000  -0.516670737  -0.346290859
    696   6.960000000  -0.519711267  -0.261532101
    697   6.970000000  -0.521901724  -0.176345506
    698   6.980000000  -0.523238524  -0.090870412
    699   6.990000000  -0.523719481  -0.005246627
    700   7.000000000  -0.523343807   0.080385798
    701   7.010000000  -0.522112115   0.165886795
    702   7.020000000  -0.520026420   0.251116513
    703   7.030000000  -0.517090134   0.335935545
    704   7.040000000  -0.513308057   0.420205155
    705   7.050000000  -0.508686376   0.503787504
    706   7.060000000  -0.503232650   0.586545880
    707   7.070000000  -0.496955799   0.668344917
    708   7.080000000  -0.489866088   0.749050818
    709   7.090000000  -0.481975114   0.828531575
    710   7.100000000  -0.473295784   0.906657181
    711   7.110000000  -0.463842293   0.983299850
    712   7.120000000  -0.453630103   1.058334217
    713   7.130000000  -0.442675918   1.131637551
    714   7.140000000  -0.430997655   1.203089950
    715   7.150000000  -0.418614415   1.272574540
    716   7.160000000  -0.405546453   1.339977668
    717   7.170000000  -0.391815142   1.405189081
    718   7.180000000  -0.377442942   1.468102114
    719   7.190000000  -0.362453361   1.528613862
    720   7.200000000  -0.346870917   1.586625345
    721   7.210000000  -0.330721097   1.642041673
    722   7.220000000  -0.314030315   1.694772204
    723   7.230000000  -0.296825874   1.744730684
    724   7.240000000  -0.279135912   1.791835397
    725   7.250000000  -0.260989364   1.836009293
    726   7.260000000  -0.242415912   1.877180117
    727   7.270000000  -0.223445936   1.915280523
    728   7.280000000  -0.204110464   1.950248192
    729   7.290000000  -0.184441122   1.982025925
    730   7.300000000  -0.164470082   2.010561742
    731   7.310000000  -0.144230010   2.035808966
    732   7.320000000  -0.123754012   2.057726299
    733   7.330000000  -0.103075580   2.076277889
    734   7.340000000  -0.082228537   2.091433389
    735   7.350000000  -0.061246982   2.103168008
    736   7.360000000  -0.040165232   2.111462550
    737   7.370000000  -0.019017771   2.116303445
    738   7.380000000   0.002160810   2.117682772
    739   7.390000000   0.023335871   2.115598274
    740   7.400000000   0.044472777   2.110053358
    741   7.410000000   0.065536954   2.101057090
    742   7.420000000   0.086493948   2.088624184
    743   7.430000000   0.107309482   2.072774973
    744   7.440000000   0.127949506   2.053535379
    745   7.450000000   0.148380261   2.030936870
    746   7.460000000   0.168568329   2.005016406
    747   7.470000000   0.188480688   1.975816384
    748   7.480000000   0.208084769   1.943384561
    749   7.490000000   0.227348505   1.907773985
    750   7.500000000   0.246240388   1.869042899
    751   7.510000000   0.264729515   1.827254653
    752   7.520000000   0.282785645   1.782477596
    753   7.530000000   0.300379244   1.734784968
    754   7.540000000   0.317481534   1.684254775
    755   7.550000000   0.334064540   1.630969666
    756   7.560000000   0.350101139   1.575016796
    757   7.570000000   0.365565099   1.516487683
    758   7.580000000   0.380431127   1.455478061
    759   7.590000000   0.394674905   1.392087718
    760   7.600000000   0.408273135   1.326420340
    761   7.610000000   0.421203576   1.258583333
    762   7.620000000   0.433445075   1.188687657
    763   7.630000000   0.444977610   1.116847635
    764   7.640000000   0.455782317   1.043180773
    765   7.650000000   0.465841523   0.967807564
    766   7.660000000   0.475138773   0.890851292
    767   7.670000000   0.483658860   0.812437831
    768   7.680000000   0.491387847   0.732695440
    769   7.690000000   0.498313092   0.651754548
    770   7.700000000   0.504423267   0.569747548
    771   7.710000000   0.509708376   0.486808576
    772   7.720000000   0.514159775   0.403073290
    773   7.730000000   0.517770183   0.318678655
    774   7.740000000   0.520533692   0.233762710
    775   7.750000000   0.522445783   0.148464350
    776   7.760000000   0.523503327   0.062923095
    777   7.770000000   0.523704594  -0.022721139
    778   7.780000000   0.523049254  -0.108328265
    779   7.790000000   0.521538379  -0.193758260
    780   7.800000000   0.519174438  -0.278871387
    781   7.810000000   0.515961299  -0.363528431
    782   7.820000000   0.511904217  -0.447590919
    783   7.830000000   0.507009826  -0.530921352
    784   7.840000000   0.501286132  -0.613383431
    785   7.850000000   0.494742496  -0.694842272
    786   7.860000000   0.487389621  -0.775164637
    787   7.870000000   0.479239534  -0.854219143
    788   7.880000000   0.470305564  -0.931876483
    789   7.890000000   0.460602325  -1.008009633
    790   7.900000000   0.450145686  -1.082494066
    791   7.910000000   0.438952751  -1.155207946
    792   7.920000000   0.427041828  -1.226032339
    793   7.930000000   0.414432398  -1.294851396
    794   7.940000000   0.401145085  -1.361552552
    795   7.950000000   0.387201624  -1.426026704
    796   7.960000000   0.372624819  -1.488168393
    797   7.970000000   0.357438515  -1.547875973
    798   7.980000000   0.341667549  -1.605051782
    799   7.990000000   0.325337718  -1.659602296
    800   8.000000000   0.308475731  -1.711438288
    801   8.010000000   0.291109169  -1.760474969
    802   8.020000000   0.273266438  -1.806632130
    803   8.030000000   0.254976721  -1.849834271
    804   8.040000000   0.236269935  -1.890010726
    805   8.050000000   0.217176677  -1.927095776
    806   8.060000000   0.197728178  -1.961028762
    807   8.070000000   0.177956247  -1.991754178
    808   8.080000000   0.157893226  -2.019221766
    809   8.090000000   0.137571931  -2.043386594
    810   8.100000000   0.117025600  -2.064209136
    811   8.110000000   0.096287840  -2.081655331
    812   8.120000000   0.075392571  -2.095696640
    813   8.130000000   0.054373972  -2.106310093
    814   8.140000000   0.033266420  -2.113478329
    815   8.150000000   0.012104441  -2.117189620
    816   8.160000000  -0.009077350  -2.117437894
    817   8.170000000  -0.030244308  -2.114222741
    818   8.180000000  -0.051361811  -2.107549420
    819   8.190000000  -0.072395317  -2.097428842
    820   8.200000000  -0.093310422  -2.083877560
    821   8.210000000  -0.114072917  -2.066917736
    822   8.220000000  -0.134648839  -2.046577109
    823   8.230000000  -0.155004535  -2.022888947
    824   8.240000000  -0.175106708  -1.995891993
    825   8.250000000  -0.194922478  -1.965630405
    826   8.260000000  -0.214419433  -1.932153677
    827   8.270000000  -0.233565682  -1.895516564
    828   8.280000000  -0.252329908  -1.855778990
    829   8.290000000  -0.270681418  -1.813005951
    830   8.300000000  -0.288590196  -1.767267406
    831   8.310000000  -0.306026947  -1.718638168
    832   8.320000000  -0.322963152  -1.667197776
    833   8.330000000  -0.339371107  -1.613030366
    834   8.340000000  -0.355223975  -1.556224538
    835   8.350000000  -0.370495825  -1.496873204
    836   8.360000000  -0.385161677  -1.435073443
    837   8.370000000  -0.399197541  -1.370926337
    838   8.380000000  -0.412580461  -1.304536806
    839   8.390000000  -0.425288544  -1.236013442
    840   8.400000000  -0.437301005  -1.165468324
    841   8.410000000  -0.448598195  -1.093016839
    842   8.420000000  -0.459161634  -1.018777493
    843   8.430000000  -0.468974045  -0.942871716
    844   8.440000000  -0.478019375  -0.865423662
    845   8.450000000  -0.486282831  -0.786560010
    846   8.460000000  -0.493750895  -0.706409754
    847   8.470000000  -0.500411351  -0.625103993
    848   8.480000000  -0.506253305  -0.542775714
    849   8.490000000  -0.511267200  -0.459559580
    850   8.500000000  -0.515444835  -0.375591703
    851   8.510000000  -0.518779376  -0.291009426
    852   8.520000000  -0.521265368  -0.205951098
    853   8.530000000  -0.522898744  -0.120555845
    854   8.540000000  -0.523676833  -0.034963346
    855   8.550000000  -0.523598361   0.050686399
    856   8.560000000  -0.522663455   0.136253294
    857   8.570000000  -0.520873645   0.221597382
    858   8.580000000  -0.518231857   0.306579067
    859   8.590000000  -0.514742412   0.391059348
    860   8.600000000  -0.510411016   0.474900041
    861   8.610000000  -0.505244755   0.557964011
    862   8.620000000  -0.499252077   0.640115393
    863   8.630000000  -0.492442785   0.721219813
    864   8.640000000  -0.484828014   0.801144611
    865   8.650000000  -0.476420221   0.879759056
    866   8.660000000  -0.467233157   0.956934559
    867   8.670000000  -0.457281849   1.032544886
    868   8.680000000  -0.446582572   1.106466363
    869   8.690000000  -0.435152827   1.178578077
    870   8.700000000  -0.423011309   1.248762077
    871   8.710000000  -0.410177876   1.316903563
    872   8.720000000  -0.396673520   1.382891077
    873   8.730000000  -0.382520329   1.446616684
    874   8.740000000  -0.367741452   1.507976149
    875   8.750000000  -0.352361061   1.566869106
    876   8.760000000  -0.336404315   1.623199224
    877   8.770000000  -0.319897313   1.676874364
    878   8.780000000  -0.302867053   1.727806730
    879   8.790000000  -0.285341392   1.775913011
    880   8.800000000  -0.267348995   1.821114520
    881   8.810000000  -0.248919292   1.863337319
    882   8.820000000  -0.230082427   1.902512345
    883   8.830000000  -0.210869211   1.938575518
    884   8.840000000  -0.191311071   1.971467849
    885   8.850000000  -0.171439995   2.001135534
    886   8.860000000  -0.151288488   2.027530045
    887   8.870000000  -0.130889509   2.050608207
    888   8.880000000  -0.110276425   2.070332269
    889   8.890000000  -0.089482951   2.086669968
    890   8.900000000  -0.068543099   2.099594578
    891   8.910000000  -0.047491119   2.109084956
    892   8.920000000  -0.026361446   2.115125577
    893   8.930000000  -0.005188640   2.117706558
    894   8.940000000   0.015992668   2.116823676
    895   8.950000000   0.037147830   2.112478371
    896   8.960000000   0.058242246   2.104677750
    897   8.970000000   0.079241410   2.093434569
    898   8.980000000   0.100110976   2.078767215
    899   8.990000000   0.120816808   2.060699679
    900   9.000000000   0.141325037   2.039261509
    901   9.010000000   0.161602118   2.014487769
    902   9.020000000   0.181614886   1.986418979
    903   9.030000000   0.201330606   1.955101047
    904   9.040000000   0.220717029   1.920585198
    905   9.050000000   0.239742445   1.882927885
    906   9.060000000   0.258375734   1.842190702
    907   9.070000000   0.276586419   1.798440279
    908   9.080000000   0.294344712   1.751748174
    909   9.090000000   0.311621567   1.702190760
    910   9.100000000   0.328388724   1.649849093
    911   9.110000000   0.344618757   1.594808785
    912   9.120000000   0.360285119   1.537159862
    913   9.130000000   0.375362185   1.476996617
    914   9.140000000   0.389825292   1.414417455
    915   9.150000000   0.403650785   1.349524733
    916   9.160000000   0.416816048   1.282424593
    917   9.170000000   0.429299546   1.213226787
    918   9.180000000   0.441080862   1.142044499
    919   9.190000000   0.452140723   1.068994156
    920   9.200000000   0.462461040   0.994195245
    921   9.210000000   0.472024930   0.917770111
    922   9.220000000   0.480816751   0.839843758
    923   9.230000000   0.488822121   0.760543646
    924   9.240000000   0.496027945   0.679999485
    925   9.250000000   0.502422437   0.598343017
    926   9.260000000   0.507995137   0.515707803
    927   9.270000000   0.512736929   0.432229007
    928   9.280000000   0.516640057   0.348043172
    929   9.290000000   0.519698135   0.263287997
    930   9.300000000   0.521906162   0.178102114
    931   9.310000000   0.523260525   0.092624858
    932   9.320000000   0.523759008   0.006996041
    933   9.330000000   0.523400795  -0.078644276
    934   9.340000000   0.522186472  -0.164156014
    935   9.350000000   0.520118025  -0.249399305
    936   9.360000000   0.517198835  -0.334234718
    937   9.370000000   0.513433678  -0.418523491
    938   9.380000000   0.508828711  -0.502127754
    939   9.390000000   0.503391466  -0.584910759
    940   9.400000000   0.497130836  -0.666737099
    941   9.410000000   0.490057061  -0.747472933
    942   9.420000000   0.482181710  -0.826986203
    943   9.430000000   0.473517664  -0.905146852
    944   9.440000000   0.464079095  -0.981827032
    945   9.450000000   0.453881440  -1.056901321
    946   9.460000000   0.442941379  -1.130246919
    947   9.470000000   0.431276805  -1.201743858
    948   9.480000000   0.418906797  -1.271275190
    949   9.490000000   0.405851589  -1.338727184
    950   9.500000000   0.392132534  -1.403989509
    951   9.510000000   0.377772070  -1.466955417
    952   9.520000000   0.362793687  -1.527521914
    953   9.530000000   0.347221884  -1.585589933
    954   9.540000000   0.331082131  -1.641064491
    955   9.550000000   0.314400827  -1.693854850
    956   9.560000000   0.297205256  -1.743874658
    957   9.570000000   0.279523544  -1.791042100
    958   9.580000000   0.261384612  -1.835280023
    959   9.590000000   0.242818130  -1.876516065
    960   9.600000000   0.223854466  -1.914682778
    961   9.610000000   0.204524637  -1.949717730
    962   9.620000000   0.184860261  -1.981563613
    963   9.630000000   0.164893501  -2.010168338
    964   9.640000000   0.144657017  -2.035485113
    965   9.650000000   0.124183909  -2.057472526
    966   9.660000000   0.103507663  -2.076094611
    967   9.670000000   0.082662100  -2.091320907
    968   9.680000000   0.061681315  -2.103126505
    969   9.690000000   0.040599625  -2.111492094
    970   9.700000000   0.019451514  -2.116403988
    971   9.710000000  -0.001728428  -2.117854150
    972   9.720000000  -0.022905556  -2.115840207
    973   9.730000000  -0.044045233  -2.110365449
    974   9.740000000  -0.065112880  -2.101438830
    975   9.750000000  -0.086074039  -2.089074947
    976   9.760000000  -0.106894423  -2.073294023
    977   9.770000000  -0.127539977  -2.054121867
    978   9.780000000  -0.147976932  -2.031589836
    979   9.790000000  -0.168171859  -2.005734783
    980   9.800000000  -0.188091726  -1.976598996
    981   9.810000000  -0.207703951  -1.944230129
    982   9.820000000  -0.226976455  -1.908681125
    983   9.830000000  -0.245877713  -1.870010128
    984   9.840000000  -0.264376809  -1.828280389
    985   9.850000000  -0.282443485  -1.783560161
    986   9.860000000  -0.300048189  -1.735922591
    987   9.870000000  -0.317162125  -1.685445596
    988   9.880000000  -0.333757301  -1.632211736
    989   9.890000000  -0.349806572  -1.576308084
    990   9.900000000  -0.365283686  -1.517826078
    991   9.910000000  -0.380163327  -1.456861373
    992   9.920000000  -0.394421157  -1.393513684
    993   9.930000000  -0.408033855  -1.327886628
    994   9.940000000  -0.420979154  -1.260087545
    995   9.950000000  -0.433235879  -1.190227332
    996   9.960000000  -0.444783982  -1.118420255
    997   9.970000000  -0.455604573  -1.044783765
    998   9.980000000  -0.465679954  -0.969438307
    999   9.990000000  -0.474993644  -0.892507119
   1000  10.000000000  -0.483530408  -0.814116033
