# Giai phuong trinh vi phan
######################################################################
#     i             x         theta         omega
      0   0.000000000   0.523598776   0.000000000
      1   0.010000000   0.523598776  -0.081750000
      2   0.020000000   0.522781276  -0.163500000
      3   0.030000000   0.521146276  -0.245134219
      4   0.040000000   0.518694933  -0.326536711
      5   0.050000000   0.515429566  -0.407591371
      6   0.060000000   0.511353653  -0.488181935
      7   0.070000000   0.506471833  -0.568192000
      8   0.080000000   0.500789913  -0.647505036
      9   0.090000000   0.494314863  -0.726004428
     10   0.100000000   0.487054819  -0.803573511
     11   0.110000000   0.479019083  -0.880095634
     12   0.120000000   0.470218127  -0.955454237
     13   0.130000000   0.460663585  -1.029532940
     14   0.140000000   0.450368255  -1.102215657
     15   0.150000000   0.439346099  -1.173386733
     16   0.160000000   0.427612231  -1.242931091
     17   0.170000000   0.415182921  -1.310734413
     18   0.180000000   0.402075576  -1.376683334
     19   0.190000000   0.388308743  -1.440665664
     20   0.200000000   0.373902086  -1.502570625
     21   0.210000000   0.358876380  -1.562289113
     22   0.220000000   0.343253489  -1.619713979
     23   0.230000000   0.327056349  -1.674740323
     24   0.240000000   0.310308946  -1.727265811
     25   0.250000000   0.293036288  -1.777191001
     26   0.260000000   0.275264378  -1.824419677
     27   0.270000000   0.257020181  -1.868859202
     28   0.280000000   0.238331589  -1.910420860
     29   0.290000000   0.219227381  -1.949020219
     30   0.300000000   0.199737178  -1.984577473
     31   0.310000000   0.179891404  -2.017017793
     32   0.320000000   0.159721226  -2.046271660
     33   0.330000000   0.139258509  -2.072275188
     34   0.340000000   0.118535757  -2.094970433
     35   0.350000000   0.097586053  -2.114305676
     36   0.360000000   0.076442996  -2.130235684
     37   0.370000000   0.055140639  -2.142721945
     38   0.380000000   0.033713420  -2.151732872
     39   0.390000000   0.012196091  -2.157243972
     40   0.400000000  -0.009376349  -2.159237983
     41   0.410000000  -0.030968728  -2.157704973
     42   0.420000000  -0.052545778  -2.152642395
     43   0.430000000  -0.074072202  -2.144055113
     44   0.440000000  -0.095512753  -2.131955380
     45   0.450000000  -0.116832307  -2.116362777
     46   0.460000000  -0.137995935  -2.097304122
     47   0.470000000  -0.158968976  -2.074813327
     48   0.480000000  -0.179717109  -2.048931234
     49   0.490000000  -0.200206422  -2.019705405
     50   0.500000000  -0.220403476  -1.987189893
     51   0.510000000  -0.240275375  -1.951444974
     52   0.520000000  -0.259789824  -1.912536863
     53   0.530000000  -0.278915193  -1.870537402
     54   0.540000000  -0.297620567  -1.825523739
     55   0.550000000  -0.315875804  -1.777577983
     56   0.560000000  -0.333651584  -1.726786861
     57   0.570000000  -0.350919453  -1.673241361
     58   0.580000000  -0.367651866  -1.617036377
     59   0.590000000  -0.383822230  -1.558270355
     60   0.600000000  -0.399404934  -1.497044948
     61   0.610000000  -0.414375383  -1.433464673
     62   0.620000000  -0.428710030  -1.367636589
     63   0.630000000  -0.442386396  -1.299669979
     64   0.640000000  -0.455383096  -1.229676063
     65   0.650000000  -0.467679856  -1.157767717
     66   0.660000000  -0.479257533  -1.084059219
     67   0.670000000  -0.490098126  -1.008666019
     68   0.680000000  -0.500184786  -0.931704531
     69   0.690000000  -0.509501831  -0.853291943
     70   0.700000000  -0.518034751  -0.773546059
     71   0.710000000  -0.525770211  -0.692585159
     72   0.720000000  -0.532696063  -0.610527887
     73   0.730000000  -0.538801342  -0.527493156
     74   0.740000000  -0.544076273  -0.443600076
     75   0.750000000  -0.548512274  -0.358967904
     76   0.760000000  -0.552101953  -0.273716007
     77   0.770000000  -0.554839113  -0.187963848
     78   0.780000000  -0.556718752  -0.101830976
     79   0.790000000  -0.557737061  -0.015437038
     80   0.800000000  -0.557891432   0.071098207
     81   0.810000000  -0.557180450   0.157654865
     82   0.820000000  -0.555603901   0.244112882
     83   0.830000000  -0.553162772   0.330352014
     84   0.840000000  -0.549859252   0.416251799
     85   0.850000000  -0.545696734   0.501691542
     86   0.860000000  -0.540679819   0.586550291
     87   0.870000000  -0.534814316   0.670706841
     88   0.880000000  -0.528107247   0.754039733
     89   0.890000000  -0.520566850   0.836427277
     90   0.900000000  -0.512202577   0.917747596
     91   0.910000000  -0.503025101   0.997878676
     92   0.920000000  -0.493046314   1.076698448
     93   0.930000000  -0.482279330   1.154084889
     94   0.940000000  -0.470738481   1.229916145
     95   0.950000000  -0.458439320   1.304070681
     96   0.960000000  -0.445398613   1.376427462
     97   0.970000000  -0.431634338   1.446866146
     98   0.980000000  -0.417165677   1.515267319
     99   0.990000000  -0.402013004   1.581512750
    100   1.000000000  -0.386197876   1.645485665
    101   1.010000000  -0.369743019   1.707071056
    102   1.020000000  -0.352672309   1.766156004
    103   1.030000000  -0.335010749   1.822630028
    104   1.040000000  -0.316784449   1.876385447
    105   1.050000000  -0.298020594   1.927317761
    106   1.060000000  -0.278747416   1.975326042
    107   1.070000000  -0.258994156   2.020313333
    108   1.080000000  -0.238791023   2.062187054
    109   1.090000000  -0.218169152   2.100859403
    110   1.100000000  -0.197160558   2.136247758
    111   1.110000000  -0.175798081   2.168275069
    112   1.120000000  -0.154115330   2.196870233
    113   1.130000000  -0.132146628   2.221968460
    114   1.140000000  -0.109926943   2.243511606
    115   1.150000000  -0.087491827   2.261448485
    116   1.160000000  -0.064877342   2.275735155
    117   1.170000000  -0.042119990   2.286335161
    118   1.180000000  -0.019256639   2.293219744
    119   1.190000000   0.003675559   2.296368009
    120   1.200000000   0.026639239   2.295767057
    121   1.210000000   0.049596909   2.291412057
    122   1.220000000   0.072511030   2.283306286
    123   1.230000000   0.095344093   2.271461119
    124   1.240000000   0.118058704   2.255895967
    125   1.250000000   0.140617664   2.236638178
    126   1.260000000   0.162984045   2.213722883
    127   1.270000000   0.185121274   2.187192813
    128   1.280000000   0.206993202   2.157098065
    129   1.290000000   0.228564183   2.123495836
    130   1.300000000   0.249799141   2.086450123
    131   1.310000000   0.270663643   2.046031396
    132   1.320000000   0.291123956   2.002316241
    133   1.330000000   0.311147119   1.955386989
    134   1.340000000   0.330700989   1.905331321
    135   1.350000000   0.349754302   1.852241871
    136   1.360000000   0.368276721   1.796215817
    137   1.370000000   0.386238879   1.737354471
    138   1.380000000   0.403612424   1.675762870
    139   1.390000000   0.420370052   1.611549380
    140   1.400000000   0.436485546   1.544825305
    141   1.410000000   0.451933799   1.475704514
    142   1.420000000   0.466690844   1.404303083
    143   1.430000000   0.480733875   1.330738960
    144   1.440000000   0.494041265   1.255131656
    145   1.450000000   0.506592581   1.177601954
    146   1.460000000   0.518368601   1.098271654
    147   1.470000000   0.529351317   1.017263336
    148   1.480000000   0.539523951   0.934700161
    149   1.490000000   0.548870952   0.850705695
    150   1.500000000   0.557378009   0.765403763
    151   1.510000000   0.565032047   0.678918332
    152   1.520000000   0.571821230   0.591373421
    153   1.530000000   0.577734964   0.502893034
    154   1.540000000   0.582763895   0.413601120
    155   1.550000000   0.586899906   0.323621554
    156   1.560000000   0.590136122   0.233078138
    157   1.570000000   0.592466903   0.142094619
    158   1.580000000   0.593887849   0.050794718
    159   1.590000000   0.594395796  -0.040697819
    160   1.600000000   0.593988818  -0.132259173
    161   1.610000000   0.592666226  -0.223765391
    162   1.620000000   0.590428572  -0.315092325
    163   1.630000000   0.587277649  -0.406115569
    164   1.640000000   0.583216493  -0.496710405
    165   1.650000000   0.578249389  -0.586751747
    166   1.660000000   0.572381872  -0.676114107
    167   1.670000000   0.565620731  -0.764671563
    168   1.680000000   0.557974015  -0.852297749
    169   1.690000000   0.549451038  -0.938865862
    170   1.700000000   0.540062379  -1.024248693
    171   1.710000000   0.529819892  -1.108318675
    172   1.720000000   0.518736705  -1.190947967
    173   1.730000000   0.506827226  -1.272008558
    174   1.740000000   0.494107140  -1.351372402
    175   1.750000000   0.480593416  -1.428911586
    176   1.760000000   0.466304300  -1.504498527
    177   1.770000000   0.451259315  -1.578006203
    178   1.780000000   0.435479253  -1.649308412
    179   1.790000000   0.418986169  -1.718280065
    180   1.800000000   0.401803368  -1.784797510
    181   1.810000000   0.383955393  -1.848738881
    182   1.820000000   0.365468004  -1.909984475
    183   1.830000000   0.346368160  -1.968417156
    184   1.840000000   0.326683988  -2.023922774
    185   1.850000000   0.306444760  -2.076390605
    186   1.860000000   0.285680854  -2.125713804
    187   1.870000000   0.264423716  -2.171789866
    188   1.880000000   0.242705818  -2.214521091
    189   1.890000000   0.220560607  -2.253815049
    190   1.900000000   0.198022456  -2.289585036
    191   1.910000000   0.175126606  -2.321750525
    192   1.920000000   0.151909101  -2.350237589
    193   1.930000000   0.128406725  -2.374979312
    194   1.940000000   0.104656932  -2.395916165
    195   1.950000000   0.080697770  -2.412996354
    196   1.960000000   0.056567806  -2.426176124
    197   1.970000000   0.032306045  -2.435420028
    198   1.980000000   0.007951845  -2.440701148
    199   1.990000000  -0.016455167  -2.442001261
    200   2.000000000  -0.040875179  -2.439310962
    201   2.010000000  -0.065268289  -2.432629731
    202   2.020000000  -0.089594586  -2.421965941
    203   2.030000000  -0.113814246  -2.407336816
    204   2.040000000  -0.137887614  -2.388768336
    205   2.050000000  -0.161775297  -2.366295084
    206   2.060000000  -0.185438248  -2.339960044
    207   2.070000000  -0.208837848  -2.309814358
    208   2.080000000  -0.231935992  -2.275917025
    209   2.090000000  -0.254695162  -2.238334571
    210   2.100000000  -0.277078508  -2.197140678
    211   2.110000000  -0.299049915  -2.152415783
    212   2.120000000  -0.320574073  -2.104246652
    213   2.130000000  -0.341616539  -2.052725931
    214   2.140000000  -0.362143798  -1.997951689
    215   2.150000000  -0.382123315  -1.940026943
    216   2.160000000  -0.401523585  -1.879059186
    217   2.170000000  -0.420314177  -1.815159919
    218   2.180000000  -0.438465776  -1.748444185
    219   2.190000000  -0.455950218  -1.679030117
    220   2.200000000  -0.472740519  -1.607038507
    221   2.210000000  -0.488810904  -1.532592388
    222   2.220000000  -0.504136828  -1.455816651
    223   2.230000000  -0.518694994  -1.376837676
    224   2.240000000  -0.532463371  -1.295783008
    225   2.250000000  -0.545421201  -1.212781052
    226   2.260000000  -0.557549012  -1.127960813
    227   2.270000000  -0.568828620  -1.041451656
    228   2.280000000  -0.579243136  -0.953383118
    229   2.290000000  -0.588776967  -0.863884740
    230   2.300000000  -0.597415815  -0.773085940
    231   2.310000000  -0.605146674  -0.681115920
    232   2.320000000  -0.611957833  -0.588103597
    233   2.330000000  -0.617838869  -0.494177573
    234   2.340000000  -0.622780645  -0.399466125
    235   2.350000000  -0.626775306  -0.304097226
    236   2.360000000  -0.629816279  -0.208198581
    237   2.370000000  -0.631898264  -0.111897686
    238   2.380000000  -0.633017241  -0.015321908
    239   2.390000000  -0.633170460   0.081401437
    240   2.400000000  -0.632356446   0.178144977
    241   2.410000000  -0.630574996   0.274781193
    242   2.420000000  -0.627827184   0.371182309
    243   2.430000000  -0.624115361   0.467220194
    244   2.440000000  -0.619443159   0.562766264
    245   2.450000000  -0.613815497   0.657691400
    246   2.460000000  -0.607238583   0.751865871
    247   2.470000000  -0.599719924   0.845159280
    248   2.480000000  -0.591268331   0.937440526
    249   2.490000000  -0.581893926   1.028577794
    250   2.500000000  -0.571608148   1.118438564
    251   2.510000000  -0.560423762   1.206889652
    252   2.520000000  -0.548354866   1.293797290
    253   2.530000000  -0.535416893   1.379027225
    254   2.540000000  -0.521626621   1.462444865
    255   2.550000000  -0.507002172   1.543915459
    256   2.560000000  -0.491563017   1.623304309
    257   2.570000000  -0.475329974   1.700477031
    258   2.580000000  -0.458325204   1.775299841
    259   2.590000000  -0.440572206   1.847639890
    260   2.600000000  -0.422095807   1.917365625
    261   2.610000000  -0.402922150   1.984347196
    262   2.620000000  -0.383078678   2.048456879
    263   2.630000000  -0.362594110   2.109569544
    264   2.640000000  -0.341498414   2.167563135
    265   2.650000000  -0.319822783   2.222319180
    266   2.660000000  -0.297599591   2.273723307
    267   2.670000000  -0.274862358   2.321665785
    268   2.680000000  -0.251645700   2.366042049
    269   2.690000000  -0.227985280   2.406753249
    270   2.700000000  -0.203917747   2.443706766
    271   2.710000000  -0.179480680   2.476816734
    272   2.720000000  -0.154712512   2.506004529
    273   2.730000000  -0.129652467   2.531199233
    274   2.740000000  -0.104340475   2.552338072
    275   2.750000000  -0.078817094   2.569366802
    276   2.760000000  -0.053123426   2.582240059
    277   2.770000000  -0.027301025   2.590921654
    278   2.780000000  -0.001391809   2.595384817
    279   2.790000000   0.024562039   2.595612378
    280   2.800000000   0.050518163   2.591596888
    281   2.810000000   0.076434132   2.583340681
    282   2.820000000   0.102267539   2.570855865
    283   2.830000000   0.127976098   2.554164253
    284   2.840000000   0.153517740   2.533297230
    285   2.850000000   0.178850712   2.508295556
    286   2.860000000   0.203933668   2.479209112
    287   2.870000000   0.228725759   2.446096595
    288   2.880000000   0.253186725   2.409025152
    289   2.890000000   0.277276977   2.368069979
    290   2.900000000   0.300957676   2.323313873
    291   2.910000000   0.324190815   2.274846755
    292   2.920000000   0.346939283   2.222765161
    293   2.930000000   0.369166934   2.167171720
    294   2.940000000   0.390838651   2.108174606
    295   2.950000000   0.411920398   2.045886999
    296   2.960000000   0.432379268   1.980426532
    297   2.970000000   0.452183533   1.911914752
    298   2.980000000   0.471302680   1.840476590
    299   2.990000000   0.489707446   1.766239852
    300   3.000000000   0.507369845   1.689334727
    301   3.010000000   0.524263192   1.609893329
    302   3.020000000   0.540362125   1.528049269
    303   3.030000000   0.555642618   1.443937257
    304   3.040000000   0.570081991   1.357692748
    305   3.050000000   0.583658918   1.269451622
    306   3.060000000   0.596353434   1.179349910
    307   3.070000000   0.608146933   1.087523554
    308   3.080000000   0.619022169   0.994108219
    309   3.090000000   0.628963251   0.899239135
    310   3.100000000   0.637955642   0.803050986
    311   3.110000000   0.645986152   0.705677838
    312   3.120000000   0.653042931   0.607253098
    313   3.130000000   0.659115462   0.507909512
    314   3.140000000   0.664194557   0.407779196
    315   3.150000000   0.668272349   0.306993690
    316   3.160000000   0.671342286   0.205684039
    317   3.170000000   0.673399126   0.103980901
    318   3.180000000   0.674438935   0.002014665
    319   3.190000000   0.674459082  -0.100084412
    320   3.200000000   0.673458238  -0.202186063
    321   3.210000000   0.671436377  -0.304159854
    322   3.220000000   0.668394778  -0.405875036
    323   3.230000000   0.664336028  -0.507200398
    324   3.240000000   0.659264024  -0.608004116
    325   3.250000000   0.653183983  -0.708153633
    326   3.260000000   0.646102447  -0.807515534
    327   3.270000000   0.638027291  -0.905955457
    328   3.280000000   0.628967737  -1.003338016
    329   3.290000000   0.618934357  -1.099526757
    330   3.300000000   0.607939089  -1.194384148
    331   3.310000000   0.595995247  -1.287771591
    332   3.320000000   0.583117532  -1.379549486
    333   3.330000000   0.569322037  -1.469577322
    334   3.340000000   0.554626263  -1.557713820
    335   3.350000000   0.539049125  -1.643817110
    336   3.360000000   0.522610954  -1.727744960
    337   3.370000000   0.505333505  -1.809355049
    338   3.380000000   0.487239954  -1.888505283
    339   3.390000000   0.468354901  -1.965054155
    340   3.400000000   0.448704360  -2.038861154
    341   3.410000000   0.428315748  -2.109787211
    342   3.420000000   0.407217876  -2.177695184
    343   3.430000000   0.385440924  -2.242450380
    344   3.440000000   0.363016420  -2.303921107
    345   3.450000000   0.339977209  -2.361979251
    346   3.460000000   0.316357417  -2.416500878
    347   3.470000000   0.292192408  -2.467366842
    348   3.480000000   0.267518740  -2.514463409
    349   3.490000000   0.242374106  -2.557682877
    350   3.500000000   0.216797277  -2.596924187
    351   3.510000000   0.190828035  -2.632093524
    352   3.520000000   0.164507100  -2.663104890
    353   3.530000000   0.137876051  -2.689880648
    354   3.540000000   0.110977244  -2.712352028
    355   3.550000000   0.083853724  -2.730459586
    356   3.560000000   0.056549128  -2.744153608
    357   3.570000000   0.029107592  -2.753394464
    358   3.580000000   0.001573647  -2.758152883
    359   3.590000000  -0.026007881  -2.758410174
    360   3.600000000  -0.053591983  -2.754158365
    361   3.610000000  -0.081133567  -2.745400270
    362   3.620000000  -0.108587569  -2.732149480
    363   3.630000000  -0.135909064  -2.714430282
    364   3.640000000  -0.163053367  -2.692277496
    365   3.650000000  -0.189976142  -2.665736242
    366   3.660000000  -0.216633504  -2.634861644
    367   3.670000000  -0.242982121  -2.599718457
    368   3.680000000  -0.268979305  -2.560380649
    369   3.690000000  -0.294583112  -2.516930919
    370   3.700000000  -0.319752421  -2.469460175
    371   3.710000000  -0.344447023  -2.418066968
    372   3.720000000  -0.368627693  -2.362856904
    373   3.730000000  -0.392256262  -2.303942025
    374   3.740000000  -0.415295682  -2.241440180
    375   3.750000000  -0.437710084  -2.175474389
    376   3.760000000  -0.459464828  -2.106172209
    377   3.770000000  -0.480526550  -2.033665109
    378   3.780000000  -0.500863201  -1.958087862
    379   3.790000000  -0.520444079  -1.879577959
    380   3.800000000  -0.539239859  -1.798275055
    381   3.810000000  -0.557222609  -1.714320443
    382   3.820000000  -0.574365814  -1.627856576
    383   3.830000000  -0.590644380  -1.539026621
    384   3.840000000  -0.606034646  -1.447974068
    385   3.850000000  -0.620514387  -1.354842380
    386   3.860000000  -0.634062810  -1.259774695
    387   3.870000000  -0.646660557  -1.162913575
    388   3.880000000  -0.658289693  -1.064400810
    389   3.890000000  -0.668933701  -0.964377261
    390   3.900000000  -0.678577474  -0.862982761
    391   3.910000000  -0.687207301  -0.760356055
    392   3.920000000  -0.694810862  -0.656634787
    393   3.930000000  -0.701377210  -0.551955521
    394   3.940000000  -0.706896765  -0.446453807
    395   3.950000000  -0.711361303  -0.340264275
    396   3.960000000  -0.714763946  -0.233520761
    397   3.970000000  -0.717099153  -0.126356459
    398   3.980000000  -0.718362718  -0.018904091
    399   3.990000000  -0.718551759   0.088703903
    400   4.000000000  -0.717664720   0.196335166
    401   4.010000000  -0.715701368   0.303857213
    402   4.020000000  -0.712662796   0.411137224
    403   4.030000000  -0.708551424   0.518041833
    404   4.040000000  -0.703371006   0.624436931
    405   4.050000000  -0.697126636   0.730187473
    406   4.060000000  -0.689824762   0.835157312
    407   4.070000000  -0.681473188   0.939209042
    408   4.080000000  -0.672081098   1.042203881
    409   4.090000000  -0.661659059   1.144001573
    410   4.100000000  -0.650219043   1.244460330
    411   4.110000000  -0.637774440   1.343436816
    412   4.120000000  -0.624340072   1.440786163
    413   4.130000000  -0.609932210   1.536362045
    414   4.140000000  -0.594568590   1.630016790
    415   4.150000000  -0.578268422   1.721601548
    416   4.160000000  -0.561052407   1.810966514
    417   4.170000000  -0.542942741   1.897961196
    418   4.180000000  -0.523963129   1.982434742
    419   4.190000000  -0.504138782   2.064236327
    420   4.200000000  -0.483496419   2.143215582
    421   4.210000000  -0.462064263   2.219223078
    422   4.220000000  -0.439872032   2.292110863
    423   4.230000000  -0.416950923   2.361733035
    424   4.240000000  -0.393333593   2.427946363
    425   4.250000000  -0.369054130   2.490610937
    426   4.260000000  -0.344148020   2.549590850
    427   4.270000000  -0.318652112   2.604754896
    428   4.280000000  -0.292604563   2.655977290
    429   4.290000000  -0.266044790   2.703138384
    430   4.300000000  -0.239013406   2.746125386
    431   4.310000000  -0.211552152   2.784833061
    432   4.320000000  -0.183703821   2.819164416
    433   4.330000000  -0.155512177   2.849031340
    434   4.340000000  -0.127021864   2.874355220
    435   4.350000000  -0.098278312   2.895067492
    436   4.360000000  -0.069327637   2.911110142
    437   4.370000000  -0.040216535   2.922436133
    438   4.380000000  -0.010992174   2.929009764
    439   4.390000000   0.018297924   2.930806948
    440   4.400000000   0.047605993   2.927815405
    441   4.410000000   0.076884147   2.920034765
    442   4.420000000   0.106084495   2.907476587
    443   4.430000000   0.135159261   2.890164287
    444   4.440000000   0.164060903   2.868132969
    445   4.450000000   0.192742233   2.841429182
    446   4.460000000   0.221156525   2.810110583
    447   4.470000000   0.249257631   2.774245529
    448   4.480000000   0.277000086   2.733912597
    449   4.490000000   0.304339212   2.689200035
    450   4.500000000   0.331231212   2.640205164
    451   4.510000000   0.357633264   2.587033728
    452   4.520000000   0.383503601   2.529799207
    453   4.530000000   0.408801593   2.468622109
    454   4.540000000   0.433487814   2.403629231
    455   4.550000000   0.457524107   2.334952925
    456   4.560000000   0.480873636   2.262730362
    457   4.570000000   0.503500940   2.187102797
    458   4.580000000   0.525371968   2.108214872
    459   4.590000000   0.546454116   2.026213925
    460   4.600000000   0.566716256   1.941249352
    461   4.610000000   0.586128749   1.853471997
    462   4.620000000   0.604663469   1.763033594
    463   4.630000000   0.622293805   1.670086256
    464   4.640000000   0.638994668   1.574782023
    465   4.650000000   0.654742488   1.477272459
    466   4.660000000   0.669515212   1.377708316
    467   4.670000000   0.683292296   1.276239247
    468   4.680000000   0.696054688   1.173013586
    469   4.690000000   0.707784824   1.068178180
    470   4.700000000   0.718466606   0.961878284
    471   4.710000000   0.728085389   0.854257502
    472   4.720000000   0.736627964   0.745457785
    473   4.730000000   0.744082541   0.635619476
    474   4.740000000   0.750438736   0.524881398
    475   4.750000000   0.755687550   0.413380985
    476   4.760000000   0.759821360   0.301254446
    477   4.770000000   0.762833904   0.188636962
    478   4.780000000   0.764720274   0.075662911
    479   4.790000000   0.765476903  -0.037533891
    480   4.800000000   0.765101564  -0.150819927
    481   4.810000000   0.763593365  -0.264061704
    482   4.820000000   0.760952748  -0.377125485
    483   4.830000000   0.757181493  -0.489877001
    484   4.840000000   0.752282723  -0.602181187
    485   4.850000000   0.746260911  -0.713901918
    486   4.860000000   0.739121892  -0.824901766
    487   4.870000000   0.730872874  -0.935041775
    488   4.880000000   0.721522457  -1.044181266
    489   4.890000000   0.711080644  -1.152177676
    490   4.900000000   0.699558867  -1.258886426
    491   4.910000000   0.686970003  -1.364160843
    492   4.920000000   0.673328395  -1.467852117
    493   4.930000000   0.658649873  -1.569809312
    494   4.940000000   0.642951780  -1.669879439
    495   4.950000000   0.626252986  -1.767907572
    496   4.960000000   0.608573910  -1.863737038
    497   4.970000000   0.589936540  -1.957209658
    498   4.980000000   0.570364443  -2.048166064
    499   4.990000000   0.549882783  -2.136446064
    500   5.000000000   0.528518322  -2.221889086
    501   5.010000000   0.506299431  -2.304334678
    502   5.020000000   0.483256084  -2.383623065
    503   5.030000000   0.459419854  -2.459595768
    504   5.040000000   0.434823896  -2.532096277
    505   5.050000000   0.409502933  -2.600970765
    506   5.060000000   0.383493226  -2.666068848
    507   5.070000000   0.356832537  -2.727244373
    508   5.080000000   0.329560093  -2.784356240
    509   5.090000000   0.301716531  -2.837269226
    510   5.100000000   0.273343839  -2.885854826
    511   5.110000000   0.244485290  -2.929992082
    512   5.120000000   0.215185370  -2.969568394
    513   5.130000000   0.185489686  -3.004480308
    514   5.140000000   0.155444883  -3.034634260
    515   5.150000000   0.125098540  -3.059947270
    516   5.160000000   0.094499067  -3.080347574
    517   5.170000000   0.063695592  -3.095775186
    518   5.180000000   0.032737840  -3.106182375
    519   5.190000000   0.001676016  -3.111534056
    520   5.200000000  -0.029439325  -3.111808084
    521   5.210000000  -0.060557405  -3.106995450
    522   5.220000000  -0.091627360  -3.097100364
    523   5.230000000  -0.122598364  -3.082140245
    524   5.240000000  -0.153419766  -3.062145588
    525   5.250000000  -0.184041222  -3.037159744
    526   5.260000000  -0.214412819  -3.007238585
    527   5.270000000  -0.244485205  -2.972450080
    528   5.280000000  -0.274209706  -2.932873782
    529   5.290000000  -0.303538444  -2.888600229
    530   5.300000000  -0.332424446  -2.839730283
    531   5.310000000  -0.360821749  -2.786374396
    532   5.320000000  -0.388685493  -2.728651835
    533   5.330000000  -0.415972011  -2.666689866
    534   5.340000000  -0.442638910  -2.600622909
    535   5.350000000  -0.468645139  -2.530591684
    536   5.360000000  -0.493951056  -2.456742344
    537   5.370000000  -0.518518479  -2.379225629
    538   5.380000000  -0.542310736  -2.298196026
    539   5.390000000  -0.565292696  -2.213810969
    540   5.400000000  -0.587430806  -2.126230068
    541   5.410000000  -0.608693106  -2.035614389
    542   5.420000000  -0.629049250  -1.942125779
    543   5.430000000  -0.648470508  -1.845926260
    544   5.440000000  -0.666929771  -1.747177477
    545   5.450000000  -0.684401545  -1.646040211
    546   5.460000000  -0.700861947  -1.542673967
    547   5.470000000  -0.716288687  -1.437236626
    548   5.480000000  -0.730661053  -1.329884169
    549   5.490000000  -0.743959895  -1.220770468
    550   5.500000000  -0.756167600  -1.110047143
    551   5.510000000  -0.767268071  -0.997863494
    552   5.520000000  -0.777246706  -0.884366476
    553   5.530000000  -0.786090371  -0.769700754
    554   5.540000000  -0.793787378  -0.654008795
    555   5.550000000  -0.800327466  -0.537431023
    556   5.560000000  -0.805701777  -0.420106006
    557   5.570000000  -0.809902837  -0.302170697
    558   5.580000000  -0.812924544  -0.183760698
    559   5.590000000  -0.814762151  -0.065010559
    560   5.600000000  -0.815412256   0.053945901
    561   5.610000000  -0.814872797   0.172975256
    562   5.620000000  -0.813143045   0.291944126
    563   5.630000000  -0.810223603   0.410718818
    564   5.640000000  -0.806116415   0.529164976
    565   5.650000000  -0.800824765   0.647147229
    566   5.660000000  -0.794353293   0.764528860
    567   5.670000000  -0.786708004   0.881171489
    568   5.680000000  -0.777896290   0.996934782
    569   5.690000000  -0.767926942   1.111676189
    570   5.700000000  -0.756810180   1.225250724
    571   5.710000000  -0.744557673   1.337510780
    572   5.720000000  -0.731182565   1.448305999
    573   5.730000000  -0.716699505   1.557483187
    574   5.740000000  -0.701124673   1.664886296
    575   5.750000000  -0.684475810   1.770356464
    576   5.760000000  -0.666772245   1.873732115
    577   5.770000000  -0.648034924   1.974849144
    578   5.780000000  -0.628286433   2.073541156
    579   5.790000000  -0.607551021   2.169639799
    580   5.800000000  -0.585854623   2.262975155
    581   5.810000000  -0.563224872   2.353376216
    582   5.820000000  -0.539691109   2.440671437
    583   5.830000000  -0.515284395   2.524689350
    584   5.840000000  -0.490037502   2.605259262
    585   5.850000000  -0.463984909   2.682212004
    586   5.860000000  -0.437162789   2.755380750
    587   5.870000000  -0.409608981   2.824601873
    588   5.880000000  -0.381362963   2.889715860
    589   5.890000000  -0.352465804   2.950568248
    590   5.900000000  -0.322960122   3.007010585
    591   5.910000000  -0.292890016   3.058901403
    592   5.920000000  -0.262301002   3.106107183
    593   5.930000000  -0.231239930   3.148503310
    594   5.940000000  -0.199754897   3.185974997
    595   5.950000000  -0.167895147   3.218418156
    596   5.960000000  -0.135710965   3.245740226
    597   5.970000000  -0.103253563   3.267860922
    598   5.980000000  -0.070574954   3.284712898
    599   5.990000000  -0.037727825   3.296242326
    600   6.000000000  -0.004765402   3.302409363
    601   6.010000000   0.028258692   3.303188503
    602   6.020000000   0.061290577   3.298568822
    603   6.030000000   0.094276265   3.288554085
    604   6.040000000   0.127161806   3.273162739
    605   6.050000000   0.159893433   3.252427771
    606   6.060000000   0.192417711   3.226396445
    607   6.070000000   0.224681676   3.195129924
    608   6.080000000   0.256632975   3.158702770
    609   6.090000000   0.288220003   3.117202343
    610   6.100000000   0.319392026   3.070728105
    611   6.110000000   0.350099307   3.019390840
    612   6.120000000   0.380293215   2.963311796
    613   6.130000000   0.409926333   2.902621781
    614   6.140000000   0.438952551   2.837460203
    615   6.150000000   0.467327153   2.767974084
    616   6.160000000   0.495006894   2.694317065
    617   6.170000000   0.521950065   2.616648398
    618   6.180000000   0.548116549   2.535131959
    619   6.190000000   0.573467868   2.449935278
    620   6.200000000   0.597967221   2.361228615
    621   6.210000000   0.621579507   2.269184069
    622   6.220000000   0.644271348   2.173974755
    623   6.230000000   0.666011096   2.075774037
    624   6.240000000   0.686768836   1.974754832
    625   6.250000000   0.706516384   1.871088991
    626   6.260000000   0.725227274   1.764946756
    627   6.270000000   0.742876742   1.656496300
    628   6.280000000   0.759441705   1.545903347
    629   6.290000000   0.774900738   1.433330872
    630   6.300000000   0.789234047   1.318938889
    631   6.310000000   0.802423436   1.202884308
    632   6.320000000   0.814452279   1.085320874
    633   6.330000000   0.825305488   0.966399178
    634   6.340000000   0.834969479   0.846266729
    635   6.350000000   0.843432147   0.725068099
    636   6.360000000   0.850682828   0.602945116
    637   6.370000000   0.856712279   0.480037116
    638   6.380000000   0.861512650   0.356481239
    639   6.390000000   0.865077462   0.232412762
    640   6.400000000   0.867401590   0.107965472
    641   6.410000000   0.868481245  -0.016727940
    642   6.420000000   0.868313965  -0.141535456
    643   6.430000000   0.866898611  -0.266325302
    644   6.440000000   0.864235358  -0.390965506
    645   6.450000000   0.860325703  -0.515323453
    646   6.460000000   0.855172468  -0.639265449
    647   6.470000000   0.848779814  -0.762656297
    648   6.480000000   0.841153251  -0.885358885
    649   6.490000000   0.832299662  -1.007233808
    650   6.500000000   0.822227324  -1.128139018
    651   6.510000000   0.810945934  -1.247929507
    652   6.520000000   0.798466638  -1.366457045
    653   6.530000000   0.784802068  -1.483569960
    654   6.540000000   0.769966368  -1.599112983
    655   6.550000000   0.753975239  -1.712927147
    656   6.560000000   0.736845967  -1.824849764
    657   6.570000000   0.718597469  -1.934714474
    658   6.580000000   0.699250325  -2.042351362
    659   6.590000000   0.678826811  -2.147587176
    660   6.600000000   0.657350939  -2.250245614
    661   6.610000000   0.634848483  -2.350147705
    662   6.620000000   0.611347006  -2.447112284
    663   6.630000000   0.586875883  -2.540956544
    664   6.640000000   0.561466318  -2.631496689
    665   6.650000000   0.535151351  -2.718548663
    666   6.660000000   0.507965864  -2.801928960
    667   6.670000000   0.479946575  -2.881455516
    668   6.680000000   0.451132020  -2.956948663
    669   6.690000000   0.421562533  -3.028232142
    670   6.700000000   0.391280212  -3.095134165
    671   6.710000000   0.360328870  -3.157488517
    672   6.720000000   0.328753985  -3.215135674
    673   6.730000000   0.296602628  -3.267923937
    674   6.740000000   0.263923389  -3.315710552
    675   6.750000000   0.230766283  -3.358362812
    676   6.760000000   0.197182655  -3.395759114
    677   6.770000000   0.163225064  -3.427789967
    678   6.780000000   0.128947164  -3.454358920
    679   6.790000000   0.094403575  -3.475383405
    680   6.800000000   0.059649741  -3.490795473
    681   6.810000000   0.024741786  -3.500542424
    682   6.820000000  -0.010263638  -3.504587293
    683   6.830000000  -0.045309511  -3.502909218
    684   6.840000000  -0.080338603  -3.495503647
    685   6.850000000  -0.115293640  -3.482382411
    686   6.860000000  -0.150117464  -3.463573635
    687   6.870000000  -0.184753200  -3.439121511
    688   6.880000000  -0.219144415  -3.409085917
    689   6.890000000  -0.253235274  -3.373541903
    690   6.900000000  -0.286970693  -3.332579045
    691   6.910000000  -0.320296484  -3.286300680
    692   6.920000000  -0.353159491  -3.234823036
    693   6.930000000  -0.385507721  -3.178274267
    694   6.940000000  -0.417290464  -3.116793420
    695   6.950000000  -0.448458398  -3.050529337
    696   6.960000000  -0.478963691  -2.979639516
    697   6.970000000  -0.508760086  -2.904288951
    698   6.980000000  -0.537802976  -2.824648960
    699   6.990000000  -0.566049466  -2.740896028
    700   7.000000000  -0.593458426  -2.653210670
    701   7.010000000  -0.619990532  -2.561776330
    702   7.020000000  -0.645608296  -2.466778341
    703   7.030000000  -0.670276079  -2.368402939
    704   7.040000000  -0.693960109  -2.266836353
    705   7.050000000  -0.716628472  -2.162263976
    706   7.060000000  -0.738251112  -2.054869624
    707   7.070000000  -0.758799808  -1.944834879
    708   7.080000000  -0.778248157  -1.832338539
    709   7.090000000  -0.796571542  -1.717556155
    710   7.100000000  -0.813747104  -1.600659663
    711   7.110000000  -0.829753700  -1.481817120
    712   7.120000000  -0.844571872  -1.361192522
    713   7.130000000  -0.858183797  -1.238945717
    714   7.140000000  -0.870573254  -1.115232403
    715   7.150000000  -0.881725578  -0.990204205
    716   7.160000000  -0.891627620  -0.864008825
    717   7.170000000  -0.900267708  -0.736790266
    718   7.180000000  -0.907635611  -0.608689113
    719   7.190000000  -0.913722502  -0.479842872
    720   7.200000000  -0.918520931  -0.350386362
    721   7.210000000  -0.922024795  -0.220452144
    722   7.220000000  -0.924229316  -0.090170987
    723   7.230000000  -0.925131026   0.040327634
    724   7.240000000  -0.924727749   0.170915021
    725   7.250000000  -0.923018599   0.301462721
    726   7.260000000  -0.920003972   0.431841990
    727   7.270000000  -0.915685552   0.561923248
    728   7.280000000  -0.910066320   0.691575551
    729   7.290000000  -0.903150564   0.820666067
    730   7.300000000  -0.894943904   0.949059583
    731   7.310000000  -0.885453308   1.076618030
    732   7.320000000  -0.874687127   1.203200054
    733   7.330000000  -0.862655127   1.328660621
    734   7.340000000  -0.849368521   1.452850674
    735   7.350000000  -0.834840014   1.575616855
    736   7.360000000  -0.819083845   1.696801277
    737   7.370000000  -0.802115833   1.816241379
    738   7.380000000  -0.783953419   1.933769855
    739   7.390000000  -0.764615720   2.049214663
    740   7.400000000  -0.744123574   2.162399130
    741   7.410000000  -0.722499582   2.273142143
    742   7.420000000  -0.699768161   2.381258449
    743   7.430000000  -0.675955576   2.486559046
    744   7.440000000  -0.651089986   2.588851686
    745   7.450000000  -0.625201469   2.687941477
    746   7.460000000  -0.598322054   2.783631592
    747   7.470000000  -0.570485738   2.875724081
    748   7.480000000  -0.541728498   2.964020773
    749   7.490000000  -0.512088290   3.048324278
    750   7.500000000  -0.481605047   3.128439070
    751   7.510000000  -0.450320656   3.204172637
    752   7.520000000  -0.418278930   3.275336706
    753   7.530000000  -0.385525563   3.341748503
    754   7.540000000  -0.352108078   3.403232053
    755   7.550000000  -0.318075757   3.459619494
    756   7.560000000  -0.283479562   3.510752389
    757   7.570000000  -0.248372039   3.556483016
    758   7.580000000  -0.212807208   3.596675613
    759   7.590000000  -0.176840452   3.631207566
    760   7.600000000  -0.140528377   3.659970517
    761   7.610000000  -0.103928671   3.682871357
    762   7.620000000  -0.067099958   3.699833122
    763   7.630000000  -0.030101627   3.710795734
    764   7.640000000   0.007006331   3.715716607
    765   7.650000000   0.044163497   3.714571081
    766   7.660000000   0.081309208   3.707352696
    767   7.670000000   0.118382735   3.694073284
    768   7.680000000   0.155323467   3.674762885
    769   7.690000000   0.192071096   3.649469488
    770   7.700000000   0.228565791   3.618258594
    771   7.710000000   0.264748377   3.581212626
    772   7.720000000   0.300560503   3.538430166
    773   7.730000000   0.335944805   3.490025070
    774   7.740000000   0.370845056   3.436125447
    775   7.750000000   0.405206310   3.376872528
    776   7.760000000   0.438975035   3.312419459
    777   7.770000000   0.472099230   3.242930013
    778   7.780000000   0.504528530   3.168577261
    779   7.790000000   0.536214303   3.089542217
    780   7.800000000   0.567109725   3.006012472
    781   7.810000000   0.597169850   2.918180848
    782   7.820000000   0.626351658   2.826244080
    783   7.830000000   0.654614099   2.730401544
    784   7.840000000   0.681918114   2.630854052
    785   7.850000000   0.708226655   2.527802726
    786   7.860000000   0.733504682   2.421447953
    787   7.870000000   0.757719162   2.311988442
    788   7.880000000   0.780839046   2.199620382
    789   7.890000000   0.802835250   2.084536711
    790   7.900000000   0.823680617   1.966926495
    791   7.910000000   0.843349882   1.846974415
    792   7.920000000   0.861819626   1.724860375
    793   7.930000000   0.879068230   1.600759215
    794   7.940000000   0.895075822   1.474840530
    795   7.950000000   0.909824227   1.347268591
    796   7.960000000   0.923296913   1.218202370
    797   7.970000000   0.935478937   1.087795648
    798   7.980000000   0.946356893   0.956197214
    799   7.990000000   0.955918866   0.823551139
    800   8.000000000   0.964154377   0.689997122
    801   8.010000000   0.971054348   0.555670900
    802   8.020000000   0.976611057   0.420704711
    803   8.030000000   0.980818104   0.285227812
    804   8.040000000   0.983670382   0.149367030
    805   8.050000000   0.985164053   0.013247352
    806   8.060000000   0.985296526  -0.123007463
    807   8.070000000   0.984066452  -0.259274247
    808   8.080000000   0.981473709  -0.395429788
    809   8.090000000   0.977519411  -0.531350176
    810   8.100000000   0.972205909  -0.666910164
    811   8.110000000   0.965536808  -0.801982534
    812   8.120000000   0.957516982  -0.936437489
    813   8.130000000   0.948152608  -1.070142064
    814   8.140000000   0.937451187  -1.202959576
    815   8.150000000   0.925421591  -1.334749114
    816   8.160000000   0.912074100  -1.465365081
    817   8.170000000   0.897420449  -1.594656796
    818   8.180000000   0.881473881  -1.722468151
    819   8.190000000   0.864249200  -1.848637362
    820   8.200000000   0.845762826  -1.972996778
    821   8.210000000   0.826032858  -2.095372801
    822   8.220000000   0.805079130  -2.215585889
    823   8.230000000   0.782923271  -2.333450666
    824   8.240000000   0.759588765  -2.448776144
    825   8.250000000   0.735101003  -2.561366055
    826   8.260000000   0.709487343  -2.671019305
    827   8.270000000   0.682777150  -2.777530547
    828   8.280000000   0.655001844  -2.880690877
    829   8.290000000   0.626194936  -2.980288653
    830   8.300000000   0.596392049  -3.076110428
    831   8.310000000   0.565630945  -3.167942007
    832   8.320000000   0.533951525  -3.255569603
    833   8.330000000   0.501395829  -3.338781095
    834   8.340000000   0.468008018  -3.417367374
    835   8.350000000   0.433834344  -3.491123761
    836   8.360000000   0.398923106  -3.559851479
    837   8.370000000   0.363324592  -3.623359168
    838   8.380000000   0.327091000  -3.681464412
    839   8.390000000   0.290276356  -3.733995266
    840   8.400000000   0.252936403  -3.780791750
    841   8.410000000   0.215128486  -3.821707299
    842   8.420000000   0.176911413  -3.856610127
    843   8.430000000   0.138345311  -3.885384498
    844   8.440000000   0.099491466  -3.907931872
    845   8.450000000   0.060412148  -3.924171903
    846   8.460000000   0.021170429  -3.934043282
    847   8.470000000  -0.018170004  -3.937504389
    848   8.480000000  -0.057545048  -3.934533757
    849   8.490000000  -0.096890386  -3.925130333
    850   8.500000000  -0.136141689  -3.909313529
    851   8.510000000  -0.175234824  -3.887123060
    852   8.520000000  -0.214106055  -3.858618573
    853   8.530000000  -0.252692241  -3.823879077
    854   8.540000000  -0.290931031  -3.783002180
    855   8.550000000  -0.328761053  -3.736103144
    856   8.560000000  -0.366122085  -3.683313787
    857   8.570000000  -0.402955223  -3.624781239
    858   8.580000000  -0.439203035  -3.560666582
    859   8.590000000  -0.474809701  -3.491143394
    860   8.600000000  -0.509721135  -3.416396229
    861   8.610000000  -0.543885097  -3.336619044
    862   8.620000000  -0.577251287  -3.252013617
    863   8.630000000  -0.609771424  -3.162787960
    864   8.640000000  -0.641399303  -3.069154765
    865   8.650000000  -0.672090851  -2.971329898
    866   8.660000000  -0.701804150  -2.869530958
    867   8.670000000  -0.730499459  -2.763975926
    868   8.680000000  -0.758139219  -2.654881902
    869   8.690000000  -0.784688038  -2.542463963
    870   8.700000000  -0.810112677  -2.426934133
    871   8.710000000  -0.834382019  -2.308500478
    872   8.720000000  -0.857467023  -2.187366337
    873   8.730000000  -0.879340687  -2.063729677
    874   8.740000000  -0.899977984  -1.937782581
    875   8.750000000  -0.919355809  -1.809710869
    876   8.760000000  -0.937452918  -1.679693839
    877   8.770000000  -0.954249856  -1.547904134
    878   8.780000000  -0.969728898  -1.414507717
    879   8.790000000  -0.983873975  -1.279663965
    880   8.800000000  -0.996670615  -1.143525850
    881   8.810000000  -1.008105873  -1.006240222
    882   8.820000000  -1.018168275  -0.867948175
    883   8.830000000  -1.026847757  -0.728785489
    884   8.840000000  -1.034135612  -0.588883133
    885   8.850000000  -1.040024443  -0.448367842
    886   8.860000000  -1.044508122  -0.307362728
    887   8.870000000  -1.047581749  -0.165987947
    888   8.880000000  -1.049241628  -0.024361395
    889   8.890000000  -1.049485242   0.117400565
    890   8.900000000  -1.048311237   0.259182367
    891   8.910000000  -1.045719413   0.400868476
    892   8.920000000  -1.041710728   0.542342638
    893   8.930000000  -1.036287302   0.683487114
    894   8.940000000  -1.029452431   0.824181945
    895   8.950000000  -1.021210611   0.964304219
    896   8.960000000  -1.011567569   1.103727370
    897   8.970000000  -1.000530295   1.242320521
    898   8.980000000  -0.988107090   1.379947854
    899   8.990000000  -0.974307612   1.516468042
    900   9.000000000  -0.959142931   1.651733741
    901   9.010000000  -0.942625594   1.785591146
    902   9.020000000  -0.924769682   1.917879627
    903   9.030000000  -0.905590886   2.048431455
    904   9.040000000  -0.885106572   2.177071620
    905   9.050000000  -0.863335855   2.303617754
    906   9.060000000  -0.840299678   2.427880171
    907   9.070000000  -0.816020876   2.549662019
    908   9.080000000  -0.790524256   2.668759573
    909   9.090000000  -0.763836660   2.784962648
    910   9.100000000  -0.735987034   2.898055159
    911   9.110000000  -0.707006482   3.007815822
    912   9.120000000  -0.676928324   3.114018994
    913   9.130000000  -0.645788134   3.216435657
    914   9.140000000  -0.613623777   3.314834543
    915   9.150000000  -0.580475432   3.408983388
    916   9.160000000  -0.546385598   3.498650313
    917   9.170000000  -0.511399095   3.583605314
    918   9.180000000  -0.475563042   3.663621858
    919   9.190000000  -0.438926823   3.738478548
    920   9.200000000  -0.401542038   3.807960859
    921   9.210000000  -0.363462429   3.871862903
    922   9.220000000  -0.324743800   3.929989212
    923   9.230000000  -0.285443908   3.982156501
    924   9.240000000  -0.245622343   4.028195391
    925   9.250000000  -0.205340389   4.067952056
    926   9.260000000  -0.164660869   4.101289773
    927   9.270000000  -0.123647971   4.128090333
    928   9.280000000  -0.082367067   4.148255301
    929   9.290000000  -0.040884514   4.161707095
    930   9.300000000   0.000732556   4.168389851
    931   9.310000000   0.042416455   4.168270078
    932   9.320000000   0.084099156   4.161337067
    933   9.330000000   0.125712526   4.147603057
    934   9.340000000   0.167188557   4.127103155
    935   9.350000000   0.208459589   4.099894994
    936   9.360000000   0.249458539   4.066058165
    937   9.370000000   0.290119120   4.025693400
    938   9.380000000   0.330376054   3.978921549
    939   9.390000000   0.370165270   3.925882350
    940   9.400000000   0.409424093   3.866733035
    941   9.410000000   0.448091423   3.801646777
    942   9.420000000   0.486107891   3.730811028
    943   9.430000000   0.523416002   3.654425758
    944   9.440000000   0.559960259   3.572701640
    945   9.450000000   0.595687276   3.485858201
    946   9.460000000   0.630545858   3.394121983
    947   9.470000000   0.664487077   3.297724715
    948   9.480000000   0.697464325   3.196901553
    949   9.490000000   0.729433340   3.091889390
    950   9.500000000   0.760352234   2.982925262
    951   9.510000000   0.790181487   2.870244869
    952   9.520000000   0.818883935   2.754081226
    953   9.530000000   0.846424748   2.634663446
    954   9.540000000   0.872771382   2.512215680
    955   9.550000000   0.897893539   2.386956195
    956   9.560000000   0.921763101   2.259096615
    957   9.570000000   0.944354067   2.128841315
    958   9.580000000   0.965642480   1.996386954
    959   9.590000000   0.985606350   1.861922169
    960   9.600000000   1.004225571   1.725627398
    961   9.610000000   1.021481845   1.587674837
    962   9.620000000   1.037358594   1.448228526
    963   9.630000000   1.051840879   1.307444548
    964   9.640000000   1.064915324   1.165471330
    965   9.650000000   1.076570038   1.022450048
    966   9.660000000   1.086794538   0.878515115
    967   9.670000000   1.095579689   0.733794744
    968   9.680000000   1.102917637   0.588411587
    969   9.690000000   1.108801753   0.442483423
    970   9.700000000   1.113226587   0.296123909
    971   9.710000000   1.116187826   0.149443356
    972   9.720000000   1.117682259   0.002549559
    973   9.730000000   1.117707755  -0.144451366
    974   9.740000000   1.116263241  -0.291454115
    975   9.750000000   1.113348700  -0.438353326
    976   9.760000000   1.108965167  -0.585042698
    977   9.770000000   1.103114740  -0.731414120
    978   9.780000000   1.095800599  -0.877356814
    979   9.790000000   1.087027031  -1.022756494
    980   9.800000000   1.076799466  -1.167494549
    981   9.810000000   1.065124520  -1.311447272
    982   9.820000000   1.052010048  -1.454485125
    983   9.830000000   1.037465196  -1.596472059
    984   9.840000000   1.021500476  -1.737264899
    985   9.850000000   1.004127827  -1.876712800
    986   9.860000000   0.985360699  -2.014656782
    987   9.870000000   0.965214131  -2.150929365
    988   9.880000000   0.943704837  -2.285354295
    989   9.890000000   0.920851294  -2.417746396
    990   9.900000000   0.896673830  -2.547911536
    991   9.910000000   0.871194715  -2.675646729
    992   9.920000000   0.844438248  -2.800740379
    993   9.930000000   0.816430844  -2.922972675
    994   9.940000000   0.787201117  -3.042116142
    995   9.950000000   0.756779956  -3.157936356
    996   9.960000000   0.725200592  -3.270192819
    997   9.970000000   0.692498664  -3.378640010
    998   9.980000000   0.658712264  -3.483028593
    999   9.990000000   0.623881978  -3.583106786
   1000  10.000000000   0.588050910  -3.678621889
