# Giai phuong trinh vi phan
######################################################################
#      i             x         theta         omega
      0   0.000000000   0.785398163   0.000000000
      1   0.010000000   0.784820159  -0.115589677
      2   0.020000000   0.783086816  -0.231045616
      3   0.030000000   0.780200140  -0.346233770
      4   0.040000000   0.776163482  -0.461019487
      5   0.050000000   0.770981543  -0.575267213
      6   0.060000000   0.764660386  -0.688840224
      7   0.070000000   0.757207448  -0.801600373
      8   0.080000000   0.748631554  -0.913407869
      9   0.090000000   0.738942938  -1.024121087
     10   0.100000000   0.728153259  -1.133596418
     11   0.110000000   0.716275622  -1.241688159
     12   0.120000000   0.703324600  -1.348248460
     13   0.130000000   0.689316257  -1.453127307
     14   0.140000000   0.674268166  -1.556172577
     15   0.150000000   0.658199431  -1.657230146
     16   0.160000000   0.641130709  -1.756144053
     17   0.170000000   0.623084221  -1.852756736
     18   0.180000000   0.604083775  -1.946909334
     19   0.190000000   0.584154768  -2.038442046
     20   0.200000000   0.563324202  -2.127194561
     21   0.210000000   0.541620679  -2.213006556
     22   0.220000000   0.519074405  -2.295718249
     23   0.230000000   0.495717178  -2.375171009
     24   0.240000000   0.471582372  -2.451208029
     25   0.250000000   0.446704919  -2.523675040
     26   0.260000000   0.421121276  -2.592421064
     27   0.270000000   0.394869392  -2.657299211
     28   0.280000000   0.367988660  -2.718167489
     29   0.290000000   0.340519864  -2.774889637
     30   0.300000000   0.312505121  -2.827335964
     31   0.310000000   0.283987807  -2.875384175
     32   0.320000000   0.255012481  -2.918920188
     33   0.330000000   0.225624797  -2.957838920
     34   0.340000000   0.195871414  -2.992045027
     35   0.350000000   0.165799891  -3.021453607
     36   0.360000000   0.135458582  -3.045990826
     37   0.370000000   0.104896522  -3.065594482
     38   0.380000000   0.074163308  -3.080214483
     39   0.390000000   0.043308973  -3.089813246
     40   0.400000000   0.012383866  -3.094365986
     41   0.410000000  -0.018561484  -3.093860918
     42   0.420000000  -0.049476495  -3.088299350
     43   0.430000000  -0.080310661  -3.077695673
     44   0.440000000  -0.111013690  -3.062077247
     45   0.450000000  -0.141535621  -3.041484180
     46   0.460000000  -0.171826963  -3.015969016
     47   0.470000000  -0.201838807  -2.985596318
     48   0.480000000  -0.231522949  -2.950442180
     49   0.490000000  -0.260832000  -2.910593641
     50   0.500000000  -0.289719496  -2.866148045
     51   0.510000000  -0.318139992  -2.817212335
     52   0.520000000  -0.346049159  -2.763902295
     53   0.530000000  -0.373403868  -2.706341763
     54   0.540000000  -0.400162262  -2.644661809
     55   0.550000000  -0.426283829  -2.578999903
     56   0.560000000  -0.451729462  -2.509499083
     57   0.570000000  -0.476461506  -2.436307119
     58   0.580000000  -0.500443805  -2.359575708
     59   0.590000000  -0.523641737  -2.279459686
     60   0.600000000  -0.546022240  -2.196116279
     61   0.610000000  -0.567553833  -2.109704399
     62   0.620000000  -0.588206632  -2.020383984
     63   0.630000000  -0.607952352  -1.928315398
     64   0.640000000  -0.626764313  -1.833658885
     65   0.650000000  -0.644617435  -1.736574093
     66   0.660000000  -0.661488229  -1.637219650
     67   0.670000000  -0.677354787  -1.535752819
     68   0.680000000  -0.692196763  -1.432329212
     69   0.690000000  -0.705995361  -1.327102565
     70   0.700000000  -0.718733310  -1.220224586
     71   0.710000000  -0.730394846  -1.111844858
     72   0.720000000  -0.740965692  -1.002110803
     73   0.730000000  -0.750433032  -0.891167697
     74   0.740000000  -0.758785494  -0.779158744
     75   0.750000000  -0.766013125  -0.666225189
     76   0.760000000  -0.772107380  -0.552506479
     77   0.770000000  -0.777061097  -0.438140457
     78   0.780000000  -0.780868487  -0.323263594
     79   0.790000000  -0.783525118  -0.208011240
     80   0.800000000  -0.785027908  -0.092517904
     81   0.810000000  -0.785375119   0.023082454
     82   0.820000000  -0.784566348   0.138656119
     83   0.830000000  -0.782602531   0.254069318
     84   0.840000000  -0.779485944   0.369187907
     85   0.850000000  -0.775220205   0.483877074
     86   0.860000000  -0.769810286   0.598001055
     87   0.870000000  -0.763262524   0.711422859
     88   0.880000000  -0.755584631   0.824004030
     89   0.890000000  -0.746785712   0.935604424
     90   0.900000000  -0.736876285   1.046082029
     91   0.910000000  -0.725868294   1.155292827
     92   0.920000000  -0.713775138   1.263090689
     93   0.930000000  -0.700611685   1.369327331
     94   0.940000000  -0.686394297   1.473852313
     95   0.950000000  -0.671140852   1.576513102
     96   0.960000000  -0.654870764   1.677155191
     97   0.970000000  -0.637604999   1.775622279
     98   0.980000000  -0.619366095   1.871756520
     99   0.990000000  -0.600178175   1.965398832
    100   1.000000000  -0.580066958   2.056389276
    101   1.010000000  -0.559059764   2.144567499
    102   1.020000000  -0.537185517   2.229773238
    103   1.030000000  -0.514474740   2.311846890
    104   1.040000000  -0.490959548   2.390630135
    105   1.050000000  -0.466673628   2.465966613
    106   1.060000000  -0.441652219   2.537702649
    107   1.070000000  -0.415932079   2.605688020
    108   1.080000000  -0.389551449   2.669776745
    109   1.090000000  -0.362550004   2.729827912
    110   1.100000000  -0.334968801   2.785706504
    111   1.110000000  -0.306850212   2.837284240
    112   1.120000000  -0.278237857   2.884440401
    113   1.130000000  -0.249176519   2.927062641
    114   1.140000000  -0.219712063   2.965047762
    115   1.150000000  -0.189891335   2.998302453
    116   1.160000000  -0.159762061   3.026743971
    117   1.170000000  -0.129372740   3.050300763
    118   1.180000000  -0.098772530   3.068913009
    119   1.190000000  -0.068011124   3.082533087
    120   1.200000000  -0.037138629   3.091125948
    121   1.210000000  -0.006205439   3.094669389
    122   1.220000000   0.024737894   3.093154237
    123   1.230000000   0.055640794   3.086584414
    124   1.240000000   0.086452787   3.074976916
    125   1.250000000   0.117123637   3.058361665
    126   1.260000000   0.147603467   3.036781283
    127   1.270000000   0.177842892   3.010290748
    128   1.280000000   0.207793135   2.978956969
    129   1.290000000   0.237406146   2.942858272
    130   1.300000000   0.266634713   2.902083808
    131   1.310000000   0.295432565   2.856732895
    132   1.320000000   0.323754476   2.806914304
    133   1.330000000   0.351556349   2.752745491
    134   1.340000000   0.378795301   2.694351802
    135   1.350000000   0.405429741   2.631865654
    136   1.360000000   0.431419433   2.565425695
    137   1.370000000   0.456725555   2.495175972
    138   1.380000000   0.481310747   2.421265104
    139   1.390000000   0.505139160   2.343845477
    140   1.400000000   0.528176478   2.263072462
    141   1.410000000   0.550389955   2.179103678
    142   1.420000000   0.571748429   2.092098291
    143   1.430000000   0.592222332   2.002216371
    144   1.440000000   0.611783702   1.909618299
    145   1.450000000   0.630406178   1.814464237
    146   1.460000000   0.648064998   1.716913660
    147   1.470000000   0.664736990   1.617124951
    148   1.480000000   0.680400560   1.515255063
    149   1.490000000   0.695035672   1.411459247
    150   1.500000000   0.708623836   1.305890848
    151   1.510000000   0.721148084   1.198701154
    152   1.520000000   0.732592952   1.090039317
    153   1.530000000   0.742944454   0.980052328
    154   1.540000000   0.752190064   0.868885043
    155   1.550000000   0.760318696   0.756680262
    156   1.560000000   0.767320681   0.643578859
    157   1.570000000   0.773187748   0.529719944
    158   1.580000000   0.777913013   0.415241066
    159   1.590000000   0.781490957   0.300278450
    160   1.600000000   0.783917420   0.184967258
    161   1.610000000   0.785189588   0.069441864
    162   1.620000000   0.785305990  -0.046163845
    163   1.630000000   0.784266490  -0.161716168
    164   1.640000000   0.782072290  -0.277081280
    165   1.650000000   0.778725935  -0.392124930
    166   1.660000000   0.774231313  -0.506712136
    167   1.670000000   0.768593667  -0.620706912
    168   1.680000000   0.761819607  -0.733971992
    169   1.690000000   0.753917122  -0.846368599
    170   1.700000000   0.744895598  -0.957756229
    171   1.710000000   0.734765836  -1.067992481
    172   1.720000000   0.723540068  -1.176932921
    173   1.730000000   0.711231985  -1.284430993
    174   1.740000000   0.697856752  -1.390337979
    175   1.750000000   0.683431032  -1.494503015
    176   1.760000000   0.667973008  -1.596773164
    177   1.770000000   0.651502401  -1.696993541
    178   1.780000000   0.634040492  -1.795007518
    179   1.790000000   0.615610133  -1.890656973
    180   1.800000000   0.596235765  -1.983782622
    181   1.810000000   0.575943427  -2.074224405
    182   1.820000000   0.554760759  -2.161821945
    183   1.830000000   0.532717004  -2.246415064
    184   1.840000000   0.509843004  -2.327844363
    185   1.850000000   0.486171190  -2.405951857
    186   1.860000000   0.461735560  -2.480581664
    187   1.870000000   0.436571660  -2.551580735
    188   1.880000000   0.410716548  -2.618799630
    189   1.890000000   0.384208753  -2.682093314
    190   1.900000000   0.357088233  -2.741321984
    191   1.910000000   0.329396311  -2.796351903
    192   1.920000000   0.301175616  -2.847056234
    193   1.930000000   0.272470004  -2.893315865
    194   1.940000000   0.243324485  -2.935020215
    195   1.950000000   0.213785124  -2.972068004
    196   1.960000000   0.183898953  -3.004367977
    197   1.970000000   0.153713862  -3.031839579
    198   1.980000000   0.123278490  -3.054413558
    199   1.990000000   0.092642110  -3.072032495
    200   2.000000000   0.061854510  -3.084651252
    201   2.010000000   0.030965864  -3.092237325
    202   2.020000000   0.000026608  -3.094771102
    203   2.030000000  -0.030912692  -3.092246022
    204   2.040000000  -0.061801469  -3.084668623
    205   2.050000000  -0.092589286  -3.072058495
    206   2.060000000  -0.123225968  -3.054448121
    207   2.070000000  -0.153661728  -3.031882616
    208   2.080000000  -0.183847292  -3.004419379
    209   2.090000000  -0.213734018  -2.972127643
    210   2.100000000  -0.243274016  -2.935087942
    211   2.110000000  -0.272420252  -2.893391515
    212   2.120000000  -0.301126659  -2.847139624
    213   2.130000000  -0.329348226  -2.796442836
    214   2.140000000  -0.357041094  -2.741420248
    215   2.150000000  -0.384162633  -2.682198685
    216   2.160000000  -0.410671516  -2.618911872
    217   2.170000000  -0.436527784  -2.551699603
    218   2.180000000  -0.461692905  -2.480706905
    219   2.190000000  -0.486129817  -2.406083211
    220   2.200000000  -0.509802975  -2.327981564
    221   2.210000000  -0.532678374  -2.246557842
    222   2.220000000  -0.554723584  -2.161970026
    223   2.230000000  -0.575907758  -2.074377515
    224   2.240000000  -0.596201652  -1.983940485
    225   2.250000000  -0.615577620  -1.890819313
    226   2.260000000  -0.634009624  -1.795174061
    227   2.270000000  -0.651473219  -1.697164014
    228   2.280000000  -0.667945548  -1.596947295
    229   2.290000000  -0.683405331  -1.494680538
    230   2.300000000  -0.697832842  -1.390518628
    231   2.310000000  -0.711209896  -1.284614508
    232   2.320000000  -0.723519828  -1.177119044
    233   2.330000000  -0.734747468  -1.068180958
    234   2.340000000  -0.744879127  -0.957946809
    235   2.350000000  -0.753902566  -0.846561036
    236   2.360000000  -0.761806983  -0.734166043
    237   2.370000000  -0.768582991  -0.620902337
    238   2.380000000  -0.774222597  -0.506908698
    239   2.390000000  -0.778719190  -0.392322393
    240   2.400000000  -0.782067523  -0.277279413
    241   2.410000000  -0.784263705  -0.161914738
    242   2.420000000  -0.785305193  -0.046362622
    243   2.430000000  -0.785190779   0.069243110
    244   2.440000000  -0.783920597   0.184768756
    245   2.450000000  -0.781496117   0.300080432
    246   2.460000000  -0.777920150   0.415043762
    247   2.470000000  -0.773196854   0.529523588
    248   2.480000000  -0.767331744   0.643383687
    249   2.490000000  -0.760331704   0.756486512
    250   2.500000000  -0.752205001   0.868692954
    251   2.510000000  -0.742961302   0.979862145
    252   2.520000000  -0.732611692   1.089851287
    253   2.530000000  -0.721168693   1.198515528
    254   2.540000000  -0.708646287   1.305707880
    255   2.550000000  -0.695059939   1.411279196
    256   2.560000000  -0.680426611   1.515078190
    257   2.570000000  -0.664764794   1.616951523
    258   2.580000000  -0.648094517   1.716743945
    259   2.590000000  -0.630437375   1.814298506
    260   2.600000000  -0.611816535   1.909456824
    261   2.610000000  -0.592256757   2.002059428
    262   2.620000000  -0.571784400   2.091946156
    263   2.630000000  -0.550427422   2.178956626
    264   2.640000000  -0.528215389   2.262930769
    265   2.650000000  -0.505179460   2.343709414
    266   2.660000000  -0.481352379   2.421134941
    267   2.670000000  -0.456768457   2.495051973
    268   2.680000000  -0.431463543   2.565308120
    269   2.690000000  -0.405474994   2.631754755
    270   2.700000000  -0.378841628   2.694247822
    271   2.710000000  -0.351603680   2.752648663
    272   2.720000000  -0.323802739   2.806824850
    273   2.730000000  -0.295481685   2.856651025
    274   2.740000000  -0.266684613   2.902009715
    275   2.750000000  -0.237456747   2.942792136
    276   2.760000000  -0.207844358   2.978898952
    277   2.770000000  -0.177894654   3.010240995
    278   2.780000000  -0.147655684   3.036739918
    279   2.790000000  -0.117176225   3.058328794
    280   2.800000000  -0.086505661   3.074952622
    281   2.810000000  -0.055693868   3.086568760
    282   2.820000000  -0.024791081   3.093147263
    283   2.830000000   0.006152226   3.094671114
    284   2.840000000   0.037085476   3.091136367
    285   2.850000000   0.067958119   3.082552173
    286   2.860000000   0.098719759   3.068940712
    287   2.870000000   0.129320289   3.050337013
    288   2.880000000   0.159710015   3.026788675
    289   2.890000000   0.189839777   2.998355498
    290   2.900000000   0.219661078   2.965109016
    291   2.910000000   0.249126187   2.927131952
    292   2.920000000   0.278188257   2.884517599
    293   2.930000000   0.306801423   2.837369140
    294   2.940000000   0.334920898   2.785798906
    295   2.950000000   0.362503062   2.729927601
    296   2.960000000   0.389505539   2.669883496
    297   2.970000000   0.415887271   2.605801594
    298   2.980000000   0.441608579   2.537822800
    299   2.990000000   0.466631222   2.466093085
    300   3.000000000   0.490918438   2.390762667
    301   3.010000000   0.514434984   2.311985216
    302   3.020000000   0.537147172   2.229917086
    303   3.030000000   0.559022884   2.144716596
    304   3.040000000   0.580031594   2.056543347
    305   3.050000000   0.600144375   1.965557601
    306   3.060000000   0.619333905   1.871919712
    307   3.070000000   0.637574462   1.775789620
    308   3.080000000   0.654841920   1.677326408
    309   3.090000000   0.671113739   1.576687924
    310   3.100000000   0.686368949   1.474030473
    311   3.110000000   0.700588134   1.369508566
    312   3.120000000   0.713753414   1.263274738
    313   3.130000000   0.725848423   1.155479433
    314   3.140000000   0.736858292   1.046270939
    315   3.150000000   0.746769619   0.935795388
    316   3.160000000   0.755570456   0.824196803
    317   3.170000000   0.763250285   0.711617199
    318   3.180000000   0.769799997   0.598196720
    319   3.190000000   0.775211878   0.484073830
    320   3.200000000   0.779479589   0.369385518
    321   3.210000000   0.782598156   0.254267552
    322   3.220000000   0.784563957   0.138854746
    323   3.230000000   0.785374715   0.023281241
    324   3.240000000   0.785029492  -0.092319185
    325   3.250000000   0.783528688  -0.207812819
    326   3.260000000   0.780874039  -0.323065702
    327   3.270000000   0.777068624  -0.437943326
    328   3.280000000   0.772116874  -0.552310342
    329   3.290000000   0.766024574  -0.666030283
    330   3.300000000   0.758798885  -0.778965306
    331   3.310000000   0.750448349  -0.890975969
    332   3.320000000   0.740982917  -1.001921030
    333   3.330000000   0.730413958  -1.111657287
    334   3.340000000   0.718754285  -1.220039469
    335   3.350000000   0.706018174  -1.326920157
    336   3.360000000   0.692221385  -1.432149772
    337   3.370000000   0.677381187  -1.535576611
    338   3.380000000   0.661516375  -1.637046938
    339   3.390000000   0.644647289  -1.736405147
    340   3.400000000   0.626795837  -1.833493978
    341   3.410000000   0.607985503  -1.928154802
    342   3.420000000   0.588241366  -2.020227975
    343   3.430000000   0.567590104  -2.109553252
    344   3.440000000   0.546059996  -2.195970270
    345   3.450000000   0.523680926  -2.279319089
    346   3.460000000   0.500484372  -2.359440795
    347   3.470000000   0.476503393  -2.436178159
    348   3.480000000   0.451772608  -2.509376340
    349   3.490000000   0.426328170  -2.578883634
    350   3.500000000   0.400207732  -2.644552264
    351   3.510000000   0.373450399  -2.706239185
    352   3.520000000   0.346096681  -2.763806914
    353   3.530000000   0.318188430  -2.817124370
    354   3.540000000   0.289768776  -2.866067703
    355   3.550000000   0.260882045  -2.910521113
    356   3.560000000   0.231573679  -2.950377643
    357   3.570000000   0.201890142  -2.985539930
    358   3.580000000   0.171878820  -3.015920917
    359   3.590000000   0.141587917  -3.041444493
    360   3.600000000   0.111066340  -3.062046071
    361   3.610000000   0.080363581  -3.077673088
    362   3.620000000   0.049529597  -3.088285414
    363   3.630000000   0.018614682  -3.093855668
    364   3.640000000  -0.012330659  -3.094369435
    365   3.650000000  -0.043255844  -3.089825386
    366   3.660000000  -0.074110343  -3.080235282
    367   3.670000000  -0.104843809  -3.065623885
    368   3.680000000  -0.135406206  -3.046028760
    369   3.690000000  -0.165747936  -3.021499974
    370   3.700000000  -0.195819964  -2.992099710
    371   3.710000000  -0.225573935  -2.957901782
    372   3.720000000  -0.254962288  -2.918991075
    373   3.730000000  -0.283938363  -2.875462913
    374   3.740000000  -0.312456503  -2.827422365
    375   3.750000000  -0.340472147  -2.774983499
    376   3.760000000  -0.367941918  -2.718268594
    377   3.770000000  -0.394823696  -2.657407330
    378   3.780000000  -0.421076695  -2.592535958
    379   3.790000000  -0.446661520  -2.523796460
    380   3.800000000  -0.471540219  -2.451335719
    381   3.810000000  -0.495676332  -2.375304706
    382   3.820000000  -0.519034926  -2.295857686
    383   3.830000000  -0.541582621  -2.213151462
    384   3.840000000  -0.563287619  -2.127344661
    385   3.850000000  -0.584119711  -2.038597065
    386   3.860000000  -0.604050291  -1.947068997
    387   3.870000000  -0.623052357  -1.852920767
    388   3.880000000  -0.641100505  -1.756312177
    389   3.890000000  -0.658170928  -1.657402093
    390   3.900000000  -0.674241400  -1.556348077
    391   3.910000000  -0.689291263  -1.453306092
    392   3.920000000  -0.703301409  -1.348430267
    393   3.930000000  -0.716254263  -1.241872729
    394   3.940000000  -0.728133758  -1.133783494
    395   3.950000000  -0.738925320  -1.024310418
    396   3.960000000  -0.748615839  -0.913599205
    397   3.970000000  -0.757193656  -0.801793469
    398   3.980000000  -0.764648533  -0.689034839
    399   3.990000000  -0.770971642  -0.575463108
    400   4.000000000  -0.776155545  -0.461216425
    401   4.010000000  -0.780194177  -0.346431517
    402   4.020000000  -0.783082833  -0.231243940
    403   4.030000000  -0.784818162  -0.115788347
    404   4.040000000  -0.785398154  -0.000198786
    405   4.050000000  -0.784822137   0.115391005
    406   4.060000000  -0.783090778   0.230847287
    407   4.070000000  -0.780206083   0.346036017
    408   4.080000000  -0.776171399   0.460822541
    409   4.090000000  -0.770991425   0.575071308
    410   4.100000000  -0.764672221   0.688645596
    411   4.110000000  -0.757221221   0.801407261
    412   4.120000000  -0.748647250   0.913216515
    413   4.130000000  -0.738960538   1.023931736
    414   4.140000000  -0.728172741   1.133409319
    415   4.150000000  -0.716296962   1.241503565
    416   4.160000000  -0.703347773   1.348066626
    417   4.170000000  -0.689341234   1.452948493
    418   4.180000000  -0.674294915   1.555997047
    419   4.190000000  -0.658227918   1.657058166
    420   4.200000000  -0.641160896   1.755975892
    421   4.210000000  -0.623116070   1.852592668
    422   4.220000000  -0.604117242   1.946749632
    423   4.230000000  -0.584189810   2.038286984
    424   4.240000000  -0.563360770   2.127044417
    425   4.250000000  -0.541658723   2.212861605
    426   4.260000000  -0.519113872   2.295578763
    427   4.270000000  -0.495758011   2.375037261
    428   4.280000000  -0.471624512   2.451080287
    429   4.290000000  -0.446748305   2.523553566
    430   4.300000000  -0.421165845   2.592306115
    431   4.310000000  -0.394915076   2.657191035
    432   4.320000000  -0.368035391   2.718066326
    433   4.330000000  -0.340567571   2.774795716
    434   4.340000000  -0.312553731   2.827249501
    435   4.350000000  -0.284037243   2.875305374
    436   4.360000000  -0.255062665   2.918849238
    437   4.370000000  -0.225675651   2.957775992
    438   4.380000000  -0.195922856   2.991990279
    439   4.390000000  -0.165851839   3.021407174
    440   4.400000000  -0.135510953   3.045952825
    441   4.410000000  -0.104949231   3.065565010
    442   4.420000000  -0.074216268   3.080193616
    443   4.430000000  -0.043362098   3.089801037
    444   4.440000000  -0.012437070   3.094362467
    445   4.450000000   0.018508289   3.093866097
    446   4.460000000   0.049423394   3.088313215
    447   4.470000000   0.080257743   3.077718188
    448   4.480000000   0.110961039   3.062108354
    449   4.490000000   0.141483325   3.041523799
    450   4.500000000   0.171775105   3.016017046
    451   4.510000000   0.201787471   2.985652639
    452   4.520000000   0.231472216   2.950506650
    453   4.530000000   0.260781953   2.910666102
    454   4.540000000   0.289670212   2.866228322
    455   4.550000000   0.318091549   2.817300235
    456   4.560000000   0.346001633   2.763997613
    457   4.570000000   0.373357330   2.706444280
    458   4.580000000   0.400116785   2.644771292
    459   4.590000000   0.426239481   2.579116113
    460   4.600000000   0.451686308   2.509621768
    461   4.610000000   0.476419610   2.436436022
    462   4.620000000   0.500403228   2.359710566
    463   4.630000000   0.523602537   2.279600229
    464   4.640000000   0.545984473   2.196262236
    465   4.650000000   0.567517552   2.109855496
    466   4.660000000   0.588171886   2.020539945
    467   4.670000000   0.607919189   1.928475947
    468   4.680000000   0.626732778   1.833823748
    469   4.690000000   0.644587569   1.736742995
    470   4.700000000   0.661460071   1.637392319
    471   4.710000000   0.677328373   1.535928988
    472   4.720000000   0.692172127   1.432508613
    473   4.730000000   0.705972534   1.327284936
    474   4.740000000   0.718712320   1.220409669
    475   4.750000000   0.730375721   1.112032397
    476   4.760000000   0.740948453   1.002300546
    477   4.770000000   0.750417701   0.891359397
    478   4.780000000   0.758772087   0.779352155
    479   4.790000000   0.766001661   0.666420071
    480   4.800000000   0.772097871   0.552702592
    481   4.810000000   0.777053554   0.438337567
    482   4.820000000   0.780862919   0.323461467
    483   4.830000000   0.783521531   0.208209644
    484   4.840000000   0.785026308   0.092716608
    485   4.850000000   0.785375506  -0.022883679
    486   4.860000000   0.784568722  -0.138457505
    487   4.870000000   0.782606890  -0.253871094
    488   4.880000000   0.779492282  -0.368990303
    489   4.890000000   0.775228514  -0.483680324
    490   4.900000000   0.769820558  -0.597805393
    491   4.910000000   0.763274746  -0.711228522
    492   4.920000000   0.755598789  -0.823811257
    493   4.930000000   0.746801789  -0.935413457
    494   4.940000000   0.736894261  -1.045893115
    495   4.950000000   0.725888149  -1.155106215
    496   4.960000000   0.713796846  -1.262906632
    497   4.970000000   0.700635219  -1.369146086
    498   4.980000000   0.686419629  -1.473674140
    499   4.990000000   0.671167950  -1.576338266
    500   5.000000000   0.654899592  -1.676983958
    501   5.010000000   0.637635520  -1.775454920
    502   5.020000000   0.619398269  -1.871593307
    503   5.030000000   0.600211959  -1.965240040
    504   5.040000000   0.580102307  -2.056235181
    505   5.050000000   0.559096630  -2.144418375
    506   5.060000000   0.537223848  -2.229629362
    507   5.070000000   0.514514482  -2.311708535
    508   5.080000000   0.491000645  -2.390497571
    509   5.090000000   0.466716020  -2.465840107
    510   5.100000000   0.441695845  -2.537582463
    511   5.110000000   0.415976874  -2.605574408
    512   5.120000000   0.389597346  -2.669669955
    513   5.130000000   0.362596934  -2.729728180
    514   5.140000000   0.335016692  -2.785614058
    515   5.150000000   0.306898990  -2.837199294
    516   5.160000000   0.278287446  -2.884363156
    517   5.170000000   0.249226842  -2.926993282
    518   5.180000000   0.219763039  -2.964986458
    519   5.190000000   0.189942883  -2.998249356
    520   5.200000000   0.159814098  -3.026699214
    521   5.210000000   0.129425183  -3.050264459
    522   5.220000000   0.098825293  -3.068885250
    523   5.230000000   0.068064122  -3.082513946
    524   5.240000000   0.037191775  -3.091115472
    525   5.250000000   0.006258646  -3.094667607
    526   5.260000000  -0.024684712  -3.093161152
    527   5.270000000  -0.055587725  -3.086600010
    528   5.280000000  -0.086399917  -3.075001150
    529   5.290000000  -0.117071052  -3.058394477
    530   5.300000000  -0.147551253  -3.036822588
    531   5.310000000  -0.177791134  -3.010340442
    532   5.320000000  -0.207741915  -2.979014926
    533   5.330000000  -0.237355546  -2.942924348
    534   5.340000000  -0.266584813  -2.902157841
    535   5.350000000  -0.295383445  -2.856814707
    536   5.360000000  -0.323706212  -2.807003699
    537   5.370000000  -0.351509016  -2.752842260
    538   5.380000000  -0.378748972  -2.694455724
    539   5.390000000  -0.405384486  -2.631976496
    540   5.400000000  -0.431375320  -2.565543213
    541   5.410000000  -0.456682649  -2.495299914
    542   5.420000000  -0.481269112  -2.421395212
    543   5.430000000  -0.505098855  -2.343981486
    544   5.440000000  -0.528137562  -2.263214103
    545   5.450000000  -0.550352483  -2.179250678
    546   5.460000000  -0.571712452  -2.092250375
    547   5.470000000  -0.592187900  -2.002373264
    548   5.480000000  -0.611750862  -1.909779725
    549   5.490000000  -0.630374974  -1.814629922
    550   5.500000000  -0.648035471  -1.717083330
    551   5.510000000  -0.664709179  -1.617298334
    552   5.520000000  -0.680374499  -1.515431891
    553   5.530000000  -0.695011396  -1.411639256
    554   5.540000000  -0.708601375  -1.306073774
    555   5.550000000  -0.721127466  -1.198886740
    556   5.560000000  -0.732574202  -1.090227309
    557   5.570000000  -0.742927594  -0.980242474
    558   5.580000000  -0.752175116  -0.869077096
    559   5.590000000  -0.760305677  -0.756873979
    560   5.600000000  -0.767309606  -0.643773998
    561   5.610000000  -0.773178631  -0.529916267
    562   5.620000000  -0.777905864  -0.415438339
    563   5.630000000  -0.781485785  -0.300476440
    564   5.640000000  -0.783914230  -0.185165733
    565   5.650000000  -0.785188385  -0.069640593
    566   5.660000000  -0.785306774   0.045965092
    567   5.670000000  -0.784269260   0.161517621
    568   5.680000000  -0.782077044   0.276883169
    569   5.690000000  -0.778732667   0.391927485
    570   5.700000000  -0.774240015   0.506515592
    571   5.710000000  -0.768604329   0.620511503
    572   5.720000000  -0.761832217   0.733777955
    573   5.730000000  -0.753931664   0.846176174
    574   5.740000000  -0.744912056   0.957565660
    575   5.750000000  -0.734784188   1.067804014
    576   5.760000000  -0.723560294   1.176746807
    577   5.770000000  -0.711254059   1.284247484
    578   5.780000000  -0.697880647   1.390157333
    579   5.790000000  -0.683456718   1.494325495
    580   5.800000000  -0.668000452   1.596599032
    581   5.810000000  -0.651531569   1.696823067
    582   5.820000000  -0.634071345   1.794840971
    583   5.830000000  -0.615642631   1.890494627
    584   5.840000000  -0.596269864   1.983624752
    585   5.850000000  -0.575979081   2.074071286
    586   5.860000000  -0.554797919   2.161673853
    587   5.870000000  -0.532755619   2.246272274
    588   5.880000000  -0.509883020   2.327707147
    589   5.890000000  -0.486212549   2.405820486
    590   5.900000000  -0.461778202   2.480456403
    591   5.910000000  -0.436615523   2.551461846
    592   5.920000000  -0.410761567   2.618687365
    593   5.930000000  -0.384254861   2.681987918
    594   5.940000000  -0.357135359   2.741223694
    595   5.950000000  -0.329444384   2.796260942
    596   5.960000000  -0.301224560   2.846972813
    597   5.970000000  -0.272519745   2.893240183
    598   5.980000000  -0.243374943   2.934952454
    599   5.990000000  -0.213836219   2.972008330
    600   6.000000000  -0.183950604   3.004316538
    601   6.010000000  -0.153765985   3.031796503
    602   6.020000000  -0.123331002   3.054378955
    603   6.030000000  -0.092694926   3.072006453
    604   6.040000000  -0.061907543   3.084633838
    605   6.050000000  -0.031019027   3.092228584
    606   6.060000000  -0.000079815   3.094771057
    607   6.070000000   0.030859528   3.092254672
    608   6.080000000   0.061748435   3.084685947
    609   6.090000000   0.092536468   3.072084448
    610   6.100000000   0.123173453   3.054482635
    611   6.110000000   0.153609601   3.031925604
    612   6.120000000   0.183795636   3.004470731
    613   6.130000000   0.213682917   2.972187230
    614   6.140000000   0.243223551   2.935155618
    615   6.150000000   0.272370504   2.893467113
    616   6.160000000   0.301077706   2.847222963
    617   6.170000000   0.329300144   2.796533717
    618   6.180000000   0.356993958   2.741518460
    619   6.190000000   0.384116514   2.682304003
    620   6.200000000   0.410626485   2.619024062
    621   6.210000000   0.436483908   2.551818420
    622   6.220000000   0.461650249   2.480832094
    623   6.230000000   0.486088445   2.406214513
    624   6.240000000   0.509762944   2.328118713
    625   6.250000000   0.532639744   2.246700568
    626   6.260000000   0.554686407   2.162118057
    627   6.270000000   0.575872087   2.074530575
    628   6.280000000   0.596167535   1.984098298
    629   6.290000000   0.615545105   1.890981605
    630   6.300000000   0.633978753   1.795340556
    631   6.310000000   0.651444032   1.697334440
    632   6.320000000   0.667918085   1.597121381
    633   6.330000000   0.683379625   1.494858016
    634   6.340000000   0.697808927   1.390699233
    635   6.350000000   0.711187802   1.284797979
    636   6.360000000   0.723499581   1.177305123
    637   6.370000000   0.734729095   1.068369392
    638   6.380000000   0.744862648   0.958137348
    639   6.390000000   0.753888002   0.846753433
    640   6.400000000   0.761794352   0.734360055
    641   6.410000000   0.768572307   0.621097723
    642   6.420000000   0.774213872   0.507105222
    643   6.430000000   0.778712435   0.392519820
    644   6.440000000   0.782062746   0.277477510
    645   6.450000000   0.784260912   0.162113274
    646   6.460000000   0.785304386   0.046561366
    647   6.470000000   0.785191960  -0.069044387
    648   6.480000000   0.783923764  -0.184570285
    649   6.490000000   0.781501267  -0.299882443
    650   6.500000000   0.777927276  -0.414846487
    651   6.510000000   0.773205948  -0.529327260
    652   6.520000000   0.767342795  -0.643188541
    653   6.530000000   0.760344700  -0.756292785
    654   6.540000000   0.752219927  -0.868500888
    655   6.550000000   0.742978139  -0.979671984
    656   6.560000000   0.732630419  -1.089663277
    657   6.570000000   0.721189289  -1.198329920
    658   6.580000000   0.708668726  -1.305524929
    659   6.590000000   0.695084193  -1.411099161
    660   6.600000000   0.680452650  -1.514901332
    661   6.610000000   0.664792584  -1.616778107
    662   6.620000000   0.648124024  -1.716574240
    663   6.630000000   0.630468558  -1.814132782
    664   6.640000000   0.611849355  -1.909295356
    665   6.650000000   0.592291170  -2.001902491
    666   6.660000000   0.571820357  -2.091794024
    667   6.670000000   0.550464876  -2.178809577
    668   6.680000000   0.528254287  -2.262789075
    669   6.690000000   0.505219746  -2.343573349
    670   6.700000000   0.481393997  -2.421004774
    671   6.710000000   0.456811346  -2.494927969
    672   6.720000000   0.431507641  -2.565190538
    673   6.730000000   0.405520234  -2.631643846
    674   6.740000000   0.378887943  -2.694143831
    675   6.750000000   0.351650999  -2.752551822
    676   6.760000000   0.323850990  -2.806735381
    677   6.770000000   0.295530793  -2.856569137
    678   6.780000000   0.266734500  -2.901935603
    679   6.790000000   0.237507337  -2.942725979
    680   6.800000000   0.207895568  -2.978840913
    681   6.810000000   0.177946403  -3.010191217
    682   6.820000000   0.147707890  -3.036698528
    683   6.830000000   0.117228802  -3.058295895
    684   6.840000000   0.086558525  -3.074928299
    685   6.850000000   0.055746931  -3.086553076
    686   6.860000000   0.024844258  -3.093140257
    687   6.870000000  -0.006099022  -3.094672805
    688   6.880000000  -0.037032333  -3.091146751
    689   6.890000000  -0.067905123  -3.082571223
    690   6.900000000  -0.098666997  -3.068968379
    691   6.910000000  -0.129267847  -3.050373225
    692   6.920000000  -0.159657976  -3.026833340
    693   6.930000000  -0.189788228  -2.998408503
    694   6.940000000  -0.219610099  -2.965170228
    695   6.950000000  -0.249075860  -2.927201220
    696   6.960000000  -0.278138663  -2.884594755
    697   6.970000000  -0.306752639  -2.837453997
    698   6.980000000  -0.334873001  -2.785891264
    699   6.990000000  -0.362456125  -2.730027246
    700   7.000000000  -0.389459634  -2.669990201
    701   7.010000000  -0.415842467  -2.605915122
    702   7.020000000  -0.441564944  -2.537942904
    703   7.030000000  -0.466588820  -2.466219511
    704   7.040000000  -0.490877330  -2.390895153
    705   7.050000000  -0.514395231  -2.312123495
    706   7.060000000  -0.537108829  -2.230060889
    707   7.070000000  -0.558986005  -2.144865648
    708   7.080000000  -0.579996231  -2.056697373
    709   7.090000000  -0.600110576  -1.965716325
    710   7.100000000  -0.619301716  -1.872082859
    711   7.110000000  -0.637543925  -1.775956915
    712   7.120000000  -0.654813076  -1.677497579
    713   7.130000000  -0.671086625  -1.576862702
    714   7.140000000  -0.686343599  -1.474208590
    715   7.150000000  -0.700564581  -1.369689757
    716   7.160000000  -0.713731687  -1.263458743
    717   7.170000000  -0.725828550  -1.155665995
    718   7.180000000  -0.736840295  -1.046459806
    719   7.190000000  -0.746753521  -0.935986310
    720   7.200000000  -0.755556277  -0.824389535
    721   7.210000000  -0.763238041  -0.711811497
    722   7.220000000  -0.769789704  -0.598392346
    723   7.230000000  -0.775203546  -0.484270546
    724   7.240000000  -0.779473229  -0.369583090
    725   7.250000000  -0.782593775  -0.254465748
    726   7.260000000  -0.784561560  -0.139053334
    727   7.270000000  -0.785374305  -0.023479992
    728   7.280000000  -0.785031070   0.092120502
    729   7.290000000  -0.783532250   0.207614433
    730   7.300000000  -0.780879583   0.322867844
    731   7.310000000  -0.777076144   0.437746229
    732   7.320000000  -0.772126359   0.552114238
    733   7.330000000  -0.766036015   0.665835408
    734   7.340000000  -0.758812267   0.778771900
    735   7.350000000  -0.750463657   0.890784272
    736   7.360000000  -0.741000132   1.001731285
    737   7.370000000  -0.730433060   1.111469744
    738   7.380000000  -0.718775250   1.219854378
    739   7.390000000  -0.706040976   1.326737774
    740   7.400000000  -0.692245997   1.431970357
    741   7.410000000  -0.677407578   1.535400425
    742   7.420000000  -0.661544510   1.636874248
    743   7.430000000  -0.644677132   1.736236222
    744   7.440000000  -0.626827349   1.833329089
    745   7.450000000  -0.608018643   1.927994223
    746   7.460000000  -0.588276090   2.020071981
    747   7.470000000  -0.567626363   2.109402119
    748   7.480000000  -0.546097741   2.195824273
    749   7.490000000  -0.523720104   2.279178503
    750   7.500000000  -0.500524928   2.359305892
    751   7.510000000  -0.476545268   2.436049207
    752   7.520000000  -0.451815741   2.509253602
    753   7.530000000  -0.426372499   2.578767369
    754   7.540000000  -0.400253190   2.644442722
    755   7.550000000  -0.373496918   2.706136606
    756   7.560000000  -0.346144190   2.763711531
    757   7.570000000  -0.318236856   2.817036402
    758   7.580000000  -0.289818043   2.865987356
    759   7.590000000  -0.260932077   2.910448579
    760   7.600000000  -0.231624396   2.950313097
    761   7.610000000  -0.201941464   2.985483532
    762   7.620000000  -0.171930666   3.015872807
    763   7.630000000  -0.141640202   3.041404791
    764   7.640000000  -0.111118979   3.062014879
    765   7.650000000  -0.080416489   3.077650487
    766   7.660000000  -0.049582687   3.088271461
    767   7.670000000  -0.018667869   3.093850398
    768   7.680000000   0.012277463   3.094372863
    769   7.690000000   0.043202726   3.089837503
    770   7.700000000   0.074057389   3.080256056
    771   7.710000000   0.104791106   3.065653263
    772   7.720000000   0.135353839   3.046066666
    773   7.730000000   0.165695991   3.021546312
    774   7.740000000   0.195768524   2.992154363
    775   7.750000000   0.225523083   2.957964613
    776   7.760000000   0.254912104   2.919061929
    777   7.770000000   0.283888927   2.875541619
    778   7.780000000   0.312407892   2.827508733
    779   7.790000000   0.340424438   2.775077326
    780   7.800000000   0.367895183   2.718369663
    781   7.810000000   0.394778007   2.657515413
    782   7.820000000   0.421032121   2.592650815
    783   7.830000000   0.446618127   2.523917843
    784   7.840000000   0.471498072   2.451463372
    785   7.850000000   0.495635492   2.375438365
    786   7.860000000   0.518995451   2.295997084
    787   7.870000000   0.541544568   2.213296329
    788   7.880000000   0.563251040   2.127494722
    789   7.890000000   0.584084658   2.038752045
    790   7.900000000   0.604016811   1.947228620
    791   7.910000000   0.623020495   1.853084758
    792   7.920000000   0.641070304   1.756480262
    793   7.930000000   0.658142427   1.657573999
    794   7.940000000   0.674214636   1.556523535
    795   7.950000000   0.689266271   1.453484836
    796   7.960000000   0.703278219   1.348612033
    797   7.970000000   0.716232905   1.242057258
    798   7.980000000   0.728114258   1.133970530
    799   7.990000000   0.738907702   1.024499707
    800   8.000000000   0.748600124   0.913790500
    801   8.010000000   0.757179862   0.801986525
    802   8.020000000   0.764636678   0.689229413
    803   8.030000000   0.770961740   0.575658962
    804   8.040000000   0.776147607   0.461413323
    805   8.050000000   0.780188211   0.346629225
    806   8.060000000   0.783078848   0.231442224
    807   8.070000000   0.784816162   0.115986978
    808   8.080000000   0.785398140   0.000397534
    809   8.090000000   0.784824111  -0.115192370
    810   8.100000000   0.783094737  -0.230648996
    811   8.110000000   0.780212022  -0.345838300
    812   8.120000000   0.776179311  -0.460625631
    813   8.130000000   0.771001301  -0.574875438
    814   8.140000000   0.764684050  -0.688451003
    815   8.150000000   0.757234989  -0.801214184
    816   8.160000000   0.748662940  -0.913025195
    817   8.170000000   0.738978131  -1.023742419
    818   8.180000000   0.728192216  -1.133222252
    819   8.190000000   0.716318296  -1.241319002
    820   8.200000000   0.703370939  -1.347884822
    821   8.210000000   0.689366202  -1.452769708
    822   8.220000000   0.674321655  -1.555821545
    823   8.230000000   0.658256395  -1.656886212
    824   8.240000000   0.641191074  -1.755807757
    825   8.250000000   0.623147909  -1.852428624
    826   8.260000000   0.604150701  -1.946589952
    827   8.270000000   0.584224842  -2.038131945
    828   8.280000000   0.563397328  -2.126894293
    829   8.290000000   0.541696757  -2.212716672
    830   8.300000000   0.519153328  -2.295439296
    831   8.310000000   0.495798833  -2.374903530
    832   8.320000000   0.471666642  -2.450952560
    833   8.330000000   0.446791681  -2.523432105
    834   8.340000000   0.421210403  -2.592191177
    835   8.350000000   0.394960750  -2.657082869
    836   8.360000000   0.368082112  -2.717965170
    837   8.370000000   0.340615268  -2.774701800
    838   8.380000000   0.312602329  -2.827163041
    839   8.390000000   0.284086668  -2.875226575
    840   8.400000000   0.255112839  -2.918778288
    841   8.410000000   0.225726494  -2.957713064
    842   8.420000000   0.195974288  -2.991935527
    843   8.430000000   0.165903777  -3.021360735
    844   8.440000000   0.135563313  -3.045914817
    845   8.450000000   0.105001928  -3.065535529
    846   8.460000000   0.074269217  -3.080172738
    847   8.470000000   0.043415213  -3.089788816
    848   8.480000000   0.012490264  -3.094358933
    849   8.490000000  -0.018455103  -3.093871261
    850   8.500000000  -0.049370304  -3.088327063
    851   8.510000000  -0.080204834  -3.077740684
    852   8.520000000  -0.110908398  -3.062139440
    853   8.530000000  -0.141431037  -3.041563396
    854   8.540000000  -0.171723256  -3.016065052
    855   8.550000000  -0.201736143  -2.985708934
    856   8.560000000  -0.231421493  -2.950571094
    857   8.570000000  -0.260731913  -2.910738536
    858   8.580000000  -0.289620936  -2.866308570
    859   8.590000000  -0.318043114  -2.817388106
    860   8.600000000  -0.345954114  -2.764092900
    861   8.610000000  -0.373310801  -2.706546764
    862   8.620000000  -0.400071314  -2.644880743
    863   8.630000000  -0.426195139  -2.579232289
    864   8.640000000  -0.451643161  -2.509744419
    865   8.650000000  -0.476377721  -2.436564890
    866   8.660000000  -0.500362657  -2.359845387
    867   8.670000000  -0.523563343  -2.279740736
    868   8.680000000  -0.545946711  -2.196408156
    869   8.690000000  -0.567481276  -2.110006555
    870   8.700000000  -0.588137145  -2.020695867
    871   8.710000000  -0.607886030  -1.928636457
    872   8.720000000  -0.626701245  -1.833988571
    873   8.730000000  -0.644557705  -1.736911857
    874   8.740000000  -0.661431915  -1.637564950
    875   8.750000000  -0.677301961  -1.536105117
    876   8.760000000  -0.692147493  -1.432687975
    877   8.770000000  -0.705949708  -1.327467268
    878   8.780000000  -0.718691332  -1.220594711
    879   8.790000000  -0.730356595  -1.112219896
    880   8.800000000  -0.740931214  -1.002490249
    881   8.810000000  -0.750402368  -0.891551055
    882   8.820000000  -0.758758681  -0.779545526
    883   8.830000000  -0.765990195  -0.666614912
    884   8.840000000  -0.772088360  -0.552898666
    885   8.850000000  -0.777046009  -0.438534638
    886   8.860000000  -0.780857349  -0.323659300
    887   8.870000000  -0.783517942  -0.208408008
    888   8.880000000  -0.785024704  -0.092915273
    889   8.890000000  -0.785375889   0.022684944
    890   8.900000000  -0.784571093   0.138258928
    891   8.910000000  -0.782611244   0.253672907
    892   8.920000000  -0.779498615   0.368792737
    893   8.930000000  -0.775236819   0.483483611
    894   8.940000000  -0.769830825   0.597609767
    895   8.950000000  -0.763286963   0.711034220
    896   8.960000000  -0.755612941   0.823618519
    897   8.970000000  -0.746817860   0.935222525
    898   8.980000000  -0.736912231   1.045704235
    899   8.990000000  -0.725907996   1.154919635
    900   9.000000000  -0.713818547   1.262722607
    901   9.010000000  -0.700658746   1.368964871
    902   9.020000000  -0.686444953   1.473495997
    903   9.030000000  -0.671195039   1.576163458
    904   9.040000000  -0.654928411   1.676812753
    905   9.050000000  -0.637666032   1.775287587
    906   9.060000000  -0.619430434   1.871430119
    907   9.070000000  -0.600245735   1.965081271
    908   9.080000000  -0.580137647   2.056081106
    909   9.090000000  -0.559133485   2.144269272
    910   9.100000000  -0.537262168   2.229485504
    911   9.110000000  -0.514554214   2.311570196
    912   9.120000000  -0.491041731   2.390365022
    913   9.130000000  -0.466758402   2.465713614
    914   9.140000000  -0.441739460   2.537462289
    915   9.150000000  -0.416021658   2.605460807
    916   9.160000000  -0.389643233   2.669563173
    917   9.170000000  -0.362643854   2.729628456
    918   9.180000000  -0.335064572   2.785521617
    919   9.190000000  -0.306947758   2.837114351
    920   9.200000000  -0.278337025   2.884285912
    921   9.210000000  -0.249277154   2.926923923
    922   9.220000000  -0.219814005   2.964925153
    923   9.230000000  -0.189994420   2.998196255
    924   9.240000000  -0.159866125   3.026654451
    925   9.250000000  -0.129477616   3.050228147
    926   9.260000000  -0.098878046   3.068857483
    927   9.270000000  -0.068117109   3.082494793
    928   9.280000000  -0.037244910   3.091104984
    929   9.290000000  -0.006311843   3.094665810
    930   9.300000000   0.024631541   3.093168051
    931   9.310000000   0.055534666   3.086615587
    932   9.320000000   0.086347057   3.075025366
    933   9.330000000   0.117018477   3.058427268
    934   9.340000000   0.147499049   3.036863871
    935   9.350000000   0.177739384   3.010390111
    936   9.360000000   0.207690703   2.979072857
    937   9.370000000   0.237304954   2.942990398
    938   9.380000000   0.266534922   2.902231847
    939   9.390000000   0.295334333   2.856896489
    940   9.400000000   0.323657956   2.807093064
    941   9.410000000   0.351461690   2.752938998
    942   9.420000000   0.378702650   2.694559614
    943   9.430000000   0.405339238   2.632087304
    944   9.440000000   0.431331213   2.565660697
    945   9.450000000   0.456639749   2.495423822
    946   9.460000000   0.481227483   2.421525285
    947   9.470000000   0.505058556   2.344117459
    948   9.480000000   0.528098651   2.263355707
    949   9.490000000   0.550315015   2.179397640
    950   9.500000000   0.571676479   2.092402421
    951   9.510000000   0.592153472   2.002530118
    952   9.520000000   0.611718026   1.909941112
    953   9.530000000   0.630343773   1.814795567
    954   9.540000000   0.648005946   1.717252960
    955   9.550000000   0.664681369   1.617471677
    956   9.560000000   0.680348441   1.515608679
    957   9.570000000   0.694987121   1.411819224
    958   9.580000000   0.708578915   1.306256661
    959   9.590000000   0.721106848   1.199072286
    960   9.600000000   0.732555452   1.090415260
    961   9.610000000   0.742910735   0.980432580
    962   9.620000000   0.752160167   0.869269108
    963   9.630000000   0.760292657   0.757067655
    964   9.640000000   0.767298530   0.643969097
    965   9.650000000   0.773169512   0.530112551
    966   9.660000000   0.777898713   0.415635573
    967   9.670000000   0.781480610   0.300674390
    968   9.680000000   0.783911038   0.185364168
    969   9.690000000   0.785187178   0.069839283
    970   9.700000000   0.785307554  -0.045766377
    971   9.710000000   0.784272027  -0.161319111
    972   9.720000000   0.782081794  -0.276685095
    973   9.730000000   0.778739395  -0.391730078
    974   9.740000000   0.774248712  -0.506319085
    975   9.750000000   0.768614986  -0.620316130
    976   9.760000000   0.761844820  -0.733583954
    977   9.770000000   0.753946200  -0.845983784
    978   9.780000000   0.744928506  -0.957375125
    979   9.790000000   0.734802534  -1.067615580
    980   9.800000000   0.723580512  -1.176560724
    981   9.810000000   0.711276126  -1.284064006
    982   9.820000000   0.697904534  -1.389976718
    983   9.830000000   0.683482396  -1.494148003
    984   9.840000000   0.668027889  -1.596424928
    985   9.850000000   0.651560728  -1.696652619
    986   9.860000000   0.634102189  -1.794674450
    987   9.870000000   0.615675119  -1.890332306
    988   9.880000000   0.596303954  -1.983466904
    989   9.890000000   0.576014726  -2.073918188
    990   9.900000000   0.554835070  -2.161525781
    991   9.910000000   0.532794224  -2.246129502
    992   9.920000000   0.509923025  -2.327569948
    993   9.930000000   0.486253897  -2.405689130
    994   9.940000000   0.461820834  -2.480331157
    995   9.950000000   0.436659376  -2.551342968
    996   9.960000000   0.410806575  -2.618575110
    997   9.970000000   0.384300957  -2.681882531
    998   9.980000000   0.357182474  -2.741125410
    999   9.990000000   0.329492445  -2.796169985
   1000  10.000000000   0.301273494  -2.846889396
