# File chua thong tin toa do cua cac diem benngoai.txt
##################################################
#     i             x             y
     1  -0.835412987   0.578846202
     2   0.869309515  -0.530762467
     3   0.786149007   0.711226980
     4  -0.953466653   0.594221993
     5   0.494078223  -0.972127945
     6  -0.520163567  -0.962364418
     7   0.972110818   0.862048993
     8  -0.986776529  -0.778763782
     9  -0.812068472  -0.721671020
    10   0.692577392  -0.938207641
    11  -0.213512197   0.994638348
    12  -0.654090026  -0.864644413
    13   0.870033210  -0.783349684
    14  -0.940887304   0.738028580
    15  -0.919900021   0.598450380
    16  -0.719266399   0.818762434
    17   0.392079030  -0.941664481
    18   0.923973771   0.953008338
    19   0.769296165   0.715451546
    20   0.533417659   0.977629560
    21   0.834407596   0.947518037
    22   0.645364484  -0.775421724
    23  -0.982441874   0.545567024
    24  -0.773409516   0.695222704
    25   0.808018230  -0.840530702
    26   0.987637522  -0.562991344
    27   0.972421215  -0.864514059
    28  -0.882768706  -0.621967183
    29   0.377131497   0.972296941
    30   0.903766538   0.579172379
    31  -0.842258574   0.848691642
    32   0.924249434  -0.406157742
    33  -0.948964878  -0.978265441
    34  -0.815160482  -0.897580625
    35   0.774431374  -0.878887642
    36  -0.904139608  -0.498413954
    37  -0.599625501  -0.993124217
    38   0.763630795  -0.731627780
    39   0.828131263   0.826096754
    40   0.974731616  -0.913691047
    41   0.974473607  -0.368092064
    42   0.753960032  -0.927754807
    43   0.882538536   0.677730727
    44   0.956171779  -0.889776674
    45   0.353603193   0.988570757
    46   0.902215726   0.885123818
    47   0.798302168   0.761491681
    48  -0.758655462   0.860007438
    49  -0.832780240   0.807748639
    50  -0.936167076  -0.790111927
    51  -0.962384694   0.824426330
    52   0.932120230  -0.597459756
    53  -0.988277486  -0.898792992
    54  -0.397115655  -0.938991763
    55  -0.689080655   0.866463352
    56  -0.914168318  -0.744397102
    57  -0.932948812   0.511171138
    58  -0.974194947   0.347817069
    59  -0.418980664   0.911590363
    60   0.766387049   0.846816788
    61   0.384124704  -0.977846147
    62  -0.702668305   0.841310059
    63  -0.568069421   0.981044541
    64   0.953132516  -0.935389409
    65  -0.477396129   0.982152229
    66   0.928325595   0.531250126
    67  -0.484791147  -0.951706034
    68  -0.813972957   0.815041270
    69  -0.780854813   0.915074519
    70  -0.924140728   0.701880484
    71  -0.811008187  -0.809716710
    72  -0.999144723   0.129931135
    73   0.700412681   0.738785584
    74   0.892494574  -0.899206818
    75  -0.725458332  -0.940207920
    76   0.952162410  -0.465465645
    77  -0.926983981   0.527182813
    78   0.895373339   0.947298025
    79  -0.875880063  -0.605405878
    80  -0.863349257   0.598942495
    81   0.936704903   0.839885391
    82   0.372789765   0.994889942
    83   0.802351495  -0.912840923
    84  -0.861767160   0.688201822
    85   0.791275253  -0.671943074
    86   0.990166491   0.297863871
    87  -0.808594023  -0.701801699
    88  -0.315340671  -0.977120976
    89   0.584212451   0.925680363
    90   0.994770864   0.955839256
    91  -0.985358994  -0.310763561
    92   0.499089316  -0.891781295
    93  -0.734049424  -0.812702993
    94   0.995962107   0.385666790
    95  -0.795194944   0.927194390
    96  -0.932718622  -0.971389439
    97  -0.508256263  -0.914045507
    98  -0.721643260   0.766825014
    99   0.917592846   0.539983835
   100  -0.714142422   0.903372375
   101  -0.945819543  -0.517733930
   102   0.732796315  -0.765875247
   103  -0.715332108  -0.950609972
   104   0.930674701   0.464900604
   105   0.582774414   0.853695160
   106   0.730755170  -0.743320727
   107   0.768000094   0.795898911
   108  -0.803823316   0.636835484
   109   0.935071061   0.512854015
   110  -0.701073908  -0.768875762
   111  -0.684244782  -0.800752299
   112  -0.981626006   0.842677320
   113   0.889211430   0.527018302
   114  -0.646252783   0.974227794
   115   0.869083274  -0.717633426
   116  -0.944680628   0.589680293
   117   0.430911562  -0.937188531
   118   0.762649798  -0.679471360
   119  -0.613646513  -0.854249929
   120   0.625148986  -0.986205955
   121   0.934262789  -0.894558918
   122  -0.853106187  -0.981612405
   123   0.368301473  -0.941706450
   124   0.968201100  -0.479637992
   125  -0.965883119  -0.536941027
   126   0.733832118  -0.794914370
   127   0.696388776   0.866567498
   128  -0.719972661  -0.897547148
   129   0.832626303   0.569791988
   130   0.733151045   0.844511752
   131  -0.304059586  -0.995138024
   132  -0.762931990  -0.702436388
   133   0.727187074   0.755610560
   134   0.841845688  -0.597377859
   135  -0.782571467   0.659439761
   136   0.884111750  -0.982671176
   137  -0.786719390   0.740181316
   138   0.798637219   0.666736491
   139  -0.944000942   0.346583040
   140   0.195277240   0.999594907
   141   0.212231363   0.995839132
   142  -0.764318593  -0.781386218
   143  -0.904074105   0.562085409
   144  -0.292956754   0.964668158
   145  -0.893332872  -0.908041205
   146   0.970106245  -0.732329506
   147   0.499778105   0.903862221
   148   0.968405498   0.760132823
   149   0.587966386  -0.827714032
   150   0.694105755   0.820289372
   151  -0.781142515   0.934864987
   152   0.999451301  -0.950629923
   153   0.494495492  -0.883328060
   154   0.492336779   0.923501549
   155  -0.578229944  -0.902425177
   156  -0.860954316  -0.662266610
   157   0.999653748  -0.793544289
   158  -0.918332475  -0.922197484
   159   0.550175587   0.865817189
   160  -0.704048800  -0.853521774
   161   0.920931422  -0.820721292
   162   0.770671793   0.884965765
   163   0.190869806   0.994469087
   164  -0.234907907  -0.985914516
   165   0.960838129   0.486615561
   166  -0.634842772  -0.978901840
   167   0.748369967   0.897396454
   168   0.843744881   0.575148833
   169   0.685894846   0.837511140
   170   0.858385799  -0.648956642
   171   0.705199760   0.902454934
   172  -0.909388940  -0.884378268
   173   0.618027111  -0.933430799
   174  -0.945918843   0.850441521
   175   0.590441007   0.830091149
   176   0.817746624   0.837670906
   177  -0.905783932  -0.688524866
   178  -0.428122588   0.923013292
   179  -0.896119601  -0.863053926
   180   0.789238342  -0.826791696
   181  -0.581494110   0.995218088
   182   0.775905283   0.948036039
   183   0.914237089  -0.835721826
   184  -0.475341951   0.903982621
   185  -0.580974120   0.991854060
   186   0.865369479   0.609879179
   187   0.973389727  -0.255409852
   188   0.852563004  -0.901530102
   189  -0.930180580  -0.487614673
   190  -0.921181546   0.457425274
   191  -0.587459267   0.853706173
   192  -0.533371681   0.906196196
   193  -0.935173462   0.672311666
   194   0.762288391  -0.856998830
   195   0.812854753   0.952568410
   196   0.781050035  -0.816512636
   197  -0.634218008   0.935994478
   198  -0.850216118   0.548573549
   199   0.731423833  -0.961990557
   200  -0.717948400  -0.818509492
   201  -0.765091361   0.696327486
   202  -0.509056519  -0.885934399
   203  -0.936030913  -0.874164615
   204   0.938372604  -0.411283751
   205  -0.429624017   0.995555854
   206   0.946441713  -0.873362330
   207   0.824340128   0.663518592
   208   0.745907418  -0.823824353
   209  -0.748371800  -0.744275496
   210   0.292305994   0.960184595
   211   0.939838648  -0.846183474
   212  -0.993132720  -0.691785119
   213   0.956933914  -0.608643745
   214  -0.559911293  -0.857314577
   215  -0.616752087  -0.788339080
   216   0.935891711   0.410810311
   217  -0.912044732  -0.797544046
   218   0.832431606   0.672542154
   219  -0.975565185   0.689233375
   220   0.586769131  -0.850201870
   221  -0.908054919   0.420705787
   222   0.897749885  -0.955997276
   223  -0.997615214  -0.408090641
   224   0.537397828   0.852050402
   225   0.722603331  -0.918890274
   226   0.956615048   0.555089238
   227  -0.632608680   0.779615437
   228   0.771986795   0.817674658
   229   0.889726250  -0.984087864
   230  -0.763139235  -0.773287579
   231  -0.690527202  -0.786092650
   232  -0.896126667   0.627764171
   233  -0.682828281   0.963483467
   234  -0.832655246   0.631744533
   235  -0.243950409   0.983680645
   236  -0.978064800   0.401754837
   237  -0.399932792   0.928244423
   238  -0.967458375   0.545774335
   239   0.758476704   0.909711959
   240   0.534227241   0.926096818
   241  -0.878114853   0.651076513
   242   0.841292385   0.608538679
   243   0.967296615  -0.616608357
   244  -0.730184916   0.999294655
   245   0.983594077  -0.546047625
   246   0.712971351   0.879232360
   247   0.594776013   0.833723647
   248   0.626507168   0.879749472
   249  -0.961849317   0.974511828
   250   0.865617094  -0.550668951
   251  -0.973926296   0.364025476
   252   0.916933770  -0.927625916
   253  -0.394939824   0.969757069
   254  -0.872592608  -0.786535811
   255   0.935004143  -0.709107193
   256  -0.932791982  -0.804972105
   257   0.890212375   0.632565737
   258  -0.976590228   0.337547934
   259   0.869737930  -0.633025977
   260   0.317211501   0.948518478
   261  -0.926104175   0.915811020
   262  -0.824555890  -0.646569302
   263  -0.826212498  -0.930963594
   264  -0.991079566   0.358612982
   265   0.910210520  -0.811732810
   266  -0.439486051  -0.935352319
   267   0.741925894   0.956733500
   268   0.587641197  -0.841385238
   269   0.812613206   0.879426302
   270  -0.949728246  -0.725488075
   271  -0.844433059   0.933694459
   272  -0.865493343  -0.748037757
   273  -0.971173461   0.509363847
   274   0.881060485  -0.686720134
   275  -0.895462654   0.979926573
   276  -0.807142856  -0.767372440
   277   0.639225187   0.778716334
   278  -0.693896431   0.760986075
   279   0.907888171   0.726371095
   280   0.930213939  -0.397215789
   281  -0.920442213  -0.858583547
   282   0.854478681   0.702846685
   283  -0.808435966   0.614134714
   284  -0.405747755   0.942406119
   285  -0.954204390   0.675177139
   286   0.601487786   0.864175359
   287  -0.615507023   0.914886736
   288  -0.814703517   0.974257384
   289  -0.656812637  -0.774508212
   290   0.944770631  -0.876616672
   291  -0.536769633  -0.947551003
   292   0.781279367  -0.673171486
   293  -0.598660659   0.825694166
   294   0.939823276   0.863823720
   295   0.477799019   0.956490524
   296  -0.916759660   0.464124353
   297  -0.649717630  -0.963977994
   298   0.785653998  -0.660690641
   299  -0.724076657   0.930242935
   300   0.919832473   0.906245718
   301  -0.830971758   0.963410631
   302  -0.721876811  -0.797567074
   303  -0.569097859   0.871224086
   304   0.663851732   0.767025648
   305   0.816449933   0.973224953
   306   0.847446910  -0.587428788
   307  -0.907098283  -0.606894745
   308  -0.946943572  -0.861861162
   309  -0.975682108  -0.534325672
   310  -0.288180261   0.973606051
   311  -0.441348921   0.944915934
   312  -0.824406050  -0.872747649
   313   0.958091074  -0.447623542
   314   0.925775391   0.775190517
   315   0.757441869   0.939890292
   316  -0.936174586   0.408046195
   317   0.921387331  -0.487991587
   318  -0.960874172   0.385329662
   319   0.989200179   0.625759098
   320   0.636753215  -0.806102070
   321   0.961985445   0.974581139
   322   0.899109193  -0.824910756
   323  -0.789570361   0.683450406
   324   0.881124871  -0.816788679
   325  -0.597324327   0.940979574
   326   0.857129192  -0.685624928
   327  -0.699064315   0.900824653
   328   0.793993507   0.840704070
   329   0.769293945   0.818087290
   330  -0.903916786  -0.657817122
   331   0.968054457  -0.695338765
   332  -0.905081463   0.987766770
   333   0.981755393  -0.668896734
   334  -0.872719069   0.762017617
   335  -0.670178904   0.958357138
   336  -0.528365393  -0.926551009
   337   0.446495421  -0.975336579
   338  -0.807740784  -0.734085954
   339   0.961201971  -0.910359228
   340  -0.967167905  -0.833182975
   341  -0.973753424  -0.620133050
   342  -0.987368076   0.704401778
   343   0.454799471  -0.913301980
   344   0.913859229   0.678366618
   345  -0.505568211   0.886144935
   346  -0.795412061   0.639259711
   347  -0.956376689   0.381439424
   348  -0.707461350  -0.780743661
   349   0.894108538   0.729084918
   350  -0.759113654   0.735617057
   351   0.872985994   0.582093364
   352  -0.891491346  -0.771432948
   353   0.506782820   0.865673808
   354   0.839523973   0.612707928
   355  -0.961432531  -0.703347782
   356  -0.796019635  -0.855286845
   357   0.863994587   0.697884868
   358   0.724557989  -0.769008202
   359   0.780328359  -0.961557794
   360  -0.969647202  -0.940558413
   361   0.831150689   0.594371547
   362   0.858949187  -0.976944923
   363  -0.167085337  -0.986345649
   364  -0.554402093  -0.909825971
   365   0.571059135   0.999587682
   366   0.739424736  -0.753743680
   367   0.883438683   0.701120710
   368   0.817774133   0.635661052
   369   0.504308448   0.920451069
   370   0.912914556  -0.657854927
   371   0.677564769  -0.995416532
   372   0.606659599   0.890934342
   373  -0.602444674   0.818895739
   374   0.562507479   0.965905339
   375  -0.573964338   0.911527492
   376  -0.361052917   0.940055307
   377   0.342950103  -0.952055461
   378  -0.880115425   0.619688880
   379  -0.901176897  -0.540654423
   380  -0.384351365  -0.993376856
   381  -0.926763444   0.851043891
   382   0.937370514   0.584626580
   383  -0.960179503  -0.333500755
   384   0.969163390   0.453660099
   385  -0.971393273  -0.878250188
   386  -0.962501641   0.521098815
   387   0.693766942  -0.916368009
   388  -0.505126445  -0.885768325
   389  -0.838263101  -0.767702168
   390  -0.924258674  -0.756476081
   391   0.942983429   0.368460042
   392   0.946618673  -0.330821314
   393   0.438800869   0.927022164
   394   0.942516282   0.898096247
   395   0.873911490  -0.521815474
   396   0.600606469  -0.809054250
   397   0.634792161  -0.966028151
   398  -0.866203350  -0.852901993
   399  -0.899574114   0.437982225
   400   0.998080250   0.650755370
   401  -0.740498685  -0.743360725
   402  -0.802864560  -0.790196020
   403   0.993341194   0.821380207
   404  -0.928059648  -0.378261697
   405   0.632328747  -0.846786995
   406   0.860526519   0.556738209
   407  -0.614092361  -0.862830990
   408   0.840958423  -0.693486111
   409   0.963722329   0.776394270
   410   0.829780353   0.630445746
   411   0.632840412   0.995866177
   412   0.578489051   0.902790747
   413  -0.847037852   0.924588197
   414  -0.812017748  -0.978554209
   415  -0.534959150  -0.878214956
   416  -0.639637732   0.817556566
   417   0.880152431   0.845852160
   418  -0.856525858  -0.798425766
   419   0.923723254   0.875946935
   420   0.828005120  -0.605801448
   421  -0.994090825  -0.384260811
   422   0.423574527   0.930056311
   423  -0.801869234  -0.725443624
   424  -0.903625565   0.833883912
   425   0.997509811   0.614849273
   426  -0.605861937  -0.910933999
   427  -0.537329138  -0.992758599
   428  -0.945151920  -0.725196226
   429  -0.703877621   0.856630437
   430  -0.676236892  -0.885793708
   431   0.936272513  -0.784373707
   432   0.776528172   0.878824197
   433   0.699186226  -0.854853351
   434  -0.917839009  -0.868877048
   435   0.948769917  -0.943660798
   436   0.600266210  -0.914164376
   437   0.764195989  -0.781838936
   438   0.718780563   0.796589857
   439  -0.250415338   0.998469737
   440  -0.886419008  -0.481568879
   441  -0.944658956  -0.928115007
   442   0.894095778  -0.776933284
   443   0.974979997  -0.796635105
   444  -0.884764582   0.536378302
   445   0.300572895   0.994806375
   446   0.906222295   0.704569822
   447   0.941905171   0.545698215
   448   0.926449692  -0.884716807
   449  -0.366548169   0.980294114
   450   0.906157946  -0.622966645
   451  -0.982302276   0.873003599
   452  -0.977254961   0.232439987
   453   0.842214466   0.738406289
   454   0.827968857  -0.623893821
   455  -0.831491555   0.767903441
   456  -0.882383533   0.733475872
   457  -0.830214070  -0.718380999
   458   0.750013099  -0.864183692
   459   0.752299556  -0.948727070
   460  -0.936998220  -0.925630037
   461  -0.604148594   0.816599954
   462   0.562808412  -0.896398986
   463   0.379246292   0.969925824
   464  -0.557452391   0.978278130
   465  -0.605311806   0.981875183
   466   0.861471938   0.534546199
   467  -0.839456134   0.847742159
   468  -0.992267396   0.140839913
   469  -0.934426525  -0.523601120
   470  -0.863264425  -0.627985432
   471  -0.504745643  -0.936764803
   472  -0.975686426  -0.441640128
   473   0.455133663   0.957136627
   474  -0.725176611  -0.693903923
   475  -0.474701541   0.883388168
   476   0.990513846  -0.536784661
   477  -0.449602789  -0.980472314
   478   0.638568757   0.978467760
   479  -0.962566920   0.487583977
   480  -0.325272254   0.950747035
   481   0.992180688  -0.515925314
   482   0.929583112   0.937933496
   483   0.957381461  -0.539461056
   484  -0.568469155   0.837891538
   485   0.168830777  -0.997098407
   486  -0.989537197  -0.882179960
   487  -0.859133251  -0.756070618
   488   0.528136915   0.895073613
   489  -0.858120259  -0.782826758
   490  -0.662155030  -0.784953457
   491  -0.872835032   0.771482293
   492   0.801772081   0.754063193
   493   0.833087900   0.958623377
   494   0.798388062  -0.792183086
   495   0.898012869  -0.516384178
   496  -0.692136542  -0.748812272
   497   0.931143441  -0.439677163
   498   0.565189747   0.978135378
   499  -0.632012622   0.834332632
   500  -0.376489174   0.932311482
   501   0.680459071  -0.878915047
   502   0.115176738  -0.994294749
   503   0.967144946   0.924375715
   504   0.708138636  -0.793999370
   505   0.918131304  -0.404603782
   506   0.980943070  -0.865287931
   507  -0.389138365  -0.962345648
   508  -0.512453695  -0.887386791
   509  -0.935425073  -0.742317498
   510  -0.443809596  -0.896533548
   511   0.794162907  -0.701364877
   512  -0.456752742  -0.919054017
   513  -0.808305192   0.732045458
   514   0.888479834  -0.585670892
   515  -0.430591767   0.949178318
   516  -0.942617953  -0.809594731
   517   0.969567472   0.413690957
   518  -0.819882782   0.876374935
   519   0.764102900  -0.938559562
   520  -0.333212431   0.999438879
   521   0.953900039  -0.451345171
   522  -0.543638443  -0.866514165
   523   0.875892179   0.760929288
   524  -0.923633735  -0.650521652
   525  -0.485914827  -0.989516107
   526  -0.939648016   0.502335136
   527   0.992838113  -0.772314638
   528   0.614782280  -0.849074236
   529   0.978347721   0.274638255
   530  -0.989855514  -0.284844001
   531  -0.945488755  -0.656362500
   532   0.861919009   0.878638202
   533   0.998248603   0.656798563
   534  -0.920860362  -0.496235241
   535  -0.962239604  -0.901472759
   536   0.206776285   0.998714620
   537   0.847044402   0.539893191
   538  -0.555985018   0.905355182
   539   0.904737576   0.758554305
   540  -0.745289674  -0.742975774
   541  -0.981191010   0.842327094
   542  -0.786176161   0.953095585
   543  -0.883717365   0.844045016
   544   0.875256736  -0.543733423
   545  -0.921180791   0.800659288
   546  -0.862033662  -0.678876267
   547   0.962799574   0.706746347
   548   0.510620340  -0.989682293
   549  -0.918286460  -0.993121769
   550  -0.989797748  -0.216959416
   551   0.818562007   0.590806969
   552   0.818543519   0.711802125
   553   0.908478949  -0.809427402
   554  -0.971812922   0.377398518
   555   0.972718173   0.894801020
   556   0.851376829  -0.668738079
   557  -0.962966518  -0.785215410
   558   0.828272998  -0.693066946
   559   0.786836413   0.918040484
   560   0.988954722   0.288461211
   561   0.783856386   0.691371172
   562  -0.891594044   0.855662147
   563   0.379474778  -0.993656556
   564  -0.898367581  -0.909720613
   565   0.512103539   0.981212811
   566  -0.879974747   0.936187295
   567   0.949786237  -0.816548482
   568   0.960633944  -0.682980677
   569   0.956622025   0.570676800
   570   0.597159710  -0.833875899
   571  -0.795040793   0.961631122
   572   0.906213778  -0.901599168
   573  -0.890945843   0.484984764
   574   0.818329360  -0.616024284
   575   0.810558233  -0.915165874
   576  -0.840860710   0.830080399
   577  -0.721418169   0.728005807
   578  -0.626926878  -0.925787596
   579  -0.886227109   0.737945179
   580  -0.424861148   0.982981822
   581  -0.490667054   0.891796106
   582   0.945539994  -0.974117090
   583  -0.957794324  -0.948389049
   584  -0.610569642  -0.972737194
   585  -0.995707029   0.763397229
   586  -0.970331362  -0.591673914
   587   0.988431591  -0.812243180
   588  -0.929309436  -0.666039356
   589  -0.926698845  -0.813954263
   590  -0.897458399   0.997471774
   591  -0.958814459   0.622985746
   592  -0.646673710  -0.847953901
   593  -0.641913441   0.804246218
   594  -0.596788563  -0.821754064
   595   0.982811887  -0.690307909
   596   0.856671931  -0.796965373
   597   0.959564934   0.988081753
   598  -0.998329787  -0.496006641
   599   0.699202511   0.899776767
   600  -0.780868267   0.823794140
   601   0.369030084   0.982656614
   602   0.872169279  -0.649600185
   603  -0.892510522   0.701317709
   604   0.864021316  -0.577160813
   605  -0.756769925  -0.990377413
   606   0.904280539   0.569280194
   607  -0.990553428   0.901937712
   608  -0.809789659   0.705462732
   609   0.965027609   0.738885580
   610   0.999824132   0.507916141
   611   0.640004418   0.868302986
   612  -0.932781274  -0.569811743
   613   0.943997644   0.871910751
   614   0.993524441   0.670006539
   615   0.448552506   0.935183397
   616   0.858073449   0.894322298
   617  -0.981691169  -0.851292123
   618   0.592168262  -0.811300395
   619  -0.843827961  -0.875311794
   620   0.832266424   0.877003844
   621   0.984798777   0.334925303
   622   0.464751734  -0.926332851
   623   0.921874304   0.991353065
   624   0.351214666  -0.974037502
   625  -0.439969179   0.953609876
   626  -0.880648681   0.719038637
   627   0.717160962  -0.723860665
   628   0.946026253  -0.844475388
   629   0.989565883  -0.764661838
   630  -0.951258260   0.308767853
   631  -0.850790451  -0.996931818
   632  -0.629763404   0.828545648
   633   0.727472870   0.945957391
   634   0.944790913  -0.670835113
   635   0.786304360   0.844381216
   636   0.585748037  -0.882391069
   637  -0.657382420   0.775830861
   638   0.544077215  -0.925372023
   639  -0.854430470   0.720151158
   640   0.596439860   0.936287670
   641   0.589904123   0.830028308
   642  -0.471818939   0.993671893
   643   0.774473740   0.976135980
   644  -0.572773368   0.849299718
   645  -0.816182523  -0.689843147
   646  -0.612381441  -0.809339297
   647   0.982125697  -0.378023992
   648  -0.878385470   0.623920779
   649  -0.971814187  -0.427945023
   650  -0.844181778  -0.850887401
   651   0.937477099  -0.990793428
   652   0.464494328   0.997128384
   653  -0.950829925   0.343648779
   654   0.955390535   0.986181495
   655  -0.964044297   0.758098158
   656  -0.629624156   0.805110159
   657  -0.550035932  -0.994865354
   658  -0.675598290  -0.986757123
   659  -0.802840977   0.928544802
   660   0.835370153   0.847724502
   661  -0.921593234  -0.868153996
   662   0.929625272   0.743056238
   663  -0.954919037   0.898035188
   664   0.698239427   0.903617059
   665  -0.913604636  -0.944469470
   666   0.991281452  -0.335520773
   667   0.584185126  -0.936289834
   668  -0.770473709  -0.792300198
   669  -0.906091590  -0.981546562
   670  -0.555711125  -0.918116296
   671  -0.425997084   0.993954647
   672   0.964725288  -0.278750528
   673   0.924724973  -0.958341457
   674  -0.869928140  -0.851704785
   675  -0.803463662   0.990028086
   676  -0.913605612  -0.594263602
   677  -0.463594118   0.914957833
   678  -0.830723582  -0.778744671
   679   0.844534932  -0.742761602
   680   0.906085328  -0.750842699
   681  -0.697293580   0.890166197
   682   0.929089603  -0.791552530
   683  -0.287912487   0.974418640
   684  -0.765676389   0.948539825
   685   0.784182416   0.820165984
   686  -0.843219013   0.967236806
   687   0.690305093   0.912402110
   688   0.778485458   0.898612275
   689  -0.690861107  -0.806322663
   690  -0.956182499   0.828851421
   691  -0.943150660  -0.758676095
   692   0.949942596  -0.347976534
   693   0.758059169   0.843789740
   694   0.492351128   0.908407376
   695   0.728876893  -0.779407729
   696   0.777852007  -0.723658068
   697  -0.966497314  -0.652736617
   698   0.937996131  -0.991234463
   699   0.931552133  -0.887324425
   700  -0.837780887   0.559384356
   701   0.912962772   0.819003832
   702  -0.706447896  -0.724885164
   703  -0.997218735   0.673583108
   704   0.998843352  -0.384734732
   705   0.894300774  -0.713440503
   706  -0.706865164  -0.853799490
   707  -0.511612945  -0.957764855
   708   0.968237992  -0.422594632
   709   0.902841136  -0.711084450
   710   0.928529345   0.606428973
   711  -0.994902322  -0.648327349
   712   0.442981714  -0.952020319
   713  -0.580935350  -0.821057991
   714  -0.800893290  -0.699628390
   715   0.533122367   0.956209790
   716   0.933005391   0.630825714
   717  -0.586571979   0.881367637
   718  -0.452179691  -0.940491741
   719  -0.646186773   0.956180684
   720   0.905654065  -0.824524708
   721   0.922349043  -0.681457411
   722   0.892546405  -0.746836176
   723  -0.762092019   0.887695264
   724   0.627364450  -0.970187693
   725   0.969887157  -0.971659356
   726   0.974860370  -0.725467824
   727  -0.941076931   0.706568385
   728  -0.913986307   0.737241809
   729   0.569539479  -0.953281669
   730  -0.906378329  -0.977759401
   731   0.988488537  -0.578391789
   732  -0.991454846  -0.831026307
   733  -0.714901731   0.723889678
   734   0.927418150   0.596690513
   735   0.950908764  -0.843164017
   736  -0.847654717   0.815452784
   737   0.902813650  -0.598527496
   738   0.387419698  -0.974586112
   739  -0.780495011  -0.890417190
   740   0.964959670   0.974573414
   741  -0.881709694   0.669096188
   742  -0.933699448   0.422036486
   743  -0.892538006  -0.501718508
   744   0.957339849  -0.913883589
   745  -0.940063550   0.377134720
   746   0.985701425   0.542869076
   747  -0.451157547  -0.922521190
   748  -0.818033146   0.691253342
   749  -0.948315104   0.377641946
   750  -0.879790919   0.895922701
   751   0.652488762   0.961643084
   752  -0.958981106  -0.547010804
   753   0.507510603   0.911455433
   754  -0.805500737   0.742131746
   755  -0.671225996  -0.791603359
   756  -0.995511255  -0.560728507
   757   0.965015803  -0.782914720
   758   0.607895355   0.832105926
   759  -0.727366559  -0.916315384
   760  -0.525578251   0.926883717
   761   0.907875953   0.449242487
   762   0.748283175  -0.769390377
   763  -0.720040786  -0.978667145
   764  -0.473685697   0.898056928
   765   0.778096960   0.793366425
   766   0.951227000   0.674255130
   767  -0.832024134  -0.659834007
   768   0.605885018  -0.831779555
   769   0.976944210  -0.653146050
   770   0.768287988  -0.938256957
   771  -0.991913948  -0.959829825
   772  -0.969217469  -0.475098503
   773   0.899063600  -0.864213450
   774  -0.922413573  -0.521946947
   775  -0.992338150  -0.525377171
   776   0.693980411  -0.732319338
   777  -0.836018990   0.857460209
   778  -0.686439896  -0.959145103
   779   0.558946231   0.929374140
   780   0.236423331   0.989897197
   781  -0.314266778   0.974422037
   782  -0.855093313   0.570368803
   783   0.815181544   0.620022440
   784   0.443905679  -0.910030836
   785  -0.856244006   0.943394435
   786  -0.851675347   0.740406198
   787  -0.957273654  -0.463080084
   788   0.798004688  -0.667374711
   789   0.827852469  -0.872558537
   790  -0.911560791   0.985164472
   791  -0.657976409   0.771426931
   792   0.804298119   0.606343714
   793  -0.631555261  -0.835985114
   794   0.863204378  -0.661491297
   795   0.365448687   0.991328268
   796  -0.898385964  -0.603586950
   797  -0.615476323  -0.804996236
   798   0.458479858   0.973872778
   799   0.940916165   0.921677845
   800  -0.640764186   0.998033068
   801   0.995397161   0.269198782
   802  -0.707548519   0.736956638
   803  -0.994684118  -0.993704107
   804  -0.647548337  -0.919200174
   805   0.630246604  -0.881918901
   806  -0.702098674   0.774353713
   807   0.896462189  -0.996627081
   808   0.988620331   0.429842462
   809   0.762509806  -0.894982421
   810   0.834819358   0.735816690
   811   0.985289944  -0.715048389
   812   0.970339103   0.627382492
   813  -0.745941749   0.799766040
   814  -0.687588002   0.833920224
   815  -0.670788214  -0.790421241
   816  -0.928048056   0.376737239
   817   0.312099931  -0.965040031
   818  -0.998156888   0.118986037
   819   0.653013032   0.958907236
   820  -0.585988505  -0.925060955
   821  -0.988994195   0.649882713
   822  -0.795983172  -0.625047024
   823  -0.694515358  -0.751829649
   824   0.621155098   0.876930029
   825  -0.723067196   0.729879280
   826   0.980829948  -0.972291524
   827  -0.932422062  -0.894834796
   828  -0.882139432   0.832621011
   829  -0.665614618   0.921670916
   830  -0.931359538   0.866787390
   831  -0.956966220   0.905553608
   832  -0.914769126  -0.564647146
   833   0.761421193   0.896755106
   834  -0.840014950  -0.639891626
   835  -0.984662615  -0.807052168
   836   0.729476873   0.732158432
   837   0.858483632  -0.600872564
   838   0.560056352   0.981018348
   839  -0.743665924  -0.788088233
   840   0.980247460   0.747299064
   841  -0.812268396   0.918585591
   842  -0.343478050  -0.953315040
   843   0.915227234   0.654338399
   844   0.960681908  -0.468276834
   845  -0.892419932  -0.968485572
   846   0.979348791  -0.590725986
   847   0.912774346  -0.540856464
   848   0.994985964   0.855660616
   849  -0.695247944   0.788918740
   850   0.782495803   0.846285214
   851   0.904067720  -0.719681090
   852  -0.883805403  -0.889803499
   853   0.819482647  -0.793988480
   854  -0.992132644  -0.464384109
   855   0.975544871  -0.518338500
   856   0.914737859   0.655742120
   857   0.895187860   0.645408102
   858   0.845047148   0.864703694
   859  -0.687088314   0.797115479
   860   0.674922556  -0.859370127
   861   0.842922483   0.625754805
   862   0.948260192  -0.595864533
   863  -0.558487306   0.905456210
   864  -0.974224229   0.498014147
   865  -0.756744581  -0.765685844
   866   0.891577037   0.502010894
   867  -0.812967826   0.596701506
   868   0.611809814  -0.968530478
   869   0.616766251  -0.976874720
   870  -0.440861336   0.982411998
   871   0.958628592  -0.720653004
   872  -0.844700393  -0.606980847
   873  -0.508206413   0.924462554
   874  -0.988705008   0.697652728
   875  -0.991130218   0.908087106
   876   0.992369069  -0.908467955
   877   0.937984906   0.898705571
   878   0.958210581  -0.455375512
   879   0.963080326  -0.790385690
   880  -0.564138117  -0.947663889
   881  -0.685144763  -0.975809536
   882  -0.797433658   0.704836850
   883   0.927479839   0.672479917
   884   0.330014286   0.947325300
   885   0.860789444   0.869390562
   886  -0.615101440  -0.819972901
   887   0.356117574  -0.997689421
   888   0.665570539   0.897410766
   889  -0.756533470  -0.665454571
   890  -0.957494605   0.503215263
   891  -0.801855950  -0.640365740
   892   0.768144031  -0.877686004
   893   0.878755059   0.774929901
   894  -0.820651689  -0.934397703
   895   0.810095481  -0.881475863
   896  -0.742801439   0.779017471
   897   0.225958808  -0.996231488
   898   0.869266477  -0.623307460
   899  -0.700774016  -0.745400530
   900   0.877134046   0.920889231
   901  -0.975164732   0.712752279
   902  -0.829190236   0.656112379
   903   0.738955664   0.873296557
   904   0.838417810   0.773929614
   905   0.522400669  -0.908456350
   906  -0.984824194  -0.369059358
   907  -0.912744005   0.540025539
   908  -0.794942970  -0.770327291
   909   0.796092018  -0.802283372
   910  -0.980767003  -0.809679459
   911   0.911250986  -0.469683776
   912  -0.377993304  -0.993418146
   913  -0.926132535  -0.857128130
   914  -0.800741211   0.936361630
   915  -0.737730239  -0.717478086
   916   0.348766980  -0.979938900
   917  -0.981997455   0.683339258
   918   0.981597731   0.767639729
   919   0.345864689  -0.985448075
   920  -0.614414599   0.988142485
   921  -0.988249938  -0.638490702
   922  -0.998888740  -0.094458716
   923   0.752424964  -0.744500589
   924  -0.703183567  -0.838920865
   925  -0.377202332   0.998115468
   926   0.853300469   0.611731846
   927  -0.997201949   0.464493228
   928  -0.807640986  -0.807107330
   929   0.768670990  -0.897029543
   930  -0.852694764   0.702318130
   931  -0.935486669   0.785463498
   932  -0.845052555  -0.718269736
   933   0.908812064   0.849728266
   934   0.808206155  -0.667418476
   935  -0.677099087  -0.750868990
   936   0.856938400   0.519679502
   937  -0.722837485  -0.769089117
   938  -0.961773416  -0.644819638
   939  -0.625580436  -0.827332498
   940   0.993582465  -0.547157994
   941  -0.818568510  -0.694569104
   942  -0.553099334   0.933434837
   943   0.671205348   0.903984726
   944   0.914068438  -0.821138870
   945  -0.796757048  -0.785833846
   946   0.465075957  -0.980087957
   947   0.962141265   0.574008846
   948   0.936757052  -0.952744094
   949  -0.599658803  -0.813390268
   950   0.919938135  -0.410258987
   951  -0.961361348   0.887750425
   952  -0.702892735  -0.901940294
   953  -0.717607235   0.928771366
   954   0.651661252   0.972697406
   955   0.794665496  -0.789935194
   956   0.713276974  -0.948127744
   957  -0.587353716  -0.972808625
   958   0.837366467   0.845803641
   959  -0.958253119   0.546129339
   960   0.885415889   0.641911082
   961   0.876947657  -0.534853749
   962  -0.319497010  -0.981148326
   963  -0.935221901   0.995518463
   964  -0.835430522  -0.569572826
   965  -0.849715425   0.772940208
   966  -0.851175391  -0.620384675
   967  -0.832517930  -0.875197295
   968  -0.524724339   0.890866812
   969   0.852498139  -0.616291661
   970  -0.516097620   0.945923074
   971  -0.692748339  -0.929837530
   972  -0.436062104   0.977340479
   973  -0.999709220  -0.701579191
   974   0.880888927   0.752256955
   975  -0.754530283  -0.789299522
   976   0.364252131   0.985458680
   977  -0.474585895  -0.923441258
   978  -0.797255363   0.651563980
   979  -0.902872962  -0.791529107
   980   0.582783997   0.950581123
   981   0.623855999   0.872007729
   982   0.480963949  -0.986013867
   983   0.381231650  -0.932599659
   984  -0.765040989  -0.770254392
   985   0.403131306  -0.991773429
   986  -0.877866936  -0.768554761
   987   0.807454464   0.907002882
   988  -0.941887855   0.640632046
   989  -0.571602652  -0.941338364
   990  -0.856019273   0.557924576
   991  -0.124541730  -0.997861843
   992  -0.604180333   0.809729625
   993   0.666234079  -0.993106728
   994   0.928660776   0.546801126
   995   0.668882432  -0.890609361
   996  -0.918564716  -0.535244033
   997   0.556049729  -0.879255327
   998   0.957445944  -0.913320960
   999   0.867402440   0.555299284
  1000   0.925280409   0.747990500
  1001  -0.950490265   0.720232842
  1002  -0.999362795  -0.590443167
  1003  -0.554412581   0.897796814
  1004   0.588947312  -0.850991749
  1005  -0.763714732   0.762269199
  1006  -0.636658580  -0.954905399
  1007   0.932609119  -0.669513422
  1008  -0.735112146  -0.997008782
  1009  -0.873536699  -0.936087037
  1010  -0.821278409  -0.799971183
  1011   0.918937067   0.712247523
  1012  -0.614005258   0.864971050
  1013   0.852746039   0.830281026
  1014   0.802073903   0.820083561
  1015  -0.944120917  -0.500868319
  1016  -0.953967439   0.425443856
  1017  -0.774651637  -0.910060572
  1018  -0.818690057   0.802709130
  1019   0.990046320  -0.188853272
  1020   0.993269460   0.856357995
  1021  -0.603978708   0.953272267
  1022  -0.974274931   0.659002602
  1023  -0.934708703  -0.444117204
  1024   0.825094637  -0.949066385
  1025   0.661765135  -0.866474422
  1026   0.890820929   0.563611572
  1027   0.961182898   0.855042604
  1028   0.716999610  -0.963059272
  1029  -0.853615386  -0.676623178
  1030  -0.819780238   0.768225270
  1031  -0.874451116   0.736522211
  1032  -0.913447055  -0.497114344
  1033  -0.609712669   0.936779297
  1034   0.998863674   0.358229289
  1035   0.999503464   0.826637528
  1036  -0.805315736   0.920073323
  1037   0.778079479  -0.966433652
  1038  -0.792418828  -0.961206125
  1039  -0.634383093   0.817563028
  1040  -0.762087801   0.802680282
  1041  -0.731380721   0.897879937
  1042  -0.649153408  -0.898231503
  1043  -0.318050748  -0.999161993
  1044   0.916971824   0.970211445
  1045   0.942361576   0.346590019
  1046   0.566981674  -0.838607324
  1047   0.527236004   0.958407066
  1048  -0.744270245   0.783574136
  1049   0.936145587  -0.595975148
  1050  -0.883887759   0.568949919
  1051   0.895270496   0.522893133
  1052   0.509885978   0.935214727
  1053  -0.934193527   0.904308175
  1054   0.941287234  -0.730924826
  1055   0.895340877   0.793370091
  1056   0.669582412   0.774616253
  1057   0.996115112   0.336618219
  1058   0.841831256   0.913163143
  1059   0.621744655   0.903859049
  1060   0.919657090  -0.717116741
  1061   0.926723074   0.750795078
  1062   0.755056524  -0.927529521
  1063  -0.496469095  -0.894906822
  1064  -0.922262512   0.425315382
  1065   0.834762550  -0.668144548
  1066   0.538447591  -0.992597121
  1067   0.999302338   0.295414294
  1068  -0.920014125  -0.655827995
  1069   0.667444995   0.826701044
  1070   0.974557332   0.319533715
  1071   0.789395632   0.681394257
  1072  -0.812972986   0.849409815
  1073   0.998378533   0.357049067
  1074  -0.396370158  -0.987176241
  1075   0.708900596  -0.902367081
  1076  -0.991741033   0.991673062
  1077  -0.975722360  -0.358482516
  1078   0.845939181   0.784583082
  1079   0.711564658   0.704092970
  1080  -0.610786622  -0.839585407
  1081   0.527599657  -0.984937569
  1082  -0.315005654   0.998699201
  1083  -0.390709246  -0.975853099
  1084  -0.286933910   0.980251382
  1085   0.983844816   0.845475616
  1086   0.997666159   0.174094041
  1087  -0.772708947   0.816894410
  1088   0.789489076   0.615773881
  1089   0.760959989  -0.710760046
  1090  -0.971372152   0.916308287
  1091  -0.412298094  -0.964257080
  1092  -0.767947571  -0.968051061
  1093   0.819361393   0.678291974
  1094  -0.461822131  -0.936944919
  1095   0.519631576   0.909549350
  1096   0.919954260  -0.771179033
  1097   0.782322607  -0.979654443
  1098  -0.858598320   0.969897532
  1099   0.930020962   0.630788344
  1100   0.684187088  -0.867170432
  1101  -0.703128661   0.800239597
  1102  -0.639566883   0.989527131
  1103   0.892036220  -0.955460496
  1104   0.609028262   0.912690469
  1105  -0.640044621  -0.952804571
  1106   0.828507818   0.569414002
  1107   0.784052042   0.839155076
  1108  -0.856468997   0.779634828
  1109  -0.959121827  -0.285846094
  1110  -0.977104657   0.939146180
  1111   0.963571033  -0.865126144
  1112   0.869891517   0.742258027
  1113   0.807613634  -0.700812496
  1114   0.495394062  -0.973972075
  1115  -0.953176754  -0.511309483
  1116   0.860852952   0.799503872
  1117  -0.832962412  -0.568694849
  1118   0.944751208  -0.841207852
  1119  -0.986613259  -0.177648512
  1120   0.984192796   0.221994476
  1121   0.629942719   0.991738265
  1122   0.273489892   0.991594009
  1123   0.936844403   0.622715630
  1124   0.371692428   0.946059156
  1125   0.986692226  -0.463739080
  1126  -0.956455348   0.526679778
  1127  -0.135836633   0.992111332
  1128  -0.993487128  -0.572361295
  1129   0.729566199  -0.708713166
  1130  -0.992887184   0.996345104
  1131   0.885497001   0.898717171
  1132  -0.230053702  -0.993616615
  1133   0.996406763   0.146505255
  1134   0.979522339   0.628438702
  1135  -0.902469423   0.715659243
  1136  -0.473544131   0.988374864
  1137  -0.774609281  -0.988856964
  1138  -0.753119823   0.696386286
  1139  -0.515357836   0.979123322
  1140  -0.674125164  -0.801399180
  1141   0.821010816   0.974492427
  1142   0.887617762   0.961232992
  1143  -0.908488384  -0.930353339
  1144  -0.877939989  -0.567184579
  1145  -0.333613566   0.990328313
  1146   0.536805364   0.941289680
  1147  -0.418435552  -0.962520109
  1148   0.955272717   0.521816411
  1149   0.672253104   0.769376997
  1150  -0.764236627   0.793202135
  1151   0.898289559  -0.570443429
  1152  -0.334968842   0.994835340
  1153  -0.623275771   0.866131382
  1154   0.999980407   0.876991694
  1155  -0.858923741   0.676166730
  1156  -0.798662946   0.771395731
  1157   0.835669216   0.651234684
  1158   0.988095661  -0.637033797
  1159  -0.267904576   0.976778708
  1160   0.947925327  -0.794960884
  1161   0.954644249   0.768538098
  1162   0.995290801  -0.393758207
  1163  -0.684487610   0.960523379
  1164  -0.720979015   0.736686805
  1165   0.771375775  -0.963872635
  1166   0.244509058   0.978694961
  1167   0.974572088  -0.468539764
  1168  -0.426995675   0.986444213
  1169   0.726863314   0.784437754
  1170   0.940095200  -0.362419037
  1171  -0.968384464   0.700603041
  1172   0.894898187   0.904249872
  1173   0.777782787  -0.909768154
  1174  -0.306983995   0.999242050
  1175   0.812029180  -0.889900988
  1176   0.986070907   0.744544583
  1177   0.966101346   0.454343819
  1178   0.940008723  -0.697654551
  1179   0.943567307   0.868599008
  1180  -0.624730166  -0.902146457
  1181  -0.742794022  -0.793462937
  1182   0.606120762  -0.906073099
  1183   0.942655441  -0.729420724
  1184  -0.765984885  -0.980064150
  1185  -0.877029276  -0.778448981
  1186  -0.424570551  -0.909999642
  1187   0.965526668  -0.877298542
  1188   0.661811123  -0.799789548
  1189  -0.691446547  -0.929657387
  1190  -0.741341435  -0.804136800
  1191   0.366712737  -0.954139678
  1192   0.412169540   0.945674409
  1193  -0.846782592  -0.845517136
  1194  -0.990275990   0.470780791
  1195  -0.873552988   0.878944716
  1196   0.551856142   0.845704528
  1197   0.289241283   0.989036791
  1198  -0.926857135  -0.727967587
  1199  -0.763354890   0.832625241
  1200  -0.616393382  -0.797315393
  1201  -0.944871399   0.754430148
  1202  -0.998657035  -0.649384310
  1203  -0.861791181   0.840950839
  1204   0.933956230  -0.623256351
  1205  -0.714996508  -0.961848967
  1206   0.380806628  -0.962209151
  1207   0.498620117   0.878978375
  1208   0.862279562  -0.709472101
  1209   0.882669977  -0.650869361
  1210   0.477720339  -0.928895073
  1211   0.327630942  -0.965337211
  1212  -0.778111817  -0.842084284
  1213  -0.507095974   0.862841608
  1214   0.968391881   0.747563349
  1215   0.940740903  -0.346460656
  1216  -0.876925973  -0.789898713
  1217   0.955039547  -0.618528836
  1218   0.516027679   0.921267887
  1219   0.769163303  -0.841926395
  1220  -0.994029847   0.760883437
  1221   0.676941857  -0.797907559
  1222  -0.856677150   0.517871218
  1223   0.643931998  -0.992794785
  1224  -0.848631928  -0.898584314
  1225   0.889060315   0.745845775
  1226   0.736615290  -0.971810572
  1227  -0.824225322  -0.792200816
  1228   0.930900691  -0.603429494
  1229   0.464402917  -0.969147984
  1230  -0.921934064   0.591857562
  1231  -0.720473923  -0.959218074
  1232   0.666144887   0.990735484
  1233   0.650990440  -0.978320614
  1234   0.914166106  -0.785737819
  1235  -0.888633181  -0.765381303
  1236  -0.547786692   0.887827015
  1237   0.648253550  -0.922172111
  1238  -0.858781647   0.937059236
  1239   0.808529963   0.900209830
  1240   0.731227800   0.931707870
  1241  -0.906869685  -0.609615904
  1242   0.663677048   0.929307995
  1243   0.324067446   0.971019001
  1244  -0.993285931   0.959542479
  1245  -0.951410137   0.611524864
  1246  -0.904681307  -0.549745081
  1247  -0.982512861  -0.240686385
  1248   0.774081801  -0.944075988
  1249   0.789087415  -0.939073254
  1250  -0.985414887  -0.812989566
  1251  -0.916238734  -0.680032266
  1252   0.677814388   0.787501952
  1253  -0.616893012  -0.798345042
  1254  -0.990691426  -0.973781297
  1255  -0.831824983   0.676993702
  1256   0.819534539   0.712685784
  1257   0.934084133   0.471708092
  1258  -0.875864129   0.988233796
  1259   0.457836799  -0.923435812
  1260   0.843935303  -0.623820304
  1261  -0.218406057  -0.981568417
  1262   0.734460898   0.693461968
  1263  -0.984748200  -0.471234670
  1264   0.951435093   0.673416482
  1265   0.933416368   0.609827626
  1266  -0.607491926   0.995262960
  1267   0.504219364  -0.948329145
  1268   0.932708488  -0.470802772
  1269   0.916410183   0.554908361
  1270   0.486805495   0.878576303
  1271   0.752244298  -0.663236259
  1272   0.985711997  -0.628676071
  1273  -0.368106590   0.991934343
  1274   0.871021715  -0.516080330
  1275  -0.867660352  -0.593538845
  1276  -0.862462840   0.725596999
  1277   0.999919719   0.432242320
  1278  -0.993339608   0.273488612
  1279  -0.636805947   0.802044978
  1280  -0.951215799   0.765864992
  1281   0.948370736   0.889130834
  1282   0.916166046   0.426965956
  1283   0.761893385   0.765810199
  1284  -0.544114482   0.923127572
  1285  -0.925650321   0.458613122
  1286   0.953286819   0.958463786
  1287  -0.685049102   0.875054915
  1288  -0.522042230  -0.990367232
  1289  -0.871244996   0.621338702
  1290   0.905619673   0.866551416
  1291  -0.612854968   0.927421179
  1292  -0.708626689  -0.832522144
  1293   0.870434536  -0.507965834
  1294  -0.949859901   0.623971979
  1295   0.630038308  -0.864071483
  1296   0.890411287  -0.530482442
  1297  -0.760178682  -0.862364153
  1298  -0.762796983  -0.859987849
  1299  -0.946696588   0.980368186
  1300  -0.944476099   0.882910208
  1301  -0.848531147   0.951460874
  1302  -0.861329302   0.944481406
  1303  -0.692790483  -0.915591240
  1304  -0.766109503  -0.945965159
  1305   0.779699398  -0.868449312
  1306   0.814770003  -0.821433379
  1307  -0.887693941  -0.614045884
  1308  -0.912315524  -0.840942446
  1309   0.853031080   0.917123255
  1310   0.988943510  -0.635235336
  1311  -0.722989375  -0.701381412
  1312   0.325342170   0.963128792
  1313   0.570069848   0.853036572
  1314  -0.995793592  -0.365428438
  1315  -0.819095529   0.875758343
  1316   0.716569433   0.750960565
  1317   0.965384273  -0.287598595
  1318  -0.768199201  -0.865123358
  1319   0.730288530  -0.962846945
  1320   0.981162775   0.474441977
  1321   0.966711141   0.434848149
  1322   0.886012481   0.669358726
  1323  -0.488960961  -0.928027505
  1324  -0.759393216   0.768987253
  1325  -0.992130394  -0.399150039
  1326   0.735177058   0.955600639
  1327   0.852580991   0.926669576
  1328   0.876810105  -0.571930347
  1329   0.819753169  -0.980625480
  1330   0.989029976  -0.835012971
  1331   0.811535656  -0.880335463
  1332   0.782560208  -0.984822141
  1333   0.910351598   0.638567383
  1334  -0.605172018   0.799281835
  1335   0.807605489   0.679021811
  1336   0.439661325  -0.964018579
  1337  -0.436001971   0.991111049
  1338  -0.922144014  -0.527493449
  1339  -0.995134910   0.167553443
  1340  -0.990499291  -0.664002737
  1341   0.529587076  -0.862626955
  1342  -0.629636466  -0.987828089
  1343  -0.998317698   0.591081650
  1344  -0.995043272  -0.641559753
  1345   0.512178548   0.956557883
  1346   0.990424221  -0.616533267
  1347   0.439842991   0.911864786
  1348   0.906043252  -0.963841490
  1349   0.910528375  -0.727611783
  1350  -0.799118530   0.727240997
  1351  -0.543794750   0.928181160
  1352  -0.635125933  -0.949718005
  1353  -0.989556576   0.265016764
  1354  -0.662471465  -0.789128244
  1355   0.805254421   0.931792295
  1356   0.818076768   0.723962916
  1357   0.887292379  -0.779342191
  1358   0.569581078  -0.844668872
  1359  -0.648900003   0.992398454
  1360  -0.997734561  -0.444332033
  1361   0.857244235  -0.832539889
  1362  -0.985554468  -0.307825194
  1363  -0.967302845   0.897135937
  1364  -0.763495126  -0.885746948
  1365   0.970989087   0.344450498
  1366   0.911029723  -0.919228587
  1367  -0.983104471  -0.387549593
  1368  -0.808819195   0.746773589
  1369  -0.814203415  -0.583077141
  1370   0.929688519   0.999577478
  1371  -0.425954703   0.911996312
  1372   0.813746205   0.801469934
  1373  -0.771750796  -0.883169762
  1374  -0.900854939  -0.648275534
  1375   0.787961004  -0.825106181
  1376  -0.774441380   0.637665485
  1377   0.803632727  -0.856681252
  1378   0.862347745  -0.623883369
  1379   0.934449463  -0.803973056
  1380   0.604559144  -0.981115766
  1381   0.545398737   0.935994533
  1382  -0.964298320   0.336788628
  1383   0.530326027   0.950368093
  1384  -0.615600188  -0.846744331
  1385   0.521295523  -0.967589580
  1386   0.988489092  -0.811533265
  1387  -0.517074585   0.926684944
  1388   0.298618396   0.997004718
  1389  -0.860778742   0.562395242
  1390   0.950341729  -0.387820954
  1391  -0.914205281   0.456422268
  1392  -0.694214433   0.865053745
  1393   0.982141393   0.977201857
  1394  -0.752014672   0.946103069
  1395   0.942860801   0.632192470
  1396   0.983636869  -0.976210960
  1397  -0.845964204  -0.714307815
  1398   0.767808465  -0.949331091
  1399  -0.794254139  -0.895670711
  1400  -0.961489559   0.954540048
  1401   0.963681419   0.872007423
  1402   0.716611807  -0.746452247
  1403  -0.835587765  -0.550141407
  1404   0.571494939   0.874689469
  1405   0.956685176   0.386516045
  1406  -0.866364173  -0.735438338
  1407   0.889108778   0.729506599
  1408  -0.684605250   0.741405413
  1409   0.984010073  -0.292201351
  1410   0.923700465   0.543054196
  1411   0.995706840   0.571899042
  1412   0.630341361   0.989226075
  1413  -0.903110171  -0.632164039
  1414  -0.578832805  -0.948214833
  1415   0.948230162  -0.344303427
  1416  -0.637332591   0.916008507
  1417  -0.967540778  -0.996711855
  1418   0.639893673  -0.806151497
  1419  -0.968231839   0.356300356
  1420  -0.450027002  -0.926405191
  1421   0.418215649   0.935638052
  1422  -0.900261258   0.881934082
  1423  -0.959867368   0.827618519
  1424   0.781650305   0.694954799
  1425   0.746183426   0.780296638
  1426   0.983876917   0.305967341
  1427   0.408957284  -0.921432194
  1428  -0.902673624   0.557636530
  1429   0.438796670  -0.998949513
  1430   0.875843299   0.506154038
  1431  -0.549970746  -0.960152958
  1432   0.991204051  -0.761971258
  1433   0.992466236   0.604259544
  1434   0.997777928  -0.379535696
  1435   0.712202057   0.770891075
  1436   0.843612618  -0.768902715
  1437  -0.722730394   0.871839305
  1438   0.814692415   0.841249684
  1439  -0.286122419   0.965199631
  1440   0.628054392  -0.853292248
  1441   0.953113055   0.606478796
  1442   0.979594425  -0.868325633
  1443   0.914570150   0.835304280
  1444  -0.951431969  -0.409627701
  1445  -0.763082815   0.808701285
  1446   0.993315441  -0.141744268
  1447  -0.928840402  -0.542431650
  1448   0.516368705   0.871766001
  1449  -0.266869102  -0.998845138
  1450   0.652327510  -0.843016001
  1451   0.776903720  -0.798836101
  1452   0.937499144  -0.606336778
  1453   0.923104737  -0.473308339
  1454  -0.653223157   0.783621106
  1455  -0.893446645  -0.497657083
  1456   0.786404647   0.758620191
  1457  -0.929169329  -0.959370818
  1458   0.992574800   0.536402331
  1459   0.886377743  -0.815827391
  1460  -0.820223737  -0.726346168
  1461   0.884366127  -0.882359632
  1462   0.632645827   0.843705870
  1463   0.874797027   0.631046088
  1464   0.853912183  -0.838239118
  1465  -0.853591175  -0.755978412
  1466   0.585732714  -0.875278629
  1467  -0.562022822  -0.883772582
  1468  -0.967221501   0.874870463
  1469   0.571525706   0.890003680
  1470   0.985126896   0.423246450
  1471  -0.563615717   0.898791648
  1472  -0.933008320   0.362979766
  1473   0.708131948   0.726158635
  1474  -0.903431258  -0.746507735
  1475   0.958353068   0.712933590
  1476  -0.824733321   0.695731766
  1477   0.843894037   0.717950780
  1478   0.770513180   0.668224417
  1479   0.757943186   0.690646183
  1480   0.887636712   0.743049223
  1481  -0.892757127   0.551351903
  1482   0.758256353  -0.938581434
  1483   0.880994777   0.485333820
  1484  -0.781521600  -0.880385452
  1485   0.822846382   0.601858326
  1486  -0.793717546   0.806190359
  1487   0.882868561  -0.755647684
  1488   0.957676795   0.302670624
  1489  -0.700445442   0.778146012
  1490   0.750147329   0.885180898
  1491   0.367095252   0.933115411
  1492  -0.898603968   0.791473843
  1493  -0.831926509  -0.926692564
  1494  -0.474499145   0.932979161
  1495  -0.878746236   0.682657882
  1496  -0.849142646   0.743501846
  1497   0.953900246  -0.633229837
  1498  -0.525992860   0.932622549
  1499  -0.254800603   0.984709553
  1500   0.878576842  -0.608633692
  1501  -0.878833445  -0.570066469
  1502  -0.505599796  -0.936654664
  1503  -0.602260701   0.898486245
  1504  -0.868900594  -0.838312975
  1505   0.815825445  -0.752275651
  1506  -0.825134413   0.909188262
  1507   0.929920669   0.878784059
  1508  -0.402578953  -0.965827865
  1509  -0.993609327   0.488504763
  1510   0.871487917  -0.719228925
  1511  -0.518200839   0.964468893
  1512   0.517029532   0.903414857
  1513   0.825613985  -0.937286958
  1514  -0.403864687   0.938329876
  1515   0.699717225  -0.937953971
  1516  -0.949686683  -0.330081016
  1517   0.911524389   0.526089164
  1518  -0.798829142   0.919281856
  1519  -0.616765028   0.830021335
  1520  -0.802141244   0.644918333
  1521   0.406332889  -0.987115069
  1522   0.964145122  -0.512661106
  1523  -0.867623910   0.875935460
  1524   0.475543167  -0.964931807
  1525   0.984990413   0.385187966
  1526  -0.775197048   0.654857158
  1527   0.882842999   0.911731737
  1528   0.951554872  -0.863322441
  1529  -0.995935954   0.799838087
  1530  -0.862618188  -0.798637029
  1531   0.987136522   0.987191271
  1532   0.733163388   0.683302297
  1533   0.505927474  -0.945185141
  1534  -0.962119770  -0.746775847
  1535   0.590038949   0.840405353
  1536  -0.724577550   0.880330144
  1537   0.624227081  -0.864269424
  1538   0.586042029  -0.851134506
  1539  -0.947494526   0.873831466
  1540  -0.831409785  -0.576273649
  1541  -0.665131381   0.913762641
  1542   0.732598411   0.891681143
  1543  -0.846562641   0.795520094
  1544   0.174755239   0.987942472
  1545   0.904155141  -0.699321418
  1546  -0.346931819   0.939313985
  1547  -0.712768805  -0.851278272
  1548  -0.939119494  -0.490607742
  1549   0.688231898   0.829809084
  1550   0.961486918  -0.874121086
  1551  -0.988531008   0.854356901
  1552  -0.622270389   0.908188071
  1553   0.933863021   0.374535079
  1554   0.589372335  -0.916898770
  1555  -0.562453706   0.906703493
  1556  -0.920365543  -0.835070838
  1557  -0.979178504  -0.367671307
  1558  -0.854540651   0.610895278
  1559   0.850565645   0.655937391
  1560  -0.690503264   0.864907851
  1561   0.599493459   0.870986899
  1562   0.515108401  -0.951608718
  1563  -0.772487509   0.743584730
  1564   0.967195441   0.930104901
  1565  -0.873595452  -0.742774116
  1566  -0.950575162  -0.633150952
  1567   0.688195619   0.938678440
  1568  -0.905174126   0.992193020
  1569  -0.896702350   0.878633321
  1570   0.524357178  -0.935125725
  1571   0.387405428   0.929117848
  1572  -0.857295034   0.817861646
  1573  -0.682591604   0.781279686
  1574  -0.873649155  -0.975333517
  1575  -0.997430527  -0.618606453
  1576  -0.909113885  -0.557208405
  1577   0.736291710   0.711567768
  1578   0.605363901  -0.830580409
  1579  -0.544990595   0.980308148
  1580  -0.778643573  -0.810451356
  1581  -0.544887204  -0.938038839
  1582  -0.911227798   0.900139921
  1583   0.989357949   0.913438444
  1584  -0.965829462   0.788461099
  1585   0.988195734  -0.844996876
  1586  -0.491198234  -0.933789920
  1587  -0.751845457  -0.754633044
  1588   0.588896195  -0.924296646
  1589  -0.476588410   0.884404228
  1590   0.885758107  -0.984964689
  1591   0.846230757   0.746330966
  1592   0.860727288   0.780989944
  1593   0.304461456  -0.972869055
  1594  -0.953564984  -0.797901759
  1595  -0.606311383  -0.873223290
  1596   0.814322469  -0.788461550
  1597   0.989562523   0.676553208
  1598  -0.741011601   0.865019634
  1599  -0.766510534   0.751697114
  1600  -0.839344663   0.656564396
  1601   0.584206775   0.818065963
  1602  -0.815658327  -0.758776767
  1603  -0.644763926   0.774666169
  1604  -0.933801144   0.984980659
  1605   0.744684337   0.835845296
  1606  -0.892996696  -0.534845063
  1607   0.457121540  -0.969768200
  1608   0.858040063   0.555069137
  1609  -0.501132916  -0.971601098
  1610  -0.865592049  -0.846198452
  1611  -0.855069168  -0.563837570
  1612  -0.347941203   0.995243136
  1613  -0.935892315  -0.433445161
  1614  -0.918549317   0.518830327
  1615   0.689726942   0.883725671
  1616  -0.718051877  -0.754917951
  1617  -0.784545223   0.932879880
  1618   0.790124675   0.644580749
  1619  -0.905439249  -0.643682048
  1620  -0.969938240   0.497900285
  1621   0.985439431  -0.713874057
  1622  -0.521731859  -0.906830489
  1623   0.675921059  -0.974982589
  1624  -0.965181868   0.362188628
  1625  -0.393771692   0.945248217
  1626   0.960070358  -0.332679454
  1627   0.879289381   0.706872544
  1628   0.981921378   0.808784298
  1629   0.790151053   0.653828729
  1630   0.442008155   0.917640300
  1631  -0.755113336   0.981402084
  1632   0.989512480  -0.702562001
  1633  -0.811675477   0.715553054
  1634  -0.205896639  -0.983839216
  1635  -0.577578842  -0.957631809
  1636  -0.818206463  -0.933366915
  1637   0.809136475   0.903900268
  1638   0.619184149  -0.939955104
  1639  -0.968738656   0.902133081
  1640   0.879448756  -0.929671440
  1641   0.320354933  -0.949017853
  1642   0.476518409  -0.969116881
  1643  -0.902826138  -0.587477483
  1644   0.370711537   0.960343840
  1645   0.820285851   0.893886601
  1646   0.868271309  -0.888680905
  1647  -0.508708171  -0.880138684
  1648   0.743022122  -0.840047984
  1649   0.289544294  -0.997304050
  1650  -0.976199978   0.459971791
  1651  -0.928974889  -0.456642920
  1652  -0.758393756   0.702355387
  1653   0.870516168   0.554611434
  1654  -0.676570375   0.989719746
  1655   0.831779209   0.846871730
  1656  -0.964124349   0.589326800
  1657  -0.555082270   0.964024495
  1658  -0.842360087  -0.693484118
  1659   0.480240650  -0.957330354
  1660   0.899125698   0.858188936
  1661   0.802499111  -0.971594671
  1662   0.959319270   0.559511965
  1663  -0.875844229   0.595227870
  1664   0.752324819   0.915073850
  1665   0.848123768  -0.709546507
  1666  -0.608549578   0.914150084
  1667  -0.536959014  -0.934401678
  1668   0.950121014   0.856082647
  1669  -0.807130205   0.928496395
  1670   0.830398414  -0.749990196
  1671  -0.961837309   0.422629511
  1672  -0.634943829  -0.835314817
  1673   0.824012479   0.975982059
  1674  -0.511492589  -0.882064772
  1675   0.883859413   0.775701181
  1676   0.873396065  -0.692649881
  1677   0.861260168  -0.681466601
  1678   0.947113326   0.644961880
  1679  -0.699782816   0.945029004
  1680   0.996734303  -0.189269014
  1681   0.969336788   0.694393266
  1682  -0.891079339  -0.532597820
  1683   0.627136738   0.948390806
  1684  -0.928782882   0.396964916
  1685  -0.957293369   0.813693573
  1686   0.356371966   0.937471301
  1687   0.930329062   0.727350586
  1688  -0.608365765   0.822891611
  1689   0.799851443   0.991199326
  1690  -0.534633791   0.932557978
  1691   0.875509759   0.543197383
  1692  -0.708417918   0.999888530
  1693   0.911727760  -0.542837667
  1694  -0.476542375   0.951454580
  1695  -0.834101298   0.946372297
  1696   0.531980243   0.853566087
  1697   0.724136321   0.875573167
  1698  -0.451513680  -0.973578468
  1699   0.867205978   0.923251545
  1700  -0.982954276  -0.511058730
  1701   0.857471772  -0.876828293
  1702   0.770549857   0.873845809
  1703  -0.826709338  -0.857538273
  1704   0.670615015   0.842304622
  1705   0.559946076   0.985745591
  1706   0.719631949  -0.878201047
  1707  -0.936292802  -0.953988424
  1708  -0.931025778  -0.395114823
  1709   0.908658619   0.452485326
  1710   0.315162555  -0.990406470
  1711   0.617387294  -0.992193759
  1712  -0.743851919  -0.926865930
  1713   0.797888319   0.668050312
  1714  -0.990604839  -0.587353485
  1715   0.852925071  -0.581999226
  1716  -0.613465136   0.931122672
  1717   0.988733343   0.710247306
  1718   0.823212698   0.741436202
  1719   0.979298623   0.277290309
  1720   0.849929878   0.531536233
  1721  -0.738950220   0.986391170
  1722  -0.897501914   0.588789637
  1723   0.808664220   0.745111132
  1724  -0.935985891   0.996980046
  1725   0.764021372  -0.816310286
  1726  -0.986111949   0.391857648
  1727   0.817896964  -0.884616221
  1728   0.540838261  -0.931597970
  1729   0.899590602   0.870841019
  1730   0.879590936  -0.581966737
  1731  -0.164977813   0.999334265
  1732  -0.149593122  -0.992870492
  1733   0.944195276   0.501701260
  1734  -0.757245802  -0.764520113
  1735  -0.909067423   0.621914507
  1736  -0.679681970   0.977011948
  1737  -0.973285458   0.248683484
  1738   0.486555319  -0.974685873
  1739   0.875472419   0.717389338
  1740   0.472329863  -0.890559979
  1741  -0.847906916   0.542032959
  1742   0.647369944   0.770297572
  1743   0.590071401   0.937594494
  1744   0.806720216  -0.811549338
  1745   0.740628679   0.780159555
  1746  -0.927490117  -0.934650989
  1747   0.685281747   0.831743968
  1748   0.739753205  -0.691852906
  1749   0.754261045  -0.904068874
  1750   0.772720653   0.752825995
  1751  -0.998884528   0.418720895
  1752  -0.731705180   0.793828992
  1753  -0.519140328   0.864669084
  1754  -0.585503478   0.923868270
  1755  -0.937488308  -0.723197171
  1756  -0.513150801   0.963210017
  1757   0.654694733   0.757467952
  1758   0.919010364   0.908590932
  1759   0.359308848  -0.938520388
  1760   0.815681409   0.697760608
  1761  -0.762876465  -0.996799177
  1762  -0.919518721   0.987537903
  1763   0.874727681  -0.502769107
  1764   0.562344723  -0.935974692
  1765   0.799905888   0.866788224
  1766  -0.692120386   0.767369346
  1767  -0.589538301  -0.986875974
  1768   0.988988628  -0.172515746
  1769  -0.940941460  -0.781736400
  1770  -0.637972558   0.895387993
  1771   0.701768777   0.742453156
  1772   0.971250788   0.948428709
  1773   0.958840847  -0.630939797
  1774   0.970486432   0.585519915
  1775   0.999210022   0.666210257
  1776   0.802287616   0.745931768
  1777  -0.861527600  -0.613227501
  1778  -0.782900298  -0.924940154
  1779   0.557890988  -0.891846383
  1780  -0.945554032  -0.352036965
  1781  -0.977318698   0.367009644
  1782  -0.909351586   0.988727853
  1783   0.992647427  -0.349801027
  1784  -0.595844939  -0.819779691
  1785   0.460719992  -0.958529098
  1786  -0.708752904  -0.927575521
  1787   0.886319616   0.833069433
  1788  -0.699306430  -0.754037756
  1789   0.633522476   0.934049435
  1790   0.586225532  -0.992430468
  1791  -0.783882808   0.862958691
  1792  -0.798863627  -0.642812342
  1793  -0.803313300   0.619097546
  1794  -0.886411440   0.606576868
  1795  -0.948671199  -0.460147797
  1796  -0.690060319   0.933910155
  1797  -0.661283717   0.962241898
  1798   0.870540421  -0.518951983
  1799   0.966024197  -0.809070054
  1800   0.924045110   0.542279797
  1801  -0.963727563   0.668809470
  1802  -0.850646603   0.691059279
  1803  -0.864219548   0.669357540
  1804  -0.748107198  -0.959161208
  1805   0.979298460   0.453934953
  1806   0.971230895  -0.375384980
  1807  -0.964121897  -0.513783126
  1808   0.648674049   0.898220983
  1809   0.728280463  -0.976799338
  1810  -0.869331432  -0.833087562
  1811  -0.953231515  -0.763198444
  1812   0.714468192  -0.961118251
  1813  -0.679124132  -0.946148694
  1814  -0.933409619   0.463281446
  1815  -0.612226242   0.985573909
  1816   0.545357271   0.988162181
  1817  -0.522643085   0.855924500
  1818   0.997591701  -0.985235477
  1819  -0.817667785  -0.577188756
  1820   0.592489147  -0.942424756
  1821   0.973441101   0.619821065
  1822  -0.841335874   0.651886715
  1823  -0.596102408   0.805529484
  1824  -0.652684800  -0.951305190
  1825   0.856921153   0.618988387
  1826   0.880808429  -0.557282503
  1827  -0.673445056  -0.806192264
  1828  -0.540524942  -0.864233992
  1829  -0.870434404  -0.974093860
  1830   0.987686978   0.208655916
  1831  -0.839463313  -0.903394837
  1832   0.239398611  -0.978050130
  1833  -0.673794449  -0.948283305
  1834  -0.592091491  -0.889354624
  1835   0.915116688  -0.963476758
  1836  -0.682101388   0.845388228
  1837   0.654110355   0.901430089
  1838  -0.552408025  -0.854451101
  1839  -0.540416468  -0.949605097
  1840   0.995954282   0.704960669
  1841   0.957723359   0.613909111
  1842  -0.767750322  -0.738903934
  1843  -0.951075513  -0.437942428
  1844   0.772909245   0.970843116
  1845  -0.835559844   0.808526839
  1846   0.725641194  -0.739744186
  1847  -0.901685137   0.469969542
  1848  -0.929530568   0.922296462
  1849  -0.882936191  -0.749939969
  1850  -0.930162661  -0.421358559
  1851   0.831219599  -0.650465710
  1852   0.649428993  -0.841096497
  1853  -0.670928121  -0.969482083
  1854  -0.219389565  -0.980763761
  1855   0.431690632   0.949836254
  1856  -0.870790381   0.784268665
  1857   0.735109676  -0.743474746
  1858   0.774661127   0.806432917
  1859  -0.846573131   0.548434587
  1860  -0.908447198  -0.940060125
  1861  -0.613727443  -0.965210823
  1862  -0.939616848   0.819584595
  1863  -0.950645766   0.465014634
  1864   0.937176257   0.923573512
  1865   0.346803711   0.997463698
  1866  -0.850634614   0.770832335
  1867   0.559553418   0.990480324
  1868   0.759389272  -0.983256800
  1869   0.693134241  -0.973600998
  1870  -0.847560243   0.900995513
  1871   0.904999823   0.604733787
  1872  -0.799055493   0.741804425
  1873   0.771266391  -0.795278335
  1874  -0.697897630   0.964642026
  1875  -0.970103811   0.321749628
  1876  -0.944786039   0.694609888
  1877   0.579973685   0.907291274
  1878   0.651786622  -0.957300527
  1879   0.990701026   0.711125595
  1880   0.244857267  -0.982869837
  1881  -0.903985710  -0.746649723
  1882  -0.857019950  -0.798160814
  1883  -0.960165911  -0.973870113
  1884   0.795915868   0.945552478
  1885  -0.707126234  -0.958392103
  1886   0.749935264  -0.951726754
  1887   0.988329500   0.353186013
  1888  -0.594983297   0.890268393
  1889   0.988316875   0.457566741
  1890  -0.711504527   0.856681013
  1891  -0.997887950   0.253304165
  1892  -0.924774034   0.996887862
  1893  -0.600591268   0.822803813
  1894   0.901016863  -0.562363712
  1895  -0.920953628   0.791473741
  1896   0.868165250   0.651007636
  1897  -0.977526515   0.440178740
  1898  -0.888214711  -0.893754456
  1899   0.992475987   0.640116501
  1900   0.894382348   0.859541565
  1901   0.789097029   0.803008096
  1902   0.925476006  -0.637276398
  1903   0.981188651  -0.274340100
  1904  -0.812232718  -0.592634325
  1905   0.622308997   0.796989974
  1906  -0.880886609  -0.843085296
  1907  -0.480565427   0.993917240
  1908  -0.992163088   0.729417498
  1909   0.769095884  -0.661376389
  1910  -0.368677823  -0.969229196
  1911  -0.800312094   0.616023439
  1912  -0.988277488   0.899964343
  1913  -0.955272018   0.488298869
  1914  -0.179430084  -0.993303164
  1915   0.790093239   0.645789479
  1916  -0.771760961   0.986654844
  1917   0.866598825  -0.970325354
  1918   0.950004560  -0.499864275
  1919   0.418362805  -0.972955657
  1920   0.747188192   0.998804987
  1921  -0.601230560  -0.997608692
  1922  -0.679848613   0.767900386
  1923  -0.963845822   0.630629191
  1924  -0.696335334   0.729605384
  1925  -0.989109274  -0.707327645
  1926  -0.648520818   0.879698878
  1927  -0.783513064  -0.707142392
  1928   0.789232023   0.875810572
  1929   0.871061202   0.716428248
  1930  -0.685665218   0.979271129
  1931   0.959571795   0.841285318
  1932   0.444420896   0.911138613
  1933  -0.645599612   0.839841390
  1934  -0.784939450   0.661126137
  1935   0.953015126  -0.432283943
  1936  -0.831773716  -0.597653531
  1937   0.670292927  -0.795409127
  1938   0.877555175   0.548047443
  1939   0.797475448   0.843779754
  1940   0.996172504   0.230419442
  1941   0.844346344   0.980509688
  1942   0.897367687  -0.856850504
  1943  -0.978242394  -0.588115243
  1944   0.894697240   0.636408814
  1945   0.345159959  -0.954604539
  1946   0.686056476  -0.772033515
  1947   0.889204840   0.761824934
  1948   0.542595380  -0.968851789
  1949   0.733962226   0.952897997
  1950   0.893352975  -0.922230891
  1951   0.939126704  -0.483759377
  1952  -0.581763900  -0.995021630
  1953  -0.965559373  -0.944652803
  1954  -0.965643759   0.977390549
  1955   0.919908983  -0.601019068
  1956   0.809617622   0.945029711
  1957  -0.885915613   0.719417435
  1958   0.877340522   0.524512904
  1959  -0.280828934  -0.985427038
  1960   0.879648775   0.939891534
  1961   0.531090774   0.978007939
  1962  -0.419199957  -0.954946925
  1963  -0.874131824  -0.767450029
  1964   0.939885952  -0.744872065
  1965   0.987571994   0.332400864
  1966   0.868488820  -0.758962417
  1967   0.476620873  -0.928293519
  1968  -0.829794851  -0.603877929
  1969   0.584938630   0.949744213
  1970   0.504917468  -0.941389707
  1971   0.997518867   0.760049783
  1972   0.966505837  -0.447210750
  1973  -0.836766961  -0.730066180
  1974   0.996928735   0.400759822
  1975   0.530061312   0.936090356
  1976   0.958445600   0.403602320
  1977  -0.996863052  -0.167205564
  1978   0.851631560  -0.918508684
  1979  -0.825977207  -0.690934412
  1980   0.586582958  -0.975728432
  1981  -0.826285075  -0.985806409
  1982  -0.999076499  -0.154870408
  1983   0.763780826   0.977828627
  1984   0.882989672   0.991823324
  1985  -0.929505452   0.595047786
  1986   0.629548670  -0.941082411
  1987  -0.764824882   0.903506853
  1988   0.856541627   0.810111179
  1989   0.455798054   0.951210166
  1990  -0.983742998  -0.852155902
  1991   0.626060239  -0.990025602
  1992  -0.579860864   0.966140387
  1993   0.890717814  -0.882397143
  1994   0.517925888   0.910873834
  1995   0.398007159   0.985797434
  1996  -0.358054363   0.972301001
  1997   0.951884719  -0.423313842
  1998  -0.709865347   0.797537136
  1999   0.818929658  -0.579889060
  2000   0.964624189   0.353894589
  2001   0.727370036  -0.938873436
  2002  -0.983025016  -0.980509235
  2003   0.985102539   0.411142415
  2004  -0.894427289   0.589204712
  2005   0.884974165   0.994270066
  2006  -0.541552594  -0.904547741
  2007   0.924984666  -0.490375505
  2008  -0.953296778  -0.388656323
  2009   0.880937125  -0.875019996
  2010   0.802191911  -0.752156147
  2011  -0.991801457  -0.527658428
  2012   0.994644383   0.661912277
  2013   0.904442752  -0.550911417
  2014   0.959828177   0.791951255
  2015  -0.644591709  -0.952965111
  2016  -0.860886829   0.749452382
  2017   0.603222415   0.863852883
  2018  -0.557270948   0.941776823
  2019  -0.954556131  -0.725920667
  2020  -0.993990052  -0.284780904
  2021   0.772750107  -0.949452681
  2022   0.477801359   0.878914779
  2023  -0.937927432   0.937242913
  2024  -0.702845848   0.948606573
  2025   0.625289885   0.831636319
  2026   0.594156248   0.868865825
  2027   0.974851669  -0.435904152
  2028  -0.711677904  -0.803681016
  2029  -0.444546720   0.951730060
  2030   0.837079901   0.559925190
  2031  -0.940747148  -0.896077809
  2032  -0.810046381  -0.769441999
  2033   0.905179581  -0.676780317
  2034  -0.696850739  -0.885149749
  2035  -0.291705637   0.975193024
  2036   0.951454820  -0.452441682
  2037  -0.995638588  -0.523270364
  2038   0.662220115  -0.777376654
  2039   0.549750079   0.899273296
  2040  -0.524841238  -0.918701357
  2041  -0.994926645   0.621743754
  2042  -0.828561891   0.643087214
  2043  -0.472666468  -0.950827253
  2044   0.850142109  -0.940073422
  2045   0.831666209   0.696814414
  2046  -0.961891684   0.648780427
  2047  -0.416189196  -0.957387876
  2048  -0.798487733  -0.666651270
  2049   0.565570560   0.879475376
  2050   0.444095693  -0.982680382
  2051   0.770337050  -0.818534196
  2052  -0.684498582   0.905800215
  2053   0.990274533  -0.966531474
  2054   0.950054439  -0.926720531
  2055   0.648958343   0.903574539
  2056   0.845437976  -0.942701971
  2057  -0.802345189   0.677000369
  2058   0.644861940   0.777440888
  2059   0.428986064  -0.921809429
  2060  -0.936002512  -0.721482184
  2061  -0.847346213  -0.600057376
  2062   0.719172961  -0.827219578
  2063  -0.756829620   0.879930042
  2064  -0.742462423  -0.774525783
  2065   0.996708957  -0.745807607
  2066   0.834043229  -0.606038807
  2067   0.906355816   0.718409961
  2068  -0.764143094   0.714083700
  2069  -0.852813203  -0.739389987
  2070   0.826143698   0.948073513
