Ket qua tinh toan he phuong trinh sau 198 lan lap:

####################################################################################################

    i             F1              F2              F3              f1              f2              f3              f4              f5               sai_so
    1    0.000000000     0.000000000     0.000000000     0.000000000     0.000000000     0.000000000     0.000000000     0.000000000         5.000000e+03
    2    0.000000000     0.000000000     0.000000000     0.000000000     0.000000000  5000.000000000 -1250.000000000   541.265877365         1.929529e+03
    3    0.000000000     0.000000000  -625.000000000 -1929.528856155   952.824408024  5994.691469341 -2138.997275359  1402.625193555         1.431486e+03
    4 -411.558530659 -1364.382938683 -1069.498637680 -3361.014538767  1683.831417463  6723.047404854 -2990.438322187  2136.813486463         1.083440e+03
    5 -692.764754566 -2376.596172028 -1495.219161093 -4444.454669982  2293.376383859  7318.961598457 -3703.967327944  2750.553092323         8.447450e+02
    6 -849.327651961 -3142.704035820 -1851.983663972 -5289.199667202  2820.627196045  7796.006307850 -4287.494722771  3266.853272278         6.665473e+02
    7 -919.401755683 -3740.028951728 -2143.747361386 -5955.746941843  3279.400283101  8177.548205497 -4765.643222015  3703.284189370         5.300460e+02
    8 -931.948766507 -4211.349049608 -2382.821611008 -6485.792979725  3678.741810100  8484.484904172 -5159.719094381  4073.594811113         4.245387e+02
    9 -907.406387236 -4586.148197336 -2579.859547191 -6910.331679673  4026.265407411  8733.100969068 -5486.421147976  4388.822748709         3.424468e+02
   10 -860.076983534 -4886.342390945 -2743.210573988 -7252.778439118  4328.617290959  8935.849695366 -5758.759658859  4657.924724910         2.781491e+02
   11 -799.871525785 -5128.488816744 -2879.379829430 -7530.927515128  4591.611556849  9102.274872001 -5986.927979802  4888.221638993         2.287179e+02
   12 -733.558357723 -5325.169914571 -2993.463989901 -7758.369392087  4820.329444682  9239.729798998 -6178.967385379  5085.736084788         1.988780e+02
   13 -665.666163413 -5485.995608095 -3089.483692690 -7945.539713847  5019.207466612  9353.914352269 -6341.266335205  5255.452602531         1.729087e+02
   14 -599.137545236 -5618.345011848 -3170.633167603 -8100.498240296  5192.116146999  9449.275202153 -6478.936433232  5401.519843841         1.503139e+02
   15 -535.801089704 -5727.917236703 -3239.468216616 -8229.508476983  5342.430002022  9529.304733261 -6596.096702213  5527.408655979         1.306595e+02
   16 -476.711247885 -5819.141249907 -3298.048351107 -8337.469961868  5473.089478035  9596.764949541 -6696.089488801  5636.036540675         1.135661e+02
   17 -422.392069941 -5895.481547976 -3348.044744400 -8428.241511277  5586.655598418  9653.855735251 -6781.645240275  5729.866327975         9.870245e+01
   18 -373.011127684 -5959.666726102 -3390.822620137 -8504.883655791  5685.358053252  9702.341763175 -6855.008929236  5810.984964569         8.577938e+01
   19 -328.502852961 -6013.860906212 -3427.504464618 -8569.841087578  5771.137429163  9743.648605668 -6918.037611218  5881.166872407         7.454480e+01
   20 -288.655317554 -6059.792746717 -3459.018805609 -8625.080489331  5845.682228569  9778.935853948 -6972.276170680  5941.925257290         6.477905e+01
   21 -253.170673717 -6098.852902286 -3486.138085340 -8672.195102566  5910.461274185  9809.153025069 -7019.016515397  5994.553943051         5.629077e+01
   22 -221.706690612 -6132.167964797 -3509.508257699 -8712.484438181  5966.752039829  9835.082542459 -7059.344150939  6040.161704300         4.891335e+01
   23 -193.904787391 -6160.656827220 -3529.672075469 -8747.015354840  6015.665394730  9857.372974010 -7094.175082633  6079.700617592         4.250180e+01
   24 -169.408477821 -6185.073872550 -3547.087541316 -8776.669125062  6058.167197167  9876.564897939 -7124.285261998  6113.989608932         3.692993e+01
   25 -147.875057395 -6206.042254562 -3562.142630999 -8802.177923886  6095.097125364  9893.111165095 -7150.334251469  6143.734116343         3.208796e+01
   26 -128.982573827 -6224.079699190 -3575.167125735 -8824.153299443  6127.185089391  9907.392881000 -7172.884376509  6169.542588928         2.788044e+01
   27 -112.433546875 -6239.618636266 -3586.442188254 -8843.108537218  6155.065527745  9919.732100845 -7192.416331816  6191.940392846         2.422433e+01
   28  -97.956485691 -6253.022013436 -3596.208165908 -8859.476350130  6179.289856047  9930.401985423 -7209.341981819  6211.381578436         2.104745e+01
   29  -85.305948892 -6264.595804939 -3604.670990910 -8873.622970742  6200.337302924  9939.634983607 -7224.014925335  6228.258872791         1.828704e+01
   30  -74.261673380 -6274.598976304 -3612.007462667 -8885.859457475  6218.624339231  9947.629470859 -7236.739265823  6242.912191999         1.588854e+01
   31  -64.627139820 -6283.251479051 -3618.369632911 -8896.450829744  6234.512881191  9954.555171558 -7247.776931328  6255.635912342         1.380454e+01
   32  -56.227829013 -6290.740710204 -3623.888465664 -8905.623499865  6248.317425389  9960.557616557 -7257.353814151  6266.685096348         1.199383e+01
   33  -48.909342060 -6297.226767449 -3628.676907076 -8913.571359541  6260.311253605  9965.761829999 -7265.664943611  6276.280835079         1.042057e+01
   34  -42.535499317 -6302.846752921 -3632.832471805 -8920.460795981  6270.731827955  9970.275395976 -7272.878861722  6284.614840427         9.053653e+00
   35  -36.986492192 -6307.718320147 -3636.439430861 -8926.434850455  6279.785481406  9974.191022719 -7279.141337883  6291.853398875         7.866014e+00
   36  -32.157133171 -6311.942614577 -3639.570668941 -8931.616684854  6287.651495261  9977.588696880 -7284.578532410  6298.140780095         6.834148e+00
   37  -27.955229558 -6315.606724819 -3642.289266205 -8936.112486020  6294.485643424  9980.537501258 -7289.299698232  6303.602178946         5.937630e+00
   38  -24.300092887 -6318.785736311 -3644.649849116 -8940.013910204  6300.423272933  9983.097154462 -7293.399493775  6308.346257245         5.158708e+00
   39  -21.121186874 -6321.544459808 -3646.699746887 -8943.400148949  6305.581981279  9985.319319537 -7296.959967188  6312.467341631         4.481962e+00
   40  -18.356910908 -6323.938892187 -3648.479983594 -8946.339681483  6310.063943149  9987.248719584 -7300.052261763  6316.047325395         3.893989e+00
   41  -15.953512426 -6326.017455575 -3650.026130881 -8948.891766043  6313.957932421  9988.924091377 -7302.738084020  6319.157315183         3.383147e+00
   42  -13.864119452 -6327.822051873 -3651.369042010 -8951.107712677  6317.341079248  9990.379002387 -7305.070969231  6321.859057525         2.939318e+00
   43  -12.047883517 -6329.388962765 -3652.535484616 -8953.031972275  6320.280396892  9991.642552196 -7307.097373602  6324.206175179         2.553712e+00
   44  -10.469222884 -6330.749619776 -3653.548686801 -8954.703070416  6322.834108449  9992.739975702 -7308.857617794  6326.245239051         2.218691e+00
   45   -9.097156154 -6331.931264603 -3654.428808897 -8956.154409648  6325.052799657  9993.693162657 -7310.386702731  6328.016697855         1.927621e+00
   46   -7.904716760 -6332.957516416 -3655.193351365 -8957.414959896  6326.980420570  9994.521105705 -7311.715015478  6329.555684603         1.674735e+00
   47   -6.868439474 -6333.848860044 -3655.857507739 -8958.509853410  6328.655155901  9995.240287206 -7312.868940404  6330.892716418         1.455025e+00
   48   -5.967910772 -6334.623066672 -3656.434470202 -8959.460898099  6330.110181234  9995.865013512 -7313.871388594  6332.054301884         1.264139e+00
   49   -5.185375587 -6335.295556821 -3656.935694297 -8960.287020888  6331.374320072  9996.407704072 -7314.742256675  6333.063468244         1.098295e+00
   50   -4.505393776 -6335.879713848 -3657.371128337 -8961.004650993  6332.472614715  9996.879141650 -7315.498824601  6333.940219087         9.542075e-01
   51   -3.914540247 -6336.387154962 -3657.749412300 -8961.628051494  6333.426822262  9997.288688992 -7316.156100640  6334.701931734         8.290233e-01
   52   -3.401143421 -6336.827965683 -3658.078050320 -8962.169606374  6334.255845562  9997.644476565 -7316.727120648  6335.363702301         7.202621e-01
   53   -2.955057249 -6337.210902811 -3658.363560324 -8962.640069144  6334.976107639  9997.953565275 -7317.223207749  6335.938645355         6.257694e-01
   54   -2.567462587 -6337.543570226 -3658.611603875 -8963.048778285  6335.601877000  9998.222087553 -7317.654197707  6336.438154162         5.436733e-01
   55   -2.230694231 -6337.832571231 -3658.827098854 -8963.403844022  6336.145550276  9998.455369737 -7318.028634543  6336.872126706         4.723475e-01
   56   -1.938090345 -6338.083640621 -3659.014317272 -8963.712310290  6336.617897786  9998.658038241 -7318.353940370  6337.249162016         4.103791e-01
   57   -1.683861425 -6338.301759211 -3659.176970185 -8963.980295232  6337.028276886  9998.834111683 -7318.636562841  6337.576730686         3.565404e-01
   58   -1.462976295 -6338.491253181 -3659.318281420 -8964.213113105  6337.384817334  9998.987080849 -7318.882103186  6337.861322998         3.097650e-01
   59   -1.271062943 -6338.655880278 -3659.441051593 -8964.415380067  6337.694582337  9999.119978106 -7319.095427400  6338.108577594         2.691261e-01
   60   -1.104322282 -6338.798904619 -3659.547713700 -8964.591106009  6337.963708468  9999.235437662 -7319.280762806  6338.323393244         2.338188e-01
   61   -0.959453156 -6338.923161623 -3659.640381403 -8964.743774263  6338.197527235  9999.335747892 -7319.441781921  6338.510025950         2.031435e-01
   62   -0.833587146 -6339.031114382 -3659.720890961 -8964.876410820  6338.400670697  9999.422896775 -7319.581675297  6338.672173289         1.764925e-01
   63   -0.724231893 -6339.124902590 -3659.790837648 -8964.991644416  6338.577163222  9999.498611348 -7319.703214794  6338.813047698         1.533380e-01
   64   -0.629221826 -6339.206385047 -3659.851607397 -8965.091758726  6338.730501214  9999.564391976 -7319.808808542  6338.935440128         1.332212e-01
   65   -0.546675341 -6339.277176555 -3659.904404271 -8965.178737682  6338.863722375  9999.621542118 -7319.900548677  6339.041775353         1.157435e-01
   66   -0.474957589 -6339.338679964 -3659.950274339 -8965.254304833  6338.979465887  9999.671194174 -7319.980252820  6339.134160015         1.005588e-01
   67   -0.412648123 -6339.392114009 -3659.990126410 -8965.319957537  6339.080024687  9999.714331946 -7320.049500098  6339.214424366         8.736621e-02
   68   -0.358512795 -6339.438537481 -3660.024750049 -8965.376996651  6339.167390899  9999.751810138 -7320.109662444  6339.284158532         7.590439e-02
   69   -0.311479327 -6339.478870226 -3660.054831222 -8965.426552331  6339.243295294  9999.784371303 -7320.161931785  6339.344744018         6.594629e-02
   70   -0.270616089 -6339.513911383 -3660.080965893 -8965.469606431  6339.309241579  9999.812660561 -7320.207343663  6339.397381080         5.729461e-02
   71   -0.235113651 -6339.544355229 -3660.103671831 -8965.507011974  6339.366536186  9999.837238387 -7320.246797754  6339.443112506         4.977797e-02
   72   -0.204268757 -6339.570804942 -3660.123398877 -8965.539510054  6339.416314153  9999.858591716 -7320.281075697  6339.482844274         4.324746e-02
   73   -0.177470403 -6339.593784555 -3660.140537849 -8965.567744529  6339.459561608  9999.877143596 -7320.310856580  6339.517363503         3.757370e-02
   74   -0.154187736 -6339.613749344 -3660.155428290 -8965.592274776  6339.497135307  9999.893261569 -7320.336730396  6339.547354043         3.264430e-02
   75   -0.133959541 -6339.631094848 -3660.168365198 -8965.613586781  6339.529779607  9999.907264955 -7320.359209730  6339.573410030         2.836160e-02
   76   -0.116385104 -6339.646164711 -3660.179604865 -8965.632102769  6339.558141209  9999.919431178 -7320.378739922  6339.596047652         2.464076e-02
   77   -0.101116283 -6339.659257492 -3660.189369961 -8965.648189565  6339.582781972  9999.930001267 -7320.395707880  6339.615715375         2.140807e-02
   78   -0.087850602 -6339.670632574 -3660.197853940 -8965.662165869  6339.604190043  9999.939184627 -7320.410449756  6339.632802831         1.859949e-02
   79   -0.076325270 -6339.680515314 -3660.205224878 -8965.674308568  6339.622789529  9999.947163188 -7320.423257597  6339.647648531         1.615937e-02
   80   -0.066311969 -6339.689101498 -3660.211628798 -8965.684858222  6339.638948896  9999.954095014 -7320.434385136  6339.660546580         1.403937e-02
   81   -0.057612334 -6339.696561230 -3660.217192568 -8965.694023828  6339.652988270  9999.960117430 -7320.444052818  6339.671752496         1.219751e-02
   82   -0.050054023 -6339.703042293 -3660.222026409 -8965.701986968  6339.665185778  9999.965349746 -7320.452452167  6339.681488275         1.059728e-02
   83   -0.043487305 -6339.708673082 -3660.226226084 -8965.708905396  6339.675783060  9999.969895617 -7320.459749580  6339.689946789         9.206995e-03
   84   -0.037782090 -6339.713565150 -3660.229874790 -8965.714916173  6339.684990055  9999.973845101 -7320.466089623  6339.697295606         7.999103e-03
   85   -0.032825356 -6339.717815411 -3660.233044812 -8965.720138377  6339.692989159  9999.977276439 -7320.471597897  6339.703680310         6.949678e-03
   86   -0.028518908 -6339.721508067 -3660.235798949 -8965.724675463  6339.699938837  9999.980257610 -7320.476383525  6339.709227386         6.037930e-03
   87   -0.024777435 -6339.724716272 -3660.238191762 -8965.728617315  6339.705976767  9999.982847672 -7320.480541311  6339.714046726         5.245797e-03
   88   -0.021526815 -6339.727503582 -3660.240270656 -8965.732042023  6339.711222564  9999.985097936 -7320.484153625  6339.718233802         4.557586e-03
   89   -0.018702653 -6339.729925216 -3660.242076813 -8965.735017434  6339.715780149  9999.987052981 -7320.487292030  6339.721871564         3.959663e-03
   90   -0.016249000 -6339.732029149 -3660.243646015 -8965.737602491  6339.719739813  9999.988751538 -7320.490018698  6339.725032078         3.440184e-03
   91   -0.014117248 -6339.733857061 -3660.245009349 -8965.739848407  6339.723179996  9999.990227256 -7320.492387646  6339.727777954         2.988856e-03
   92   -0.012265167 -6339.735445163 -3660.246193823 -8965.741799675  6339.726168853  9999.991509371 -7320.494445805  6339.730163591         2.596740e-03
   93   -0.010656065 -6339.736824918 -3660.247222903 -8965.743494950  6339.728765592  9999.992623281 -7320.496233949  6339.732236250         2.256066e-03
   94   -0.009258066 -6339.738023659 -3660.248116974 -8965.744967817  6339.731021658  9999.993591054 -7320.497787500  6339.734036991         1.960086e-03
   95   -0.008043474 -6339.739065133 -3660.248893750 -8965.746247455  6339.732981745  9999.994431862 -7320.499137237  6339.735601487         1.702937e-03
   96   -0.006988228 -6339.739969973 -3660.249568619 -8965.747359213  6339.734684682  9999.995162362 -7320.500309898  6339.736960733         1.479524e-03
   97   -0.006071423 -6339.740756105 -3660.250154949 -8965.748325116  6339.736164206  9999.995797025 -7320.501328714  6339.738141655         1.285421e-03
   98   -0.005274896 -6339.741439101 -3660.250664357 -8965.749164300  6339.737449627  9999.996348426 -7320.502213869  6339.739167649         1.116783e-03
   99   -0.004582867 -6339.742032494 -3660.251106935 -8965.749893388  6339.738566409  9999.996827486 -7320.502982898  6339.740059039         9.702690e-04
  100   -0.003981628 -6339.742548037 -3660.251491449 -8965.750526826  6339.739536678  9999.997243697 -7320.503651036  6339.740833486         8.429766e-04
  101   -0.003459267 -6339.742995945 -3660.251825518 -8965.751077161  6339.740379655  9999.997605304 -7320.504231519  6339.741506331         7.323841e-04
  102   -0.003005436 -6339.743385091 -3660.252115759 -8965.751555296  6339.741112039  9999.997919471 -7320.504735846  6339.742090903         6.363006e-04
  103   -0.002611144 -6339.743723183 -3660.252367923 -8965.751970703  6339.741748340  9999.998192422 -7320.505174010  6339.742598784         5.528225e-04
  104   -0.002268581 -6339.744016921 -3660.252587005 -8965.752331611  6339.742301162  9999.998429563 -7320.505554689  6339.743040034         4.802961e-04
  105   -0.001970959 -6339.744272121 -3660.252777345 -8965.752645171  6339.742781458  9999.998635593 -7320.505885426  6339.743423396         4.172847e-04
  106   -0.001712384 -6339.744493842 -3660.252942713 -8965.752917594  6339.743198743  9999.998814594 -7320.506172773  6339.743756463         3.625400e-04
  107   -0.001487731 -6339.744686474 -3660.253086387 -8965.753154278  6339.743561283  9999.998970110 -7320.506422422  6339.744045834         3.149773e-04
  108   -0.001292551 -6339.744853834 -3660.253211211 -8965.753359910  6339.743876260  9999.999105225 -7320.506639319  6339.744297242         2.736545e-04
  109   -0.001122978 -6339.744999238 -3660.253319659 -8965.753538564  6339.744149915  9999.999222613 -7320.506827760  6339.744515666         2.377530e-04
  110   -0.000975651 -6339.745125566 -3660.253413880 -8965.753693781  6339.744387668  9999.999324600 -7320.506991480  6339.744705435         2.065615e-04
  111   -0.000847653 -6339.745235321 -3660.253495740 -8965.753828634  6339.744594229  9999.999413208 -7320.507133720  6339.744870308         1.794621e-04
  112   -0.000736447 -6339.745330676 -3660.253566860 -8965.753945795  6339.744773692  9999.999490191 -7320.507257300  6339.745013551         1.559180e-04
  113   -0.000639830 -6339.745413522 -3660.253628650 -8965.754047586  6339.744929610  9999.999557074 -7320.507364666  6339.745138001         1.354627e-04
  114   -0.000555889 -6339.745485499 -3660.253682333 -8965.754136022  6339.745065072  9999.999615183 -7320.507457947  6339.745246124         1.176909e-04
  115   -0.000482960 -6339.745548033 -3660.253728974 -8965.754212856  6339.745182763  9999.999665668 -7320.507538991  6339.745340062         1.022507e-04
  116   -0.000419599 -6339.745602363 -3660.253769495 -8965.754279610  6339.745285014  9999.999709530 -7320.507609402  6339.745421676         8.883616e-05
  117   -0.000364551 -6339.745649565 -3660.253804701 -8965.754337607  6339.745373850  9999.999747638 -7320.507670575  6339.745492583         7.718149e-05
  118   -0.000316725 -6339.745690575 -3660.253835288 -8965.754387995  6339.745451031  9999.999780746 -7320.507723723  6339.745554188         6.705583e-05
  119   -0.000275173 -6339.745726204 -3660.253861862 -8965.754431772  6339.745518087  9999.999809510 -7320.507769899  6339.745607710         5.825858e-05
  120   -0.000239072 -6339.745757159 -3660.253884949 -8965.754469806  6339.745576346  9999.999834501 -7320.507810016  6339.745654211         5.061548e-05
  121   -0.000207707 -6339.745784053 -3660.253905008 -8965.754502850  6339.745626961  9999.999856214 -7320.507844870  6339.745694611         4.397509e-05
  122   -0.000180458 -6339.745807419 -3660.253922435 -8965.754531559  6339.745670936  9999.999875077 -7320.507875152  6339.745729711         3.820587e-05
  123   -0.000156783 -6339.745827719 -3660.253937576 -8965.754556502  6339.745709142  9999.999891466 -7320.507901461  6339.745760206         3.319353e-05
  124   -0.000136214 -6339.745845356 -3660.253950731 -8965.754578172  6339.745742336  9999.999905705 -7320.507924319  6339.745786700         2.883878e-05
  125   -0.000118344 -6339.745860680 -3660.253962159 -8965.754596999  6339.745771175  9999.999918076 -7320.507944177  6339.745809719         2.505534e-05
  126   -0.000102818 -6339.745873993 -3660.253972089 -8965.754613356  6339.745796230  9999.999928824 -7320.507961431  6339.745829718         2.176826e-05
  127   -0.000089329 -6339.745885559 -3660.253980715 -8965.754627568  6339.745817998  9999.999938162 -7320.507976420  6339.745847092         1.891242e-05
  128   -0.000077610 -6339.745895608 -3660.253988210 -8965.754639915  6339.745836911  9999.999946274 -7320.507989444  6339.745862188         1.643124e-05
  129   -0.000067428 -6339.745904338 -3660.253994722 -8965.754650642  6339.745853342  9999.999953323 -7320.508000758  6339.745875303         1.427558e-05
  130   -0.000058582 -6339.745911924 -3660.254000379 -8965.754659962  6339.745867617  9999.999959446 -7320.508010589  6339.745886697         1.240273e-05
  131   -0.000050896 -6339.745918514 -3660.254005294 -8965.754668059  6339.745880020  9999.999964767 -7320.508019129  6339.745896597         1.077558e-05
  132   -0.000044219 -6339.745924239 -3660.254009565 -8965.754675093  6339.745890796  9999.999969389 -7320.508026550  6339.745905198         9.361899e-06
  133   -0.000038418 -6339.745929214 -3660.254013275 -8965.754681205  6339.745900158  9999.999973405 -7320.508032996  6339.745912670         8.133686e-06
  134   -0.000033378 -6339.745933535 -3660.254016498 -8965.754686515  6339.745908291  9999.999976894 -7320.508038597  6339.745919162         7.066605e-06
  135   -0.000028999 -6339.745937290 -3660.254019299 -8965.754691129  6339.745915358  9999.999979925 -7320.508043463  6339.745924803         6.139517e-06
  136   -0.000025194 -6339.745940552 -3660.254021732 -8965.754695137  6339.745921497  9999.999982559 -7320.508047691  6339.745929703         5.334056e-06
  137   -0.000021889 -6339.745943386 -3660.254023846 -8965.754698619  6339.745926832  9999.999984847 -7320.508051364  6339.745933961         4.634266e-06
  138   -0.000019017 -6339.745945849 -3660.254025682 -8965.754701645  6339.745931466  9999.999986835 -7320.508054555  6339.745937660         4.026283e-06
  139   -0.000016522 -6339.745947988 -3660.254027278 -8965.754704273  6339.745935492  9999.999988562 -7320.508057328  6339.745940873         3.498064e-06
  140   -0.000014355 -6339.745949847 -3660.254028664 -8965.754706557  6339.745938990  9999.999990063 -7320.508059737  6339.745943665         3.039143e-06
  141   -0.000012472 -6339.745951462 -3660.254029868 -8965.754708541  6339.745942029  9999.999991367 -7320.508061830  6339.745946091         2.640429e-06
  142   -0.000010835 -6339.745952865 -3660.254030915 -8965.754710265  6339.745944670  9999.999992499 -7320.508063648  6339.745948199         2.294024e-06
  143   -0.000009414 -6339.745954084 -3660.254031824 -8965.754711763  6339.745946964  9999.999993483 -7320.508065227  6339.745950030         1.993064e-06
  144   -0.000008179 -6339.745955143 -3660.254032614 -8965.754713064  6339.745948957  9999.999994338 -7320.508066600  6339.745951621         1.731589e-06
  145   -0.000007106 -6339.745956063 -3660.254033300 -8965.754714194  6339.745950688  9999.999995081 -7320.508067792  6339.745953003         1.504416e-06
  146   -0.000006174 -6339.745956862 -3660.254033896 -8965.754715176  6339.745952193  9999.999995726 -7320.508068828  6339.745954204         1.307048e-06
  147   -0.000005364 -6339.745957556 -3660.254034414 -8965.754716030  6339.745953500  9999.999996287 -7320.508069728  6339.745955247         1.135573e-06
  148   -0.000004660 -6339.745958160 -3660.254034864 -8965.754716771  6339.745954635  9999.999996774 -7320.508070510  6339.745956153         9.865926e-07
  149   -0.000004049 -6339.745958684 -3660.254035255 -8965.754717415  6339.745955622  9999.999997197 -7320.508071190  6339.745956941         8.571606e-07
  150   -0.000003517 -6339.745959139 -3660.254035595 -8965.754717975  6339.745956479  9999.999997565 -7320.508071780  6339.745957625         7.447070e-07
  151   -0.000003056 -6339.745959535 -3660.254035890 -8965.754718461  6339.745957224  9999.999997884 -7320.508072293  6339.745958219         6.470054e-07
  152   -0.000002655 -6339.745959879 -3660.254036146 -8965.754718883  6339.745957871  9999.999998162 -7320.508072738  6339.745958736         5.621241e-07
  153   -0.000002307 -6339.745960178 -3660.254036369 -8965.754719250  6339.745958433  9999.999998403 -7320.508073125  6339.745959184         4.883768e-07
  154   -0.000002004 -6339.745960437 -3660.254036563 -8965.754719569  6339.745958921  9999.999998613 -7320.508073462  6339.745959574         4.243047e-07
  155   -0.000001741 -6339.745960663 -3660.254036731 -8965.754719846  6339.745959346  9999.999998795 -7320.508073754  6339.745959913         3.686391e-07
  156   -0.000001513 -6339.745960858 -3660.254036877 -8965.754720087  6339.745959714  9999.999998953 -7320.508074008  6339.745960207         3.202776e-07
  157   -0.000001314 -6339.745961029 -3660.254037004 -8965.754720296  6339.745960035  9999.999999090 -7320.508074228  6339.745960463         2.782581e-07
  158   -0.000001142 -6339.745961176 -3660.254037114 -8965.754720478  6339.745960313  9999.999999210 -7320.508074420  6339.745960685         2.417528e-07
  159   -0.000000992 -6339.745961305 -3660.254037210 -8965.754720635  6339.745960555  9999.999999313 -7320.508074586  6339.745960878         2.100369e-07
  160   -0.000000862 -6339.745961417 -3660.254037293 -8965.754720772  6339.745960765  9999.999999403 -7320.508074731  6339.745961045         1.824819e-07
  161   -0.000000749 -6339.745961514 -3660.254037365 -8965.754720892  6339.745960947  9999.999999482 -7320.508074857  6339.745961191         1.585413e-07
  162   -0.000000651 -6339.745961598 -3660.254037428 -8965.754720995  6339.745961106  9999.999999550 -7320.508074966  6339.745961318         1.377412e-07
  163   -0.000000565 -6339.745961671 -3660.254037483 -8965.754721085  6339.745961243  9999.999999609 -7320.508075061  6339.745961428         1.196704e-07
  164   -0.000000491 -6339.745961735 -3660.254037530 -8965.754721163  6339.745961363  9999.999999660 -7320.508075143  6339.745961523         1.039716e-07
  165   -0.000000427 -6339.745961790 -3660.254037572 -8965.754721231  6339.745961467  9999.999999705 -7320.508075215  6339.745961606         9.033101e-08
  166   -0.000000371 -6339.745961838 -3660.254037607 -8965.754721290  6339.745961557  9999.999999743 -7320.508075277  6339.745961678         7.847939e-08
  167   -0.000000322 -6339.745961879 -3660.254037638 -8965.754721341  6339.745961636  9999.999999777 -7320.508075331  6339.745961741         6.818391e-08
  168   -0.000000280 -6339.745961916 -3660.254037665 -8965.754721386  6339.745961704  9999.999999806 -7320.508075378  6339.745961795         5.923903e-08
  169   -0.000000243 -6339.745961947 -3660.254037689 -8965.754721424  6339.745961763  9999.999999832 -7320.508075419  6339.745961842         5.146740e-08
  170   -0.000000211 -6339.745961975 -3660.254037709 -8965.754721458  6339.745961815  9999.999999854 -7320.508075454  6339.745961884         4.471531e-08
  171   -0.000000183 -6339.745961998 -3660.254037727 -8965.754721487  6339.745961859  9999.999999873 -7320.508075485  6339.745961919         3.884816e-08
  172   -0.000000159 -6339.745962019 -3660.254037742 -8965.754721513  6339.745961898  9999.999999890 -7320.508075512  6339.745961950         3.375135e-08
  173   -0.000000139 -6339.745962037 -3660.254037756 -8965.754721535  6339.745961932  9999.999999904 -7320.508075535  6339.745961977         2.932393e-08
  174   -0.000000120 -6339.745962052 -3660.254037767 -8965.754721554  6339.745961961  9999.999999917 -7320.508075555  6339.745962001         2.547677e-08
  175   -0.000000105 -6339.745962066 -3660.254037778 -8965.754721570  6339.745961987  9999.999999928 -7320.508075573  6339.745962021         2.213528e-08
  176   -0.000000091 -6339.745962078 -3660.254037786 -8965.754721585  6339.745962009  9999.999999937 -7320.508075588  6339.745962039         1.923036e-08
  177   -0.000000079 -6339.745962088 -3660.254037794 -8965.754721597  6339.745962028  9999.999999945 -7320.508075601  6339.745962054         1.670742e-08
  178   -0.000000069 -6339.745962097 -3660.254037801 -8965.754721608  6339.745962045  9999.999999953 -7320.508075613  6339.745962067         1.451554e-08
  179   -0.000000060 -6339.745962105 -3660.254037806 -8965.754721618  6339.745962059  9999.999999959 -7320.508075623  6339.745962079         1.261105e-08
  180   -0.000000052 -6339.745962111 -3660.254037811 -8965.754721626  6339.745962072  9999.999999964 -7320.508075631  6339.745962089         1.095759e-08
  181   -0.000000045 -6339.745962117 -3660.254037816 -8965.754721633  6339.745962083  9999.999999969 -7320.508075639  6339.745962098         9.519681e-09
  182   -0.000000039 -6339.745962122 -3660.254037819 -8965.754721639  6339.745962093  9999.999999973 -7320.508075645  6339.745962105         8.270945e-09
  183   -0.000000034 -6339.745962127 -3660.254037823 -8965.754721645  6339.745962101  9999.999999977 -7320.508075651  6339.745962112         7.185008e-09
  184   -0.000000029 -6339.745962130 -3660.254037826 -8965.754721649  6339.745962108  9999.999999980 -7320.508075656  6339.745962118         6.242772e-09
  185   -0.000000026 -6339.745962134 -3660.254037828 -8965.754721654  6339.745962114  9999.999999982 -7320.508075660  6339.745962123         5.423317e-09
  186   -0.000000022 -6339.745962137 -3660.254037830 -8965.754721657  6339.745962120  9999.999999985 -7320.508075664  6339.745962127         4.711183e-09
  187   -0.000000019 -6339.745962139 -3660.254037832 -8965.754721660  6339.745962124  9999.999999987 -7320.508075667  6339.745962131         4.094545e-09
  188   -0.000000017 -6339.745962141 -3660.254037834 -8965.754721663  6339.745962129  9999.999999988 -7320.508075670  6339.745962134         3.557034e-09
  189   -0.000000015 -6339.745962143 -3660.254037835 -8965.754721665  6339.745962132  9999.999999990 -7320.508075673  6339.745962137         3.091372e-09
  190   -0.000000013 -6339.745962145 -3660.254037836 -8965.754721667  6339.745962135  9999.999999991 -7320.508075675  6339.745962139         2.684828e-09
  191   -0.000000011 -6339.745962146 -3660.254037837 -8965.754721669  6339.745962138  9999.999999992 -7320.508075677  6339.745962141         2.333763e-09
  192   -0.000000010 -6339.745962147 -3660.254037838 -8965.754721670  6339.745962140  9999.999999993 -7320.508075678  6339.745962143         2.026354e-09
  193   -0.000000008 -6339.745962148 -3660.254037839 -8965.754721672  6339.745962142  9999.999999994 -7320.508075680  6339.745962145         1.760782e-09
  194   -0.000000007 -6339.745962149 -3660.254037840 -8965.754721673  6339.745962144  9999.999999995 -7320.508075681  6339.745962146         1.529770e-09
  195   -0.000000006 -6339.745962150 -3660.254037840 -8965.754721674  6339.745962145  9999.999999996 -7320.508075682  6339.745962148         1.329681e-09
  196   -0.000000005 -6339.745962151 -3660.254037841 -8965.754721675  6339.745962147  9999.999999996 -7320.508075683  6339.745962149         1.154149e-09
  197   -0.000000005 -6339.745962152 -3660.254037841 -8965.754721676  6339.745962148  9999.999999997 -7320.508075684  6339.745962150         1.003173e-09
  198   -0.000000004 -6339.745962152 -3660.254037842 -8965.754721676  6339.745962149  9999.999999997 -7320.508075684  6339.745962150         8.712959e-10
