# KET QUA GIAI PHUONG TRINH SCHRODINGER PHU THUOC THOI GIAN

######################################################################################################################################################
# THAM SO DAU VAO
######################################################################################################################################################

# N_x        = 751
# N_t        = 10001
# x_min      = 0
# x_max      = 15
# t_min      = 0
# t_max      = 1
# dx         = 0.02
# dt         = 0.0001
# sigma_0    = 0.5
# k_0        = 8
# cach_deu_time = 100

######################################################################################################################################################

#              t       Integral_|psi|^2_dx
    0.000000e+00              1.000000e+00
    1.000000e-02              1.006839e+00
    2.000000e-02              1.009529e+00
    3.000000e-02              1.002294e+00
    4.000000e-02              1.003629e+00
    5.000000e-02              1.008131e+00
    6.000000e-02              1.005621e+00
    7.000000e-02              1.003768e+00
    8.000000e-02              1.005606e+00
    9.000000e-02              1.006175e+00
    1.000000e-01              1.005215e+00
    1.100000e-01              1.005043e+00
    1.200000e-01              1.005469e+00
    1.300000e-01              1.005548e+00
    1.400000e-01              1.005377e+00
    1.500000e-01              1.005325e+00
    1.600000e-01              1.005386e+00
    1.700000e-01              1.005420e+00
    1.800000e-01              1.005403e+00
    1.900000e-01              1.005384e+00
    2.000000e-01              1.005385e+00
    2.100000e-01              1.005394e+00
    2.200000e-01              1.005397e+00
    2.300000e-01              1.005394e+00
    2.400000e-01              1.005392e+00
    2.500000e-01              1.005392e+00
    2.600000e-01              1.005393e+00
    2.700000e-01              1.005393e+00
    2.800000e-01              1.005393e+00
    2.900000e-01              1.005393e+00
    3.000000e-01              1.005393e+00
    3.100000e-01              1.005393e+00
    3.200000e-01              1.005393e+00
    3.300000e-01              1.005393e+00
    3.400000e-01              1.005393e+00
    3.500000e-01              1.005393e+00
    3.600000e-01              1.005393e+00
    3.700000e-01              1.005393e+00
    3.800000e-01              1.005393e+00
    3.900000e-01              1.005393e+00
    4.000000e-01              1.005393e+00
    4.100000e-01              1.005393e+00
    4.200000e-01              1.005393e+00
    4.300000e-01              1.005393e+00
    4.400000e-01              1.005393e+00
    4.500000e-01              1.005393e+00
    4.600000e-01              1.005393e+00
    4.700000e-01              1.005393e+00
    4.800000e-01              1.005393e+00
    4.900000e-01              1.005393e+00
    5.000000e-01              1.005393e+00
    5.100000e-01              1.005393e+00
    5.200000e-01              1.005393e+00
    5.300000e-01              1.005393e+00
    5.400000e-01              1.005393e+00
    5.500000e-01              1.005393e+00
    5.600000e-01              1.005393e+00
    5.700000e-01              1.005393e+00
    5.800000e-01              1.005393e+00
    5.900000e-01              1.005393e+00
    6.000000e-01              1.005393e+00
    6.100000e-01              1.005393e+00
    6.200000e-01              1.005393e+00
    6.300000e-01              1.005393e+00
    6.400000e-01              1.005393e+00
    6.500000e-01              1.005393e+00
    6.600000e-01              1.005393e+00
    6.700000e-01              1.005393e+00
    6.800000e-01              1.005393e+00
    6.900000e-01              1.005393e+00
    7.000000e-01              1.005393e+00
    7.100000e-01              1.005393e+00
    7.200000e-01              1.005393e+00
    7.300000e-01              1.005393e+00
    7.400000e-01              1.005393e+00
    7.500000e-01              1.005393e+00
    7.600000e-01              1.005393e+00
    7.700000e-01              1.005393e+00
    7.800000e-01              1.005393e+00
    7.900000e-01              1.005393e+00
    8.000000e-01              1.005393e+00
    8.100000e-01              1.005393e+00
    8.200000e-01              1.005393e+00
    8.300000e-01              1.005393e+00
    8.400000e-01              1.005393e+00
    8.500000e-01              1.005393e+00
    8.600000e-01              1.005393e+00
    8.700000e-01              1.005393e+00
    8.800000e-01              1.005393e+00
    8.900000e-01              1.005393e+00
    9.000000e-01              1.005393e+00
    9.100000e-01              1.005393e+00
    9.200000e-01              1.005393e+00
    9.300000e-01              1.005393e+00
    9.400000e-01              1.005393e+00
    9.500000e-01              1.005393e+00
    9.600000e-01              1.005393e+00
    9.700000e-01              1.005393e+00
    9.800000e-01              1.005393e+00
    9.900000e-01              1.005393e+00
    1.000000e+00              1.005393e+00
