# File chua thong tin toa do tai lan chay thu 9
##########################################################################################
#  Step                   x                   y            delta_x            delta_y
     1      0.000000000000      0.000000000000      0.000000000000      0.000000000000
     2     -0.765222768545     -0.643765574181     -0.765222768545     -0.643765574181
     3     -0.424173618189     -1.583811039593      0.341049150356     -0.940045465412
     4     -0.026824951172     -2.501478755501      0.397348667017     -0.917667715908
     5     -0.767259858372     -3.173606829754     -0.740434907200     -0.672128074254
     6     -1.457101881331     -2.449646897604     -0.689842022960      0.723959932150
     7     -0.550276336659     -2.871153044095      0.906825544672     -0.421506146491
     8     -1.369893051272     -3.444065289668     -0.819616714613     -0.572912245572
     9     -2.097037569053     -4.130549703374     -0.727144517781     -0.686484413706
    10     -2.945481866709     -3.601265022152     -0.848444297656      0.529284681221
    11     -1.989345847461     -3.308341973047      0.956136019248      0.292923049106
    12     -2.971929971607     -3.494160268637     -0.982584124146     -0.185818295590
    13     -3.920313549969     -3.811285777376     -0.948383578362     -0.317125508739
    14     -3.071517984144     -3.282564596189      0.848795565825      0.528721181187
    15     -3.874335951057     -3.878788809050     -0.802817966913     -0.596224212861
    16     -4.713466545924     -3.334858809180     -0.839130594867      0.543929999870
    17     -5.406529312143     -2.613981564372     -0.693062766219      0.720877244808
    18     -4.691319614308     -3.312891492849      0.715209697835     -0.698909928477
    19     -5.587451616299     -3.756679094081     -0.896132001991     -0.443787601232
    20     -6.566301443864     -3.961259188608     -0.978849827565     -0.204580094527
    21     -7.565024026887     -4.011788409449     -0.998722583024     -0.050529220841
    22     -7.165203691874     -3.095194879191      0.399820335013      0.916593530257
    23     -7.892777479871     -2.409165446135     -0.727573787997      0.686029433056
    24     -8.744633377363     -1.885389224923     -0.851855897492      0.523776221212
    25     -9.489438990477     -1.218107726098     -0.744805613114      0.667281498825
    26     -9.854615024671     -0.287169240455     -0.365176034194      0.930938485643
    27    -10.507098288080     -1.044972375162     -0.652483263409     -0.757803134706
    28    -11.139131684945     -0.270031225624     -0.632033396865      0.774941149538
    29    -11.450182794632      0.680361959938     -0.311051109687      0.950393185562
    30    -11.757042349043      1.632116767579     -0.306859554411      0.951754807641
    31    -10.762960876484      1.523479638036      0.994081472559     -0.108637129543
    32    -10.008969965160      2.180364487641      0.753990911324      0.656884849605
    33    -10.935644773697      1.804500417499     -0.926674808537     -0.375864070141
    34     -9.939118127963      1.887774929459      0.996526645734      0.083274511960
    35    -10.624887013040      2.615594300086     -0.685768885077      0.727819370627
    36    -11.532962545569      3.034400731774     -0.908075532528      0.418806431688
    37    -12.115014948946      2.221249454506     -0.582052403377     -0.813151277268
    38    -11.197372607224      1.823842191514      0.917642341722     -0.397407262992
    39    -11.506124402945      0.872699547828     -0.308751795722     -0.951142643686
    40    -10.926884732028      0.057542260161      0.579239670917     -0.815157287667
    41    -11.306252196024      0.982788350270     -0.379367463996      0.925246090109
    42    -12.149532087970      0.445313677527     -0.843279891946     -0.537474672743
    43    -12.816056415191      1.190796957837     -0.666524327222      0.745483280310
    44    -12.763548757227      2.189417479284      0.052507657964      0.998620521447
    45    -13.746841604995      2.371448178699     -0.983292847767      0.182030699415
    46    -13.481655019833      3.335645292908      0.265186585162      0.964197114210
    47    -14.098040514544      2.548200741267     -0.616385494711     -0.787444551641
    48    -13.357096312143      3.219767334338      0.740944202401      0.671566593071
    49    -13.893181195975      4.063931416331     -0.536084883832      0.844164081993
    50    -14.525112410301      4.838955893597     -0.631931214326      0.775024477266
    51    -15.326717808112      4.241102411378     -0.801605397811     -0.597853482219
    52    -15.365876611068      3.241869411447     -0.039158802957     -0.999232999931
    53    -14.497328729972      3.737474675991      0.868547881096      0.495605264543
    54    -13.837564964646      4.488947745344      0.659763765326      0.751473069353
    55    -14.657551988672      3.916565634836     -0.819987024026     -0.572382110507
    56    -14.016464728474      3.149097638884      0.641087260198     -0.767467995953
    57    -13.692468925721      2.203039120716      0.323995802753     -0.946058518168
    58    -13.389474316155      3.156031390660      0.302994609566      0.952992269944
    59    -14.283734698294      3.603578448450     -0.894260382139      0.447547057790
    60    -13.692166116138      2.797323766228      0.591568582156     -0.806254682222
    61    -13.288945872098      1.882220802187      0.403220244039     -0.915102964041
    62    -14.238519846722      1.568677716283     -0.949573974624     -0.313543085903
    63    -14.517026754024      2.529111942342     -0.278506907303      0.960434226059
    64    -15.516684699030      2.502958682751     -0.999657945006     -0.026153259591
    65    -15.997663653370      1.626226542653     -0.480978954340     -0.876732140099
    66    -16.916022523657      1.230477903533     -0.918358870287     -0.395748639120
    67    -17.423303113521      0.368696955062     -0.507280589864     -0.861780948471
    68    -17.856800122011      1.269851960391     -0.433497008490      0.901155005329
    69    -18.369997279064      2.128122709044     -0.513197157052      0.858270748653
    70    -18.896576483822      2.978248782704     -0.526579204758      0.850126073660
    71    -18.279219435636      2.191565698448      0.617357048186     -0.786683084256
    72    -19.225721587568      1.868868198633     -0.946502151933     -0.322697499815
    73    -19.265780245853      2.868065528442     -0.040058658284      0.999197329809
    74    -18.745391745803      3.721995156113      0.520388500050      0.853929627672
    75    -18.190417508543      4.553862691228      0.554974237259      0.831867535115
    76    -17.763497072724      5.458151882516      0.426920435819      0.904289191288
    77    -18.691433339877      5.085412987173     -0.927936267153     -0.372738895343
    78    -19.536955244124      5.619353723060     -0.845521904247      0.533940735887
    79    -20.017386853863      4.742321529601     -0.480431609739     -0.877032193459
    80    -20.664022800806      5.505120292133     -0.646635946943      0.762798762532
    81    -20.139544334080      4.653696579790      0.524478466727     -0.851423712343
    82    -19.877483432255      3.688645242433      0.262060901824     -0.965051337357
    83    -19.117272803116      3.038968554115      0.760210629140     -0.649676688318
    84    -19.924739192104      3.628882133087     -0.807466388988      0.589913578971
    85    -19.149694546946      4.260788611937      0.775044645157      0.631906478850
    86    -19.732548420033      3.448211623198     -0.582853873086     -0.812576988739
    87    -19.627261046307      2.453769785314      0.105287373725     -0.994441837884
    88    -18.942823037154      1.724698724562      0.684438009153     -0.729071060752
    89    -18.586136087281      2.658922691173      0.356686949872      0.934223966611
    90    -19.495472691544      3.074983912808     -0.909336604263      0.416061221635
    91    -18.533669684052      2.801241379067      0.961803007492     -0.273742533741
    92    -19.143109444568      2.008409001889     -0.609439760516     -0.792832377178
    93    -18.357158132903      2.626697393897      0.785951311665      0.618288392008
    94    -17.605337314416      1.967329926631      0.751820818487     -0.659367467266
    95    -17.433014077105      0.982289469654      0.172323237311     -0.985040456978
    96    -18.275510210164      1.520991860385     -0.842496133060      0.538702390731
    97    -19.078461738682      2.117036189988     -0.802951528517      0.596044329603
    98    -19.451868517394      3.044703898605     -0.373406778713      0.927667708617
    99    -20.044726993763      2.239397232174     -0.592858476369     -0.805306666431
   100    -19.643192497570      1.323553332611      0.401534496193     -0.915843899563
   101    -19.155624376976      0.450468383835      0.487568120594     -0.873084948777
   102    -18.584442947737     -0.370355455301      0.571181429238     -0.820823839136
   103    -19.582279792650     -0.304616342625     -0.997836844912      0.065739112676
   104    -20.544137400121     -0.031065720347     -0.961857607472      0.273550622278
   105    -20.564725559678     -1.030853761727     -0.020588159557     -0.999788041380
   106    -21.362703871659     -1.633539926832     -0.797978311980     -0.602686165105
   107    -20.893134613744     -2.516435567336      0.469569257915     -0.882895640504
   108    -21.275030632544     -3.440640864240     -0.381896018800     -0.924205296904
   109    -21.651947435747     -4.366887982164     -0.376916803203     -0.926247117924
   110    -22.371794384918     -5.061020800700     -0.719846949172     -0.694132818536
   111    -21.762020915395     -4.268445052985      0.609773469523      0.792575747715
   112    -21.887510528376     -5.260539986464     -0.125489612980     -0.992094933479
   113    -22.484014105055     -6.063150404418     -0.596503576679     -0.802610417954
   114    -22.156128836618     -5.118432853643      0.327885268437      0.944717550775
   115    -21.575431455021     -5.932552347948      0.580697381597     -0.814119494304
   116    -22.333599996267     -5.280493713264     -0.758168541246      0.652058634683
   117    -21.637604875957     -4.562447201884      0.695995120310      0.718046511380
   118    -20.660388956775     -4.774694810343      0.977215919182     -0.212247608459
   119    -21.230190729260     -3.952912637215     -0.569801772486      0.821782173129
   120    -21.852504704735     -4.735680365171     -0.622313975474     -0.782767727956
   121    -22.636492226444     -5.356456948012     -0.783987521709     -0.620776582841
   122    -22.361068646710     -6.317779917532      0.275423579734     -0.961322969520
   123    -23.262833783483     -5.885553543856     -0.901765136773      0.432226373675
   124    -24.156863976561     -6.333560255709     -0.894030193078     -0.448006711853
   125    -23.234664396673     -6.720274536352      0.922199579889     -0.386714280643
   126    -22.251040784326     -6.900509353282      0.983623612347     -0.180234816929
   127    -21.671757570362     -7.715635698102      0.579283213963     -0.815126344820
   128    -21.200691531677     -6.833537751615      0.471066038685      0.882097946488
   129    -20.226917491741     -7.061055045783      0.973774039936     -0.227517294169
   130    -19.538444353124     -7.786316886364      0.688473138617     -0.725261840581
   131    -18.820202523018     -8.482110443023      0.718241830105     -0.695793556658
   132    -18.746017741940     -9.479354955796      0.074184781079     -0.997244512773
   133    -18.224961560054    -10.332877337060      0.521056181886     -0.853522381264
   134    -18.805615988373     -9.518727206633     -0.580654428319      0.814150130427
   135    -19.799211602960     -9.405732717067     -0.993595614588      0.112994489566
   136    -20.308438957222    -10.266364753231     -0.509227354262     -0.860632036164
   137    -21.007778958762    -10.981153926517     -0.699340001539     -0.714789173286
   138    -21.920863379361    -10.573383352716     -0.913084420600      0.407770573801
   139    -21.777614140520    -11.563069997858      0.143249238841     -0.989686645141
   140    -21.093189318773    -10.833986557244      0.684424821747      0.729083440613
   141    -22.088862660499    -10.926909087209     -0.995673341727     -0.092922529965
   142    -22.821629527904    -10.246429316728     -0.732766867405      0.680479770481
   143    -22.161965854485     -9.494868382425      0.659663673420      0.751560934303
   144    -22.581791968687     -8.587263824353     -0.419826114202      0.907604558072
   145    -23.580132980910     -8.644841800294     -0.998341012223     -0.057577975941
   146    -24.042421631570     -9.531571298772     -0.462288650660     -0.886729498478
   147    -24.956669019351     -9.126414892015     -0.914247387781      0.405156406756
   148    -24.389967716076     -8.302491574669      0.566701303274      0.823923317346
   149    -25.362140261237     -8.536757539836     -0.972172545161     -0.234265965166
   150    -24.582164602607     -9.162567392702      0.779975658630     -0.625809852866
   151    -25.566546298118     -9.338614765710     -0.984381695511     -0.176047373008
   152    -26.319231690200     -8.680234404105     -0.752685392082      0.658380361605
   153    -27.080221236320     -9.328998545142     -0.760989546120     -0.648764141037
   154    -26.081208803170     -9.373430047614      0.999012433150     -0.044431502472
   155    -27.053682018905     -9.140415359927     -0.972473215735      0.233014687687
   156    -26.689490086758    -10.071739275952      0.364191932147     -0.931323916024
   157    -26.881127070271     -9.090273399545     -0.191636983513      0.981465876406
   158    -26.523176526204    -10.024013945951      0.357950544068     -0.933740546406
   159    -26.105870143779     -9.115248088765      0.417306382424      0.908765857186
   160    -25.352746357978     -8.457369252457      0.753123785801      0.657878836307
   161    -25.530326755801     -9.441475548702     -0.177580397823     -0.984106296245
   162    -26.352475469223     -8.872202773120     -0.822148713422      0.569272775582
   163    -26.081889492547     -9.834898586566      0.270585976675     -0.962695813446
   164    -26.719499683166    -10.605257752683     -0.637610190618     -0.770359166116
   165    -27.141983278294     -9.698887181753     -0.422483595128      0.906370570930
   166    -26.523061680936    -10.484339953296      0.618921597357     -0.785452771543
   167    -25.523990590048    -10.441247548512      0.999071090889      0.043092404784
   168    -24.736168399168    -11.057150296970      0.787822190880     -0.615902748458
   169    -24.078972010577    -10.303430914956      0.657196388591      0.753719382014
   170    -25.078842587872    -10.319519067779     -0.999870577294     -0.016088152823
   171    -24.415477362157     -9.571223285810      0.663365225715      0.748295781969
   172    -24.886382404910    -10.453407189942     -0.470905042753     -0.882183904132
   173    -25.670495835732    -11.074024727242     -0.784113430822     -0.620617537300
   174    -26.467750139546    -10.470381144448     -0.797254303814      0.603643582795
   175    -25.976424497182    -11.341357098855      0.491325642364     -0.870975954407
   176    -25.073288190562    -10.912003152018      0.903136306620      0.429353946836
   177    -25.646519330697    -10.092609437142     -0.573231140136      0.819393714876
   178    -24.827454771777    -10.666310795272      0.819064558921     -0.573701358130
   179    -24.117372967522     -9.962191607019      0.710081804255      0.704119188253
   180    -25.117186881775     -9.942900757759     -0.999813914253      0.019290849260
   181    -24.237571546999     -9.467215081259      0.879615334776      0.475685676500
   182    -23.678282442777    -10.296187757466      0.559289104223     -0.828972676207
   183    -23.048456452104    -11.072924019961      0.629825990672     -0.776736262494
   184    -23.948833148968    -11.508035274405     -0.900376696864     -0.435111254445
   185    -24.722742170156    -10.874738482274     -0.773909021188      0.633296792132
   186    -25.050014658679     -9.929808475206     -0.327272488523      0.944930007067
   187    -25.236144913039    -10.912333552958     -0.186130254360     -0.982525077752
   188    -26.232789146736    -10.994188738732     -0.996644233697     -0.081855185773
   189    -25.955615203903    -11.955008495718      0.277173942834     -0.960819756986
   190    -24.993947935652    -12.229227505227      0.961667268250     -0.274219009509
   191    -24.061275406213    -11.868503299178      0.932672529439      0.360724206048
   192    -23.961817967681    -10.873461482007      0.099457438532      0.995041817172
   193    -23.299131566331    -11.622358493261      0.662686401350     -0.748897011254
   194    -23.428603422252    -12.613941590396     -0.129471855921     -0.991583097135
   195    -23.794525255110    -11.683296001443     -0.365921832858      0.930645588953
   196    -24.210732877701    -10.774026396267     -0.416207622591      0.909269605176
   197    -23.839598350194     -9.845447286825      0.371134527506      0.928579109442
   198    -22.839598922269     -9.846516935648      0.999999427926     -0.001069648823
   199    -22.101899278886     -9.171387884167      0.737699643382      0.675129051481
   200    -22.693100927115     -9.977911666291     -0.591201648229     -0.806523782124
   201    -23.402189902275     -9.272792651296     -0.709088975160      0.705119014995
   202    -24.394661245545     -9.395269721750     -0.992471343270     -0.122477070453
   203    -23.679234435559    -10.093957405592      0.715426809987     -0.698687683842
   204    -23.641082305199     -9.094685463151      0.038152130360      0.999271942441
   205    -23.860297397609    -10.070362019833     -0.219215092410     -0.975676556682
   206    -22.863127852952    -10.145547784501      0.997169544657     -0.075185764668
   207    -23.361703896711    -11.012393750398     -0.498576043758     -0.866845965896
   208    -24.329121822384    -10.759208922483     -0.967417925673      0.253184827915
   209    -23.665618491677    -11.507382251425      0.663503330707     -0.748173328943
   210    -22.886623225079    -12.134412055037      0.778995266598     -0.627029803612
   211    -23.689111151553    -11.537743698358     -0.802487926474      0.596668356680
   212    -23.348423455155    -12.477920220891      0.340687696399     -0.940176522533
   213    -22.446942097291    -12.910738151925      0.901481357863     -0.432817931034
   214    -23.054520682676    -13.704997720695     -0.607578585384     -0.794259568770
   215    -23.262813053409    -14.683064327984     -0.208292370733     -0.978066607289
   216    -23.861207160687    -13.881862423109     -0.598394107278      0.801201904875
   217    -22.861211709675    -13.884878704836      0.999995451012     -0.003016281727
   218    -23.694328767087    -13.331781996612     -0.833117057413      0.553096708224
   219    -24.692968151044    -13.383929679300     -0.998639383957     -0.052147682687
   220    -25.418546855141    -14.072068868826     -0.725578704096     -0.688139189526
   221    -25.327479846860    -13.076224101805      0.091067008280      0.995844767021
   222    -25.723707397719    -13.994376446430     -0.396227550858     -0.918152344625
   223    -24.946163581014    -13.365547683488      0.777543816705      0.628828762942
   224    -25.945029477433    -13.317935489977     -0.998865896419      0.047612193511
   225    -24.970143693839    -13.540640920867      0.974885783593     -0.222705430890
   226    -25.137256027826    -14.526578782920     -0.167112333986     -0.985937862053
   227    -25.093019616611    -15.525599873750      0.044236411215     -0.999021090830
   228    -24.292184312786    -14.926715230310      0.800835303825      0.598884643439
   229    -23.434397140504    -15.440720256618      0.857787172282     -0.514005026307
   230    -22.866072909624    -14.617915560110      0.568324230880      0.822804696507
   231    -23.846854673373    -14.813023560713     -0.980781763748     -0.195108000602
   232    -24.486696224406    -14.044516703507     -0.639841551033      0.768506857205
   233    -23.736224274306    -14.705419004997      0.750471950100     -0.660902301489
   234    -23.653247212866    -13.708867547582      0.082977061441      0.996551457414
   235    -22.725692986900    -13.335178963474      0.927554225966      0.373688584108
   236    -23.372434451654    -14.097888264432     -0.646741464754     -0.762709300958
   237    -22.596866277391    -13.466624447101      0.775568174262      0.631263817331
   238    -21.702109885771    -13.913179034642      0.894756391621     -0.446554587541
   239    -20.918802653230    -14.534813798349      0.783307232541     -0.621634763707
   240    -21.041806765372    -15.527219959351     -0.123004112143     -0.992406161003
   241    -20.185576891809    -15.010624950066      0.856229873563      0.516595009285
   242    -20.069213844725    -14.017418203576      0.116363047084      0.993206746490
   243    -19.664590921416    -14.931901822857      0.404622923309     -0.914483619281
   244    -20.401973865836    -15.607376761903     -0.737382944420     -0.675474939046
   245    -19.543766770411    -16.120680357607      0.858207095425     -0.513303595704
   246    -19.618983749029    -15.123513166948     -0.075216978618      0.997167190659
   247    -19.688331558996    -14.125920624246     -0.069347809967      0.997592542701
   248    -18.765690159018    -13.740261646591      0.922641399978      0.385658977655
   249    -19.063586084211    -14.694860000745     -0.297895925194     -0.954598354154
   250    -20.043630551759    -14.496081627604     -0.980044467548      0.198778373141
   251    -19.881947159490    -15.482924310438      0.161683392270     -0.986842682835
   252    -20.457306837172    -16.300824818628     -0.575359677683     -0.817900508190
   253    -19.777248884490    -17.033983178734      0.680057952682     -0.733158360106
   254    -20.657786341062    -17.507959747327     -0.880537456571     -0.473976568592
   255    -19.749885409444    -17.927144549494      0.907900931618     -0.419184802167
   256    -19.029671707628    -18.620896827844      0.720213701816     -0.693752278350
   257    -18.365601037170    -19.368566637745      0.664070670458     -0.747669809901
   258    -18.294010150291    -20.366000718232      0.071590886880     -0.997434080486
   259    -17.328629327096    -20.626845243205      0.965380823194     -0.260844524973
   260    -17.940190424641    -21.418042452483     -0.611561097545     -0.791197209278
   261    -18.777998150966    -20.872077056410     -0.837807726326      0.545965396073
   262    -18.474299295148    -19.919308981287      0.303698855818      0.952768075124
   263    -19.363108175672    -19.461030928244     -0.888808880524      0.458278053043
   264    -20.023928017755    -18.710486368400     -0.660819842082      0.750544559843
   265    -20.620287763561    -19.513203662086     -0.596359745807     -0.802717293685
   266    -20.932454883962    -18.563176457769     -0.312167120400      0.950027204316
   267    -20.335920934443    -19.365764301604      0.596533949519     -0.802587843835
   268    -20.829798383383    -20.235295822269     -0.493877448940     -0.869531520664
   269    -21.553975990231    -20.924909332678     -0.724177606849     -0.689613510409
   270    -20.895676144445    -21.677665145035      0.658299845787     -0.752755812357
   271    -20.259010021627    -20.906525567490      0.636666122817      0.771139577545
   272    -20.266457379614    -19.906553299445     -0.007447357987      0.999972268045
   273    -19.376189086456    -20.361989756260      0.890268293159     -0.455436456815
   274    -19.827322579038    -21.254446238039     -0.451133492582     -0.892456481780
   275    -19.272257680433    -22.086253281972      0.555064898605     -0.831807043933
   276    -18.817406354380    -21.195685894748      0.454851326054      0.890567387224
   277    -19.628740075060    -21.780269159723     -0.811333720680     -0.584583264974
   278    -20.628642460334    -21.794241272000     -0.999902385275     -0.013972112277
   279    -21.293630381413    -21.047387159861     -0.664987921079      0.746854112139
   280    -20.944299643723    -21.984386645295      0.349330737690     -0.936999485435
   281    -21.023104801702    -22.981276682900     -0.078805157979     -0.996890037605
   282    -22.020502146160    -23.053377565477     -0.997397344458     -0.072100882577
   283    -22.988083994408    -23.305935216202     -0.967581848248     -0.252557650726
   284    -23.137139990405    -24.294763972893     -0.149055995996     -0.988828756690
   285    -23.539195189648    -25.210379403497     -0.402055199244     -0.915615430605
   286    -22.715908917371    -25.778005789319      0.823286272277     -0.567626385821
   287    -22.267270593128    -26.671719196413      0.448638324244     -0.893713407094
   288    -22.774379656409    -25.809837303148     -0.507109063281      0.861881893265
   289    -23.113028724056    -24.868924550029     -0.338649067647      0.940912753119
   290    -22.153089743344    -24.588715425785      0.959938980712      0.280209124244
   291    -21.354657741646    -25.190800418675      0.798432001698     -0.602084992890
   292    -20.451239246307    -25.619560284195      0.903418495338     -0.428759865520
   293    -19.494949609767    -25.327139130643      0.956289636541      0.292421153552
   294    -18.831269839472    -24.579122310978      0.663679770295      0.748016819665
   295    -17.917627596796    -24.985641501666      0.913642242676     -0.406519190688
   296    -17.477296386704    -24.087806090569      0.440331210091      0.897835411097
   297    -18.322485394803    -23.553338560602     -0.845189008099      0.534467529967
   298    -17.361997736865    -23.831661141339      0.960487657938     -0.278322580737
   299    -16.672552291043    -24.555998754083      0.689445445822     -0.724337612744
   300    -16.371095997916    -23.602518757788      0.301456293127      0.953479996295
   301    -17.070683339981    -22.887971662893     -0.699587342065      0.714547094895
   302    -17.995175589562    -22.506770822831     -0.924492249581      0.381200840062
   303    -17.121081245162    -22.021014631839      0.874094344400      0.485756190993
   304    -17.325666300858    -21.042165841174     -0.204585055696      0.978848790665
   305    -17.027348756131    -20.087699161552      0.298317544727      0.954466679622
   306    -17.990823681521    -20.355497720444     -0.963474925390     -0.267798558892
   307    -17.303307139613    -19.629329004096      0.687516541908      0.726168716348
   308    -18.282423670178    -19.426029177299     -0.979116530564      0.203299826797
   309    -17.473350974862    -20.013737756184      0.809072695316     -0.587708578885
   310    -18.065642473271    -19.208013994022     -0.592291498410      0.805723762162
   311    -18.477716674759    -20.119164284846     -0.412074201488     -0.911150290824
   312    -19.302112036268    -20.685178673288     -0.824395361508     -0.566014388442
   313    -19.207888209586    -19.689627634674      0.094223826681      0.995551038614
   314    -18.462804315965    -19.022656877094      0.745083893621      0.666970757580
   315    -18.255688828385    -20.000973377417      0.207115487581     -0.978316500323
   316    -19.188286971584    -20.361889854321     -0.932598143200     -0.360916476904
   317    -18.481863668602    -21.069679453711      0.706423302982     -0.707789599389
   318    -17.898487685157    -21.881881683416      0.583375983445     -0.812202229706
   319    -18.578587912157    -21.148762538097     -0.680100227001      0.733119145319
   320    -18.690293247107    -20.155021164226     -0.111705334949      0.993741373871
   321    -19.477357345512    -20.771892386606     -0.787064098406     -0.616871222380
   322    -19.183900249660    -21.727864631441      0.293457095852     -0.955972244835
   323    -18.746179269740    -22.626975494315      0.437720979920     -0.899110862874
   324    -18.034484526342    -23.329464349898      0.711694743399     -0.702488855583
   325    -19.003416698308    -23.082137751796     -0.968932171966      0.247326598102
   326    -19.907039241231    -22.653808089129     -0.903622542923      0.428329662667
   327    -19.011414466542    -22.208997721710      0.895624774689      0.444810367418
   328    -18.090716695666    -21.818721390499      0.920697770876      0.390276331211
   329    -17.357009738530    -22.498187431630      0.733706957136     -0.679466041131
   330    -18.064275798395    -21.791239965008     -0.707266059865      0.706947466622
   331    -17.221938241103    -21.252289652294      0.842337557292      0.538950312715
   332    -18.103112575460    -21.725081141717     -0.881174334357     -0.472791489423
   333    -17.210396376384    -21.274461803574      0.892716199076      0.450619338143
   334    -16.630618490174    -20.459687231891      0.579777886210      0.814774571684
   335    -15.797261048857    -19.906952779372      0.833357441317      0.552734452519
   336    -16.551196016206    -20.563901837526     -0.753934967348     -0.656949058154
   337    -15.641568320488    -20.148477409760      0.909627695717      0.415424427766
   338    -15.497505495988    -19.158908866103      0.144062824500      0.989568543658
   339    -16.466997518586    -18.913786002790     -0.969492022598      0.245122863313
   340    -17.214764975614    -18.249825288432     -0.747767457028      0.663960714358
   341    -17.862398314037    -19.011777425356     -0.647633338423     -0.761952136924
   342    -17.239257999513    -18.229667363783      0.623140314524      0.782110061573
   343    -17.954071033197    -17.530351750576     -0.714813033685      0.699315613206
   344    -17.423993050629    -18.378300647855      0.530077982568     -0.847948897279
   345    -16.686807562151    -17.702610219051      0.737185488478      0.675690428804
   346    -15.750764438641    -18.054495528391      0.936043123510     -0.351885309340
   347    -16.069861607514    -19.002217532365     -0.319097168872     -0.947722003975
   348    -16.244567598902    -19.986838178387     -0.174705991388     -0.984620646022
   349    -15.440362139831    -20.581189572431      0.804205459071     -0.594351394043
   350    -14.445928057499    -20.475828973076      0.994434082332      0.105360599355
   351    -13.675506000267    -21.113363171163      0.770422057232     -0.637534198087
   352    -13.284633392843    -20.192918384788      0.390872607425      0.920444786375
   353    -14.194048404880    -19.777028572602     -0.909415012038      0.415889812186
   354    -14.167764317856    -20.776683086306      0.026284087025     -0.999654513704
   355    -13.391995890874    -21.407700794218      0.775768426981     -0.631017707912
   356    -12.689510932739    -22.119399384630      0.702484958135     -0.711698590412
   357    -13.666013775577    -22.334903904144     -0.976502842837     -0.215504519514
   358    -14.454275928463    -21.719564340711     -0.788262152887      0.615339563433
   359    -13.570389592563    -22.187266110227      0.883886335900     -0.467701769517
   360    -12.570656344350    -22.210362266121      0.999733248213     -0.023096155893
   361    -11.716939473560    -22.731099728312      0.853716870790     -0.520737462191
   362    -10.803589663782    -23.138275519560      0.913349809778     -0.407175791248
   363    -11.774604127674    -22.899254786332     -0.971014463892      0.239020733227
   364    -11.147979361164    -22.119933670234      0.626624766510      0.779321116098
   365    -10.228454207909    -21.726902510488      0.919525153255      0.393031159746
   366    -11.011779169765    -22.348514933251     -0.783324961856     -0.621612422762
   367    -11.932621588965    -22.738449849618     -0.920842419200     -0.389934916367
   368    -12.919344138506    -22.576034917336     -0.986722549541      0.162414932282
   369    -13.552361120493    -23.350172825280     -0.633016981987     -0.774137907944
   370    -12.730255174180    -22.780838290022      0.822105946313      0.569334535258
   371    -13.410139607064    -22.047519015816     -0.679884432884      0.733319274206
   372    -13.692766422092    -21.088289072879     -0.282626815028      0.959229942937
   373    -12.986912565990    -20.379931582747      0.705853856102      0.708357490132
   374    -12.120766246625    -20.879722092311      0.866146319365     -0.499790509564
   375    -13.041759111789    -21.269301535193     -0.920992865164     -0.389579442883
   376    -14.034606866974    -21.149914203267     -0.992847755185      0.119387331926
   377    -13.110816312180    -21.532812376249      0.923790554794     -0.382898172982
   378    -14.088697942840    -21.741971445900     -0.977881630660     -0.209159069651
   379    -14.612634496160    -20.890214151775     -0.523936553320      0.851757294125
   380    -13.999028778363    -20.100601573933      0.613605717797      0.789612577842
   381    -13.831527331899    -21.086473404057      0.167501446464     -0.985871830124
   382    -12.831554996559    -21.093911720736      0.999972335340     -0.007438316679
   383    -13.655761828512    -20.527622838485     -0.824206831953      0.566288882251
   384    -12.965495185237    -21.251177923590      0.690266643275     -0.723555085105
   385    -13.961172696412    -21.158300080482     -0.995677511175      0.092877843108
   386    -13.553640103072    -22.071490742593      0.407532593340     -0.913190662110
   387    -14.141858687220    -21.262788759620     -0.588218584148      0.808701982972
   388    -14.661291962309    -22.117299773435     -0.519433275089     -0.854511013814
   389    -14.097706381646    -22.943357454997      0.563585580663     -0.826057681563
   390    -13.378254961352    -23.637900221022      0.719451420294     -0.694542766025
   391    -12.595584124030    -23.015464392679      0.782670837322      0.622435828343
   392    -11.861224720017    -22.336703561651      0.734359404013      0.678760831028
   393    -12.351193864108    -23.208443338097     -0.489969144091     -0.871739776446
   394    -13.010960139171    -23.959914203993     -0.659766275063     -0.751470865896
   395    -13.116021564845    -24.954379938362     -0.105061425674     -0.994465734370
   396    -13.976127974652    -24.444265280851     -0.860106409808      0.510114657511
   397    -13.819717934399    -25.431957489643      0.156410040253     -0.987692208792
   398    -14.015244502851    -24.451259084918     -0.195526568452      0.980698404725
   399    -13.036061599650    -24.654238990522      0.979182903201     -0.202979905603
   400    -12.239431345263    -24.049772086717      0.796630254387      0.604466903804
   401    -11.500574730047    -23.375909413651      0.738856615216      0.673862673066
   402    -11.595843035005    -22.380457782446     -0.095268304958      0.995451631206
   403    -12.312008329711    -21.682527076244     -0.716165294706      0.697930706201
   404    -11.440293578838    -22.172540742493      0.871714750873     -0.490013666249
   405    -10.623027844885    -22.748801725127      0.817265733953     -0.576260982634
   406    -10.390214070877    -21.776280390331      0.232813774008      0.972521334795
   407    -11.041496928705    -22.535115444279     -0.651282857828     -0.758835053948
   408    -11.310456002919    -21.571963838145     -0.268959074213      0.963151606134
   409    -10.438419074385    -22.061403921582      0.872036928533     -0.489440083437
   410     -9.727103495048    -22.764276702811      0.711315579337     -0.702872781229
   411     -9.054865122602    -23.504611472095      0.672238372446     -0.740334769284
   412     -8.202741728667    -22.981270549264      0.852123393935      0.523340922831
   413     -7.596729907876    -22.185814910614      0.606011820791      0.795455638651
   414     -6.856592413771    -21.513359343442      0.740137494105      0.672455567171
   415     -6.095135666789    -20.865143621267      0.761456746982      0.648215722175
   416     -6.786391174997    -21.587754043536     -0.691255508209     -0.722610422269
   417     -6.814782186429    -22.587350937523     -0.028391011431     -0.999596893988
   418     -6.968922827207    -21.599302020283     -0.154140640779      0.988048917241
   419     -5.975235343297    -21.487118312369      0.993687483910      0.112183707913
   420     -5.758889817830    -22.463435173645      0.216345525468     -0.976316861275
   421     -6.758652312310    -22.485228627484     -0.999762494480     -0.021793453839
   422     -6.700285900177    -23.483523855327      0.058366412133     -0.998295227843
   423     -7.691300541721    -23.617277286108     -0.991014641544     -0.133753430781
   424     -7.733413626508    -22.618164435580     -0.042113084787      0.999112850528
   425     -7.500479938977    -21.645671814933      0.232933687531      0.972492620647
   426     -6.528291546870    -21.879872007613      0.972188392107     -0.234200192680
   427     -7.241049187060    -22.581282405562     -0.712757640190     -0.701410397949
   428     -7.145633529489    -21.585844887538      0.095415657570      0.995437518024
   429     -7.996467979823    -21.060411030496     -0.850834450333      0.525433857042
   430     -7.183970062545    -21.643375124089      0.812497917278     -0.582964093593
   431     -6.531551011762    -22.401233542381      0.652419050783     -0.757858418292
   432     -5.774469316459    -21.747913324848      0.757081695303      0.653320217533
   433     -5.151574382010    -22.530218828240      0.622894934449     -0.782305503393
   434     -5.813370115307    -23.279903033349     -0.661795733297     -0.749684205109
   435     -4.956357612867    -22.764607418521      0.857012502440      0.515295614828
   436     -4.858922903561    -23.759849337565      0.097434709306     -0.995241919044
   437     -4.599240924483    -22.794155146973      0.259681979078      0.965694190592
   438     -4.203126301189    -23.712356217117      0.396114623294     -0.918201070143
   439     -3.338239245882    -24.214322731500      0.864887055307     -0.501966514384
   440     -2.387843723529    -23.903278761791      0.950395522352      0.311043969709
   441     -2.991209217105    -24.700743545441     -0.603365493576     -0.797464783650
   442     -3.990897952595    -24.725692135284     -0.999688735490     -0.024948589843
   443     -4.809766678954    -24.151711291536     -0.818868726360      0.573980843748
   444     -3.884707550457    -24.531534419826      0.925059128497     -0.379823128290
   445     -4.569718633037    -25.260067066139     -0.685011082580     -0.728532646313
   446     -3.605030299278    -25.523461103105      0.964688333759     -0.263394036966
   447     -4.558113602277    -25.220752963895     -0.953083302999      0.302708139209
   448     -5.207081855005    -25.981568452007     -0.648968252728     -0.760815488112
   449     -5.053038078838    -24.993504428260      0.154043776168      0.988064023747
   450     -5.792297406477    -25.666925282183     -0.739259327639     -0.673420853924
   451     -4.858693343862    -26.025231651468      0.933604062615     -0.358306369284
   452     -4.946281411026    -25.029074871392     -0.087588067164      0.996156780076
   453     -4.206136928214    -25.701522746370      0.740144482812     -0.672447874978
   454     -4.423442285177    -26.677626420083     -0.217305356963     -0.976103673713
   455     -4.704412208159    -27.637342994067     -0.280969922983     -0.959716573984
   456     -4.039246198403    -26.890647487541      0.665166009756      0.746695506525
   457     -3.052966383562    -26.725565305473      0.986279814841      0.165082182069
   458     -2.102262217086    -26.415465986149      0.950704166476      0.310099319324
   459     -2.641087470732    -27.257883546527     -0.538825253646     -0.842417560378
   460     -2.286652076199    -26.322803041382      0.354435394533      0.935080505145
   461     -1.475411288487    -26.907515264919      0.811240787712     -0.584712223537
   462     -1.919783840144    -26.011673183225     -0.444372551657      0.895842081694
   463     -2.912194747202    -25.888707368659     -0.992410907058      0.122965814566
   464     -3.082404372794    -24.903299492013     -0.170209625592      0.985407876646
   465     -2.103507961571    -24.698942412141      0.978896411223      0.204357079872
   466     -1.127728014931    -24.917696830922      0.975779946639     -0.218754418782
   467     -0.226289460459    -25.350603902371      0.901438554473     -0.432907071449
   468     -0.165848627123    -26.348775684013      0.060440833336     -0.998171781642
   469     -1.067495467651    -26.781248775622     -0.901646840528     -0.432473091609
   470     -1.942119250406    -27.266051043190     -0.874623782755     -0.484802267568
   471     -2.445622101962    -26.402057479282     -0.503502851557      0.863993563908
   472     -3.304372724327    -25.889663716060     -0.858750622364      0.512393763222
   473     -3.026664923278    -24.928998125317      0.277707801049      0.960665590743
   474     -3.621153626966    -24.124894163639     -0.594488703688      0.804103961679
   475     -2.872376313206    -23.462072517645      0.748777313760      0.662821645994
   476     -3.766941106041    -23.015134231726     -0.894564792835      0.446938285919
   477     -4.468226786193    -23.728014582706     -0.701285680152     -0.712880350980
   478     -5.435416194621    -23.982070970593     -0.967189408427     -0.254056387886
   479     -4.642992434746    -24.592041941039      0.792423759874     -0.609970970446
   480     -3.926140339305    -25.289267208267      0.716852095442     -0.697225267228
   481     -4.602049561191    -24.552282321196     -0.675909221886      0.736984887070
   482     -5.139214624357    -25.395759466657     -0.537165063166     -0.843477145460
   483     -4.745631349089    -24.476470499340      0.393583275268      0.919288967316
   484     -5.739586824348    -24.586254438069     -0.993955475259     -0.109783938728
   485     -6.472223171466    -25.266874730803     -0.732636347118     -0.680620292734
   486     -5.520241407809    -25.573029465642      0.951981763657     -0.306154734840
   487     -4.540898737578    -25.775237116996      0.979342670231     -0.202207651353
   488     -5.508945182894    -25.524466146364     -0.968046445316      0.250770970632
   489     -5.745599298925    -26.496060109584     -0.236654116031     -0.971593963220
   490     -4.807694390440    -26.149167644055      0.937904908485      0.346892465529
   491     -5.551274008649    -26.817815048436     -0.743579618208     -0.668647404381
   492     -6.481316444697    -26.450362919378     -0.930042436048      0.367452129058
   493     -5.482925210506    -26.507063391074      0.998391234191     -0.056700471696
   494     -5.666581491546    -27.490053915155     -0.183656281040     -0.982990524082
   495     -4.940949103522    -28.178136495556      0.725632388024     -0.688082580400
   496     -4.738033873018    -29.157332803366      0.202915230505     -0.979196307810
   497     -5.259364214893    -30.010687755680     -0.521330341876     -0.853354952314
   498     -5.084521662557    -30.995284161266      0.174842552336     -0.984596405586
   499     -5.271488315210    -31.977650422289     -0.186966652653     -0.982366261023
   500     -5.419440858133    -30.988655960706     -0.147952542923      0.988994461583
   501     -4.676805140620    -31.658351556535      0.742635717513     -0.669695595830
   502     -5.651355029139    -31.434180829662     -0.974549888519      0.224170726873
   503     -4.665917164853    -31.604216754197      0.985437864286     -0.170035924534
   504     -3.768934850807    -32.046283183920      0.896982314046     -0.442066429723
   505     -3.424055433789    -31.107636185460      0.344879417018      0.938646998460
   506     -3.225015662533    -32.087627598411      0.199039771257     -0.979991412951
   507     -3.162796252361    -31.089565102874      0.062219410172      0.998062495537
   508     -3.926314682120    -31.735351141294     -0.763518429759     -0.645786038420
   509     -4.679100356226    -32.393616839064     -0.752785674106     -0.658265697770
   510     -3.760624215564    -32.789093234106      0.918476140662     -0.395476395042
   511     -4.658671313332    -33.228992552348     -0.898047097768     -0.439899318242
   512     -4.468580894641    -32.247225964649      0.190090418692      0.981766587699
   513     -3.554037960516    -32.651714804598      0.914542934124     -0.404488839949
   514     -2.861760672397    -31.930083211364      0.692277288120      0.721631593234
   515     -2.766300395860    -30.934649971210      0.095460276537      0.995433240154
   516     -3.059079522847    -31.890830070773     -0.292779126987     -0.956180099563
   517     -3.585802666345    -31.040793171513     -0.526723143497      0.850036899261
   518     -2.860002590573    -30.352887473026      0.725800075772      0.687905698486
   519     -3.834832942083    -30.129939528934     -0.974830351510      0.222947944093
   520     -3.994373574386    -31.117130891661     -0.159540632303     -0.987191362728
   521     -4.854577142990    -31.627081693759     -0.860203568605     -0.509950802097
   522     -4.280663783865    -30.808165668627      0.573913359125      0.818916025132
   523     -3.518949122274    -30.160253040013      0.761714661590      0.647912628614
   524     -2.685240221550    -29.608048848746      0.833708900725      0.552204191266
   525     -3.452962635141    -30.248831413794     -0.767722413591     -0.640782565048
   526     -2.478081775411    -30.471558397637      0.974880859730     -0.222726983843
   527     -3.080640344139    -31.269633062848     -0.602558568728     -0.798074665211
   528     -4.051240279140    -31.028934566435     -0.970599935001      0.240698496413
   529     -4.764254396564    -31.730084242577     -0.713014117424     -0.701149676142
   530     -4.721899346238    -32.729186864789      0.042355050326     -0.999102622212
   531     -5.150157477752    -31.825530418571     -0.428258131514      0.903656446218
   532     -4.303586832495    -32.357806796582      0.846570645257     -0.532276378011
   533     -3.309669743676    -32.247675871986      0.993917088820      0.110130924596
   534     -4.160134974645    -32.773707136183     -0.850465230969     -0.526031264197
   535     -3.790430954946    -31.844557558441      0.369704019700      0.929149577742
   536     -3.400263866425    -30.923813488118      0.390167088521      0.920744070323
   537     -2.499050943932    -30.490436898612      0.901212922493      0.433376589505
   538     -2.950805677401    -29.598294723402     -0.451754733469      0.892142175210
   539     -3.627281837521    -28.861830192832     -0.676476160121      0.736464530571
   540     -4.042741265420    -27.952218482392     -0.415459427899      0.909611710440
   541     -4.631663927593    -27.144029087523     -0.588922662173      0.808189394869
   542     -5.510988270911    -27.620252458693     -0.879324343318     -0.476223371171
   543     -5.584518518995    -26.622959471344     -0.073530248084      0.997292987350
   544     -4.925348693769    -25.870965361320      0.659169825226      0.751994110024
   545     -4.212142906492    -26.571920070980      0.713205787277     -0.700954709660
   546     -3.500387496017    -27.274347459155      0.711755410475     -0.702427388176
   547     -4.089566764956    -26.466345114448     -0.589179268939      0.808002344707
   548     -5.083127818095    -26.353047128215     -0.993561053139      0.113297986233
   549     -4.212445636181    -26.844893179432      0.870682181914     -0.491846051217
   550     -3.766196054520    -25.949984630547      0.446249581661      0.894908548885
   551     -4.523024946146    -26.603597687944     -0.756828891626     -0.653613057398
   552     -5.365946251337    -26.065560818152     -0.842921305191      0.538036869792
   553     -4.405758436197    -25.786205561074      0.960187815140      0.279355257079
   554     -3.810263921855    -24.982846187326      0.595494514343      0.803359373747
   555     -4.758314549468    -24.664726701154     -0.948050627613      0.318119486173
   556     -4.648126859315    -23.670815903879      0.110187690152      0.993910797275
   557     -4.751492885089    -22.676172518180     -0.103366025774      0.994643385699
   558     -4.171423328965    -23.490739464512      0.580069556124     -0.814566946333
   559     -4.684220398953    -22.632229613077     -0.512797069988      0.858509851435
   560     -5.419262205537    -23.310251399286     -0.735041806584     -0.678021786209
   561     -4.751104433012    -24.054271016644      0.668157772525     -0.744019617358
   562     -5.016511804087    -25.018407380121     -0.265407371075     -0.964136363477
   563     -5.381713950199    -25.949335622509     -0.365202146112     -0.930928242388
   564     -4.710528681641    -25.208045979205      0.671185268558      0.741289643305
   565     -4.173096324210    -26.051352839835      0.537432357431     -0.843306860630
   566     -3.249326360039    -26.434300686541      0.923769964170     -0.382947846706
   567     -3.142051252972    -27.428530062190      0.107275107068     -0.994229375649
   568     -3.086016464328    -28.426958879113      0.056034788644     -0.998428816923
   569     -2.090274761605    -28.334771778829      0.995741702723      0.092187100284
   570     -1.937520020138    -29.323035907976      0.152754741467     -0.988264129147
   571     -1.160892896365    -28.693075345226      0.776627123773      0.629960562750
   572     -0.166024255023    -28.591900316319      0.994868641342      0.101175028907
   573     -0.859977512730    -29.311920368899     -0.693953257707     -0.720020052581
   574      0.078441933345    -28.966422260034      0.938419446074      0.345498108865
   575     -0.257810167003    -29.908194273322     -0.336252100347     -0.941772013288
   576     -1.115809223200    -29.394543010727     -0.857999056197      0.513651262595
   577     -2.019745977551    -29.822209170404     -0.903936754351     -0.427666159677
   578     -2.924299221528    -30.248569849655     -0.904553243977     -0.426360679250
   579     -2.202586104673    -29.556377551981      0.721713116855      0.692192297674
   580     -1.664092509967    -28.713747948619      0.538493594705      0.842629603362
   581     -0.687863492045    -28.497006386922      0.976229017922      0.216741561697
   582     -0.575719291626    -29.490698330289      0.112144200419     -0.993691943367
   583      0.410918173469    -29.327767325039      0.986637465095      0.162931005250
   584      0.047652593492    -28.396081692219     -0.363265579977      0.931685632820
   585      0.733159271215    -27.668015352660      0.685506677723      0.728066339558
   586     -0.207521270804    -27.328721795591     -0.940680542018      0.339293557069
   587     -1.020055259655    -26.745807979524     -0.812533988851      0.582913816067
   588     -0.495793539691    -27.597365170194      0.524261719964     -0.851557190669
   589     -0.909643189396    -26.687019923906     -0.413849649705      0.910345246288
   590     -0.919904362971    -25.687072571133     -0.010261173575      0.999947352773
   591     -0.424168079427    -24.818599464366      0.495736283544      0.868473106767
   592     -1.009534765595    -24.007830790375     -0.585366686168      0.810768673991
   593     -0.379985064202    -23.230870576802      0.629549701393      0.776960213573
   594     -0.689671535088    -22.280031847179     -0.309686470886      0.950838729622
   595      0.118697398758    -22.868708045776      0.808368933845     -0.588676198596
   596      0.729128958040    -23.660777052512      0.610431559283     -0.792069006736
   597     -0.026202061294    -23.005433592002     -0.755331019334      0.655343460509
   598      0.786257608457    -22.422416195154      0.812459669751      0.583017396849
   599      1.509288068226    -21.731600044324      0.723030459768      0.690816150830
   600      0.654340072673    -21.212886322797     -0.854947995553      0.518713721527
   601      0.525521175268    -20.221218186942     -0.128818897406      0.991668135856
   602     -0.092558702265    -21.007333487002     -0.618079877532     -0.786115300061
   603      0.275641884424    -20.077587108703      0.368200586689      0.929746378300
   604      1.019028102449    -19.408724693215      0.743386218024      0.668862415488
   605      0.944050328294    -20.405909898371     -0.074977774154     -0.997185205156
   606      1.940210632540    -20.493457875194      0.996160304245     -0.087547976823
   607      2.377133640131    -19.593958967225      0.436923007591      0.899498907969
   608      3.340652618795    -19.861598982458      0.963518978664     -0.267640015233
   609      3.561807127371    -20.836837765186      0.221154508576     -0.975238782728
   610      3.697099646378    -19.846032065615      0.135292519006      0.990805699570
   611      3.651107277760    -18.847090274504     -0.045992368618      0.998941791111
   612      2.854282192194    -19.451300323255     -0.796825085566     -0.604210048751
   613      3.185912923785    -18.507891049470      0.331630731591      0.943409273785
   614      4.087203390105    -18.074675750433      0.901290466321      0.433215299037
   615      4.664228043663    -18.891402479019      0.577024653558     -0.816726728586
   616      3.829617793390    -18.340561549040     -0.834610250273      0.550840929979
   617      2.831132664695    -18.395583797040     -0.998485128695     -0.055022248000
   618      3.722587322744    -17.942473884720      0.891454658049      0.453109912320
   619      4.016510181134    -16.986644740303      0.293922858390      0.955829144417
   620      3.381226608622    -16.214365786495     -0.635283572512      0.772278953809
   621      4.357300181547    -15.996925265348      0.976073572925      0.217440521147
   622      4.814731079061    -16.886170436265      0.457430897514     -0.889245170917
   623      4.126862833891    -16.160334864467     -0.687868245170      0.725835571797
   624      4.771739374441    -16.924621621809      0.644876540551     -0.764286757341
   625      5.494512685370    -16.233536430961      0.722773310929      0.691085190848
   626      5.386095683766    -17.227641935303     -0.108417001604     -0.994105504342
   627      5.211881266279    -18.212349677092     -0.174214417487     -0.984707741789
   628      5.917548050660    -18.920893528538      0.705666784380     -0.708543851446
   629      5.510582710905    -19.834337129555     -0.406965339754     -0.913443601017
   630      6.334001474535    -19.266902957424      0.823418763630      0.567434172131
   631      5.375726343968    -19.552750423979     -0.958275130568     -0.285847466555
   632      4.651690371298    -20.242512636832     -0.724035972670     -0.689762212853
   633      4.487597497317    -21.228957530735     -0.164092873981     -0.986444893904
   634      3.697171072383    -21.841514521362     -0.790426424934     -0.612556990627
   635      4.429558752789    -21.160626655712      0.732387680406      0.680887865650
   636      3.445995015827    -20.980065377102     -0.983563736962      0.180561278611
   637      3.684370334248    -21.951238486062      0.238375318421     -0.971173108960
   638      2.994877588167    -21.226945898014     -0.689492746081      0.724292588048
   639      2.231653052956    -20.580812545794     -0.763224535211      0.646133352220
   640      2.791121143731    -21.409664435702      0.559468090775     -0.828851889908
   641      3.331510247186    -20.568249189307      0.540389103456      0.841415246395
   642      2.935092624733    -21.486319485422     -0.396417622453     -0.918070296115
   643      2.088086423346    -22.017902493814     -0.847006201388     -0.531583008392
   644      2.698347258646    -22.810103044746      0.610260835301     -0.792200550933
   645      1.899267657594    -22.208877803109     -0.799079601053      0.601225241637
   646      0.927191401874    -21.974212609556     -0.972076255720      0.234665193553
   647     -0.039221774559    -21.717219278091     -0.966413176433      0.256993331465
   648      0.438585940776    -20.838754829655      0.477807715335      0.878464448436
   649     -0.482281141573    -21.228631498163     -0.920867082348     -0.389876668508
   650      0.178622991015    -20.478161160622      0.660904132588      0.750470337541
   651      0.188050533858    -19.478205600892      0.009427542843      0.999955559730
   652      0.737884495552    -18.642931625140      0.549833961694      0.835273975752
   653     -0.105944028677    -19.179544541214     -0.843828524229     -0.536612916074
   654     -0.132795212813    -18.179905099260     -0.026851184136      0.999639441954
   655     -0.266654648222    -19.170905427995     -0.133859435409     -0.991000328734
   656      0.181872875885    -18.277136408550      0.448527524107      0.893769019444
   657      0.525311686579    -17.337961353883      0.343438810694      0.939175054667
   658      0.344570190013    -18.321491989613     -0.180741496566     -0.983530635730
   659      0.254474500925    -17.325558875992     -0.090095689088      0.995933113621
   660      1.249401575432    -17.426157665321      0.994927074506     -0.100598789329
   661      1.829946402038    -18.240385952904      0.580544826607     -0.814228287583
   662      1.034898346177    -18.846932397021     -0.795048055861     -0.606546444117
   663      1.903231055248    -19.342914560366      0.868332709072     -0.495982163345
   664      2.291709671129    -18.421456821235      0.388478615880      0.921457739131
   665      3.291386751826    -18.446868124391      0.999677080698     -0.025411303155
   666      3.767569005536    -19.326214734808      0.476182253709     -0.879346610417
   667      2.805866788321    -19.052118318552     -0.961702217215      0.274096416256
   668      2.183081081845    -18.269725857054     -0.622785706477      0.782392461498
   669      1.629554263328    -17.436894504869     -0.553526818517      0.832831352185
   670      0.631220102062    -17.494591146450     -0.998334161266     -0.057696641581
   671     -0.028845896062    -18.245798759644     -0.660065998124     -0.751207613194
   672      0.353907156840    -19.169649451312      0.382753052901     -0.923850691668
   673      1.130125606173    -18.539185400858      0.776218449333      0.630464050454
   674      1.259729184803    -17.547619511768      0.129603578630      0.991565889090
   675      1.057190057596    -16.568345340787     -0.202539127208      0.979274170981
   676      0.884852513532    -15.583307386744     -0.172337544063      0.985037954044
   677      1.748297906149    -15.078865066980      0.863445392617      0.504442319764
   678      1.407719593109    -14.138648914871     -0.340578313040      0.940216152109
   679      1.787782289659    -13.213688187764      0.380062696550      0.924960727107
   680      2.394739070491    -12.418953347580      0.606956780832      0.794734840184
   681      1.466973763274    -12.045789128068     -0.927765307217      0.373164219512
   682      2.200788598470    -12.725138660817      0.733814835196     -0.679349532749
   683      1.312532784023    -13.184487774347     -0.888255814447     -0.459349113530
   684      0.839168164351    -12.303621191462     -0.473364619672      0.880866582885
   685      1.800082151090    -12.026774103544      0.960913986739      0.276847087919
   686      2.391599461925    -11.220481804819      0.591517310834      0.806292298725
   687      3.390095214995    -11.275310912977      0.998495753070     -0.054829108158
   688      2.978948425046    -12.186880064010     -0.411146789949     -0.911569151033
   689      2.138449980366    -11.645066106557     -0.840498444680      0.541813957452
   690      2.973926656150    -11.095540197959      0.835476675784      0.549525908598
   691      2.527474425891    -10.200732729228     -0.446452230259      0.894807468731
   692      1.675132924565    -10.723718355338     -0.852341501326     -0.522985626110
   693      0.867416732784    -11.313289855271     -0.807716191782     -0.589571499934
   694      0.147932758222    -12.007798897940     -0.719483974562     -0.694509042669
   695      0.955766083775    -11.418387905402      0.807833325554      0.589410992538
   696      0.194023476305    -12.066267678172     -0.761742607470     -0.647879772770
   697     -0.534973698154    -12.750784383322     -0.728997174459     -0.684516705151
   698      0.202742379587    -12.075673289767      0.737716077742      0.675111093555
   699      1.187410004977    -12.250114304183      0.984667625389     -0.174441014416
   700      0.273440932925    -12.655898157154     -0.913969072052     -0.405783852971
   701      1.157192756591    -13.123854046279      0.883751823666     -0.467955889124
   702      1.121472871337    -14.123215887554     -0.035719885254     -0.999361841275
   703      1.285379083416    -13.136739961015      0.163906212079      0.986475926539
   704      2.246577356402    -13.412598402992      0.961198272985     -0.275858441978
   705      1.355486600274    -13.866423550317     -0.891090756128     -0.453825147324
   706      0.459599539023    -14.310705412970     -0.895887061251     -0.444281862653
   707     -0.420977186369    -14.784609022049     -0.880576725392     -0.473903609079
   708      0.065543008561    -15.658278353047      0.486520194930     -0.873669330997
   709     -0.042220579188    -16.652454901329     -0.107763587749     -0.994176548283
   710     -0.396312641379    -15.717244330659     -0.354092062191      0.935210570670
   711     -0.460221825426    -14.719288612105     -0.063909184047      0.997955718554
   712     -1.092567537617    -15.493974935899     -0.632345712191     -0.774686323794
   713     -0.107191670651    -15.323580097945      0.985375866966      0.170394837954
   714     -0.924694361110    -14.747655318923     -0.817502690459      0.575924779022
   715     -1.789627189119    -14.245767679074     -0.864932828009      0.501887639849
   716     -1.278534713530    -15.105293409577      0.511092475589     -0.859525730503
   717     -1.202644388207    -16.102409580603      0.075890325323     -0.997116171026
   718     -1.504354952188    -15.149010012960     -0.301710563981      0.953399567643
   719     -2.396232400215    -15.601287159963     -0.891877448027     -0.452277147004
   720     -2.005508340981    -16.521795014105      0.390724059234     -0.920507854141
   721     -1.736849816030    -15.558559530450      0.268658524951      0.963235483654
   722     -2.030906500952    -16.514347512197     -0.294056684923     -0.955787981747
   723     -1.237368059416    -15.905827387793      0.793538441536      0.608520124404
   724     -1.757507489803    -16.759908749818     -0.520139430386     -0.854081362024
   725     -0.965961479527    -16.148799174032      0.791546010276      0.611109575785
   726     -0.706539859537    -15.183035008678      0.259421619990      0.965764165354
   727     -1.158621366604    -16.075011640081     -0.452081507066     -0.891976631403
   728     -1.424451368513    -15.110991718044     -0.265830001909      0.964019922037
   729     -0.646804792204    -14.482290038107      0.777646576309      0.628701679937
   730      0.164637957398    -13.897858122382      0.811442749603      0.584431915725
   731      0.034189432892    -12.906403038955     -0.130448524507      0.991455083427
   732      0.870784083392    -12.358580630912      0.836594650500      0.547822408043
   733     -0.119107961402    -12.500403547442     -0.989892044794     -0.141822916530
   734     -0.852667198321    -11.820778028548     -0.733559236919      0.679625518894
   735     -0.299010114887    -10.988033269355      0.553657083433      0.832744759193
   736      0.454614812572    -11.645337969408      0.753624927459     -0.657304700053
   737     -0.255460721383    -12.349463481003     -0.710075533955     -0.704125511595
   738     -0.611613759361    -13.283891120545     -0.356153037977     -0.934427639542
   739     -1.228206794781    -14.071173172081     -0.616593035420     -0.787282051536
   740     -0.253415394974    -13.848054981737      0.974791399807      0.223118190344
   741      0.304530180615    -14.677932523715      0.557945575589     -0.829877541978
   742      1.293488160291    -14.826128726213      0.988957979676     -0.148196202498
   743      0.596678378703    -14.108872754971     -0.696809781588      0.717255971242
   744      0.077217217403    -14.963366816916     -0.519461161301     -0.854494061946
   745     -0.798236067420    -14.480064069052     -0.875453284822      0.483302747865
   746      0.198146412415    -14.565046148804      0.996382479834     -0.084982079752
   747     -0.693715969061    -14.112739292224     -0.891862381475      0.452306856580
   748     -0.512990015021    -15.096272784046      0.180725954040     -0.983533491822
   749     -1.204439548004    -14.373848017487     -0.691449532983      0.722424766559
   750     -0.543421457062    -15.124217981870      0.661018090941     -0.750369964383
   751     -0.555954992236    -14.124296529707     -0.012533535174      0.999921452163
   752     -1.548963993747    -14.006257879603     -0.993009001511      0.118038650104
   753     -0.797770494055    -13.346175819537      0.751193499691      0.660082060066
   754     -1.391819680626    -12.541747100548     -0.594049186571      0.804428718989
   755     -2.230916455111    -11.997764928920     -0.839096774485      0.543982171627
   756     -2.836914234711    -11.202298593291     -0.605997779600      0.795466335630
   757     -3.751342258889    -11.607047143130     -0.914428024179     -0.404748549839
   758     -4.751228141174    -11.622154174853     -0.999885882285     -0.015107031724
   759     -3.794160201695    -11.332290484093      0.957067939479      0.289863690760
   760     -4.782070756604    -11.177265532876     -0.987910554909      0.155024951217
   761     -5.212609333010    -10.274693356136     -0.430538576407      0.902572176740
   762     -5.196776703634    -11.274568012204      0.015832629376     -0.999874656068
   763     -5.463842244943    -10.310889644362     -0.267065541309      0.963678367841
   764     -5.698084023964     -9.338711271346     -0.234241779021      0.972178373016
   765     -5.865870643005    -10.324534607685     -0.167786619041     -0.985823336339
   766     -6.164493420158    -11.278905833658     -0.298622777153     -0.954371225973
   767     -5.277319805797    -11.740341612485      0.887173614361     -0.461435778826
   768     -5.650571810699    -10.812611618986     -0.373252004902      0.927729993498
   769     -5.041015272886    -10.019869020654      0.609556537813      0.792742598332
   770     -4.267379572945     -9.386238368163      0.773635699942      0.633630652491
   771     -5.254667642227     -9.545179452380     -0.987288069283     -0.158941084217
   772     -4.267631798321     -9.384679474673      0.987035843906      0.160499977707
   773     -5.024678091887    -10.038040714263     -0.757046293566     -0.653361239590
   774     -5.777419987031    -10.696356473830     -0.752741895144     -0.658315759567
   775     -6.511303619100    -11.375631686525     -0.733883632069     -0.679275212695
   776     -7.054196206124    -10.535829543783     -0.542892587024      0.839802142742
   777     -8.043672070662    -10.680527551705     -0.989475864538     -0.144698007923
   778     -7.579831003322     -9.794609121911      0.463841067339      0.885918429795
   779     -8.335699141785     -9.139885243274     -0.755868138462      0.654723878637
   780     -8.174226457301    -10.126762425179      0.161472684484     -0.986877181905
   781     -7.384785327969     -9.512936144120      0.789441129332      0.613826281059
   782     -8.298689061626     -9.107005157858     -0.913903733657      0.405930986262
   783     -8.123600464979    -10.091557839701      0.175088596647     -0.984552681843
   784     -8.527539655233     -9.176772001061     -0.403939190253      0.914785838641
   785     -8.374094720964    -10.164929201180      0.153444934269     -0.988157200119
   786     -8.161008010928    -11.141962493349      0.213086710035     -0.977033292169
   787     -8.978410374961    -11.718029655469     -0.817402364033     -0.576067162121
   788     -9.234229511377    -10.751304994853     -0.255819136416      0.966724660616
   789     -9.129767234534     -9.756776145238      0.104462276843      0.994528849615
   790     -9.375136190180     -8.787346376970     -0.245368955647      0.969429768268
   791     -8.580874446633     -9.394922119357      0.794261743547     -0.607575742388
   792     -9.151899312495    -10.215854883089     -0.571024865861     -0.820932763732
   793    -10.076880061475     -9.835840917535     -0.924980748980      0.380013965554
   794    -10.572292108002    -10.704499022981     -0.495412046527     -0.868658105446
   795     -9.815457170427    -10.050892966348      0.756834937574      0.653606056633
   796     -8.954035828492     -9.543001962629      0.861421341935      0.507891003719
   797     -9.649974772049    -10.261102921298     -0.695938943557     -0.718100958669
   798    -10.390746279223     -9.589345841574     -0.740771507174      0.671757079724
   799    -11.094198196591     -8.878602990782     -0.703451917368      0.710742850792
   800    -11.957578998198     -9.383155853638     -0.863380801608     -0.504552862855
   801    -11.528377493653     -8.479947091226      0.429201504545      0.903208762411
   802    -12.333342971359     -7.886625441780     -0.804965477705      0.593321649447
   803    -13.070871880846     -7.211309880230     -0.737528909487      0.675315561550
   804    -13.954803811478     -6.743694288093     -0.883931930632      0.467615592137
   805    -13.861570972104     -5.748049955180      0.093232839374      0.995644332913
   806    -14.794589065014     -6.107879412428     -0.933018092910     -0.359829457248
   807    -15.504528985174     -5.403617167406     -0.709939920160      0.704262245022
   808    -14.546038712573     -5.118491936448      0.958490272601      0.285125230958
   809    -15.149766063042     -4.321301064514     -0.603727350469      0.797190871934
   810    -14.600417234481     -5.156894185930      0.549348828561     -0.835593121417
   811    -14.797290323550     -6.137323166938     -0.196873089069     -0.980428981008
   812    -15.416381556257     -6.922642239408     -0.619091232707     -0.785319072470
   813    -15.519314677170     -5.927953960288     -0.102933120913      0.994688279120
   814    -15.447689286088     -6.925385563634      0.071625391082     -0.997431603346
   815    -14.589034067927     -6.412831940758      0.858655218162      0.512553622876
   816    -14.006139966440     -7.225380072533      0.582894101487     -0.812548131775
   817    -14.975860814222     -7.469596119052     -0.969720847782     -0.244216046519
   818    -15.833714505497     -6.955702117954     -0.857853691276      0.513894001098
   819    -14.904299815904     -6.586665080832      0.929414689594      0.369037037122
   820    -15.859903532321     -6.292010134886     -0.955603716417      0.294654945946
   821    -15.044304728828     -6.870627963632      0.815598803492     -0.578617828745
   822    -15.649384823041     -7.666792569469     -0.605080094213     -0.796164605837
   823    -16.643008779355     -7.779537562436     -0.993623956314     -0.112744992968
   824    -16.159017512245     -8.654610389898      0.483991267110     -0.875072827462
   825    -15.707342477080     -7.762427862268      0.451675035166      0.892182527630
   826    -15.720218004395     -8.762344969230     -0.012875527315     -0.999917106963
   827    -15.178980704122     -9.603214866892      0.541237300272     -0.840869897662
   828    -16.176377238897     -9.531102784557     -0.997396534775      0.072112082335
   829    -16.428922554708    -10.498687852374     -0.252545315810     -0.967585067817
   830    -15.964412704670     -9.613119899466      0.464509850038      0.885567952908
   831    -16.492829510551    -10.462104987240     -0.528416805881     -0.848985087774
   832    -15.991377229005    -11.327290290706      0.501452281546     -0.865185303466
   833    -15.471312736847    -10.473163295466      0.520064492158      0.854126995239
   834    -15.539290798952     -9.475476479340     -0.067978062104      0.997686816126
   835    -16.315218428027    -10.106298414943     -0.775927629075     -0.630821935603
   836    -15.453262779832    -10.613282103581      0.861955648195     -0.506983688638
   837    -15.558170654379     -9.618800159121     -0.104907874547      0.994481944461
   838    -16.047168608457     -8.746515228088     -0.488997954078      0.872284931033
   839    -15.614170880578     -7.845120216092      0.432997727880      0.901395011996
   840    -15.017310598259     -8.647465405764      0.596860282318     -0.802345189673
   841    -15.818570876690     -9.245781347562     -0.801260278431     -0.598315941798
   842    -16.584423882549     -9.888797034320     -0.765853005859     -0.643015686758
   843    -15.818433088525     -9.245945493550      0.765990794024      0.642851540770
   844    -16.456559571457     -8.476013943488     -0.638126482932      0.769931550062
   845    -17.312920987084     -8.992390865732     -0.856361415627     -0.516376922244
   846    -18.149183401420     -9.540720305365     -0.836262414336     -0.548329439633
   847    -17.212162236875     -9.191447722422      0.937021164545      0.349272582943
   848    -18.098495471646     -9.654495664802     -0.886333234770     -0.463047942379
   849    -18.688878095951    -10.461619172648     -0.590382624305     -0.807123507847
   850    -19.391458049307    -11.173223985126     -0.702579953356     -0.711604812478
   851    -19.470959200917    -10.176389211007     -0.079501151610      0.996834774119
   852    -20.408730606916    -10.523642418466     -0.937771405999     -0.347253207458
   853    -20.170777802417    -11.494919136415      0.237952804499     -0.971276717950
   854    -20.097912947444    -10.497577312912      0.072864854974      0.997341823504
   855    -19.332253900951    -11.140823940982      0.765659046492     -0.643246628071
   856    -20.150997411875    -10.566664500304     -0.818743510923      0.574159440679
   857    -21.150837010035    -10.548754225283     -0.999839598160      0.017910275020
   858    -20.964094518183    -11.531163122707      0.186742491852     -0.982408897424
   859    -21.738644763850    -10.898650737897     -0.774550245666      0.632512384810
   860    -22.233720288321    -11.767500681828     -0.495075524471     -0.868849943932
   861    -21.853627721927    -10.842552228685      0.380092566394      0.924948453143
   862    -22.581997991119    -11.527735963867     -0.728370269192     -0.685183735182
   863    -23.578514099117    -11.611136482457     -0.996516107998     -0.083400518590
   864    -22.634129219527    -11.282294272266      0.944384879589      0.328842210190
   865    -23.270247891323    -12.053885508215     -0.636118671796     -0.771591235949
   866    -22.318870568791    -11.745857603355      0.951377322532      0.308027904860
   867    -22.423169012825    -10.751311558885     -0.104298444034      0.994546044471
   868    -22.501594703391    -11.748231521098     -0.078425690566     -0.996919962213
   869    -23.434510824997    -12.108325272845     -0.932916121606     -0.360093751747
   870    -23.652330860338    -13.084314223707     -0.217820035340     -0.975988950862
   871    -24.187168944886    -12.239359654918     -0.534838084548      0.844954568788
   872    -25.122127313578    -11.884602204238     -0.934958368692      0.354757450680
   873    -26.075938236708    -11.584194609597     -0.953810923130      0.300407594641
   874    -25.289298047885    -12.201606314482      0.786640188823     -0.617411704884
   875    -24.737503528744    -13.035586415351      0.551794519141     -0.833980100869
   876    -25.458338076192    -12.342479240951     -0.720834547448      0.693107174400
   877    -25.687142702127    -11.369006877116     -0.228804625935      0.973472363835
   878    -24.950309136101    -10.692932697770      0.736833566026      0.676074179346
   879    -24.637321141578     -9.743175615520      0.312987994523      0.949757082250
   880    -25.328612282513     -9.020599281514     -0.691291140935      0.722576334006
   881    -24.417590455162     -9.432957414804      0.911021827351     -0.412358133290
   882    -23.743114248127     -8.694660830670      0.674476207035      0.738296584134
   883    -23.879833593984     -7.704051008152     -0.136719345857      0.990609822518
   884    -24.830677220075     -7.394379571427     -0.950843626090      0.309671436725
   885    -23.877008918632     -7.695239623319      0.953668301442     -0.300860051892
   886    -24.732385757620     -7.177233384627     -0.855376838987      0.518006238692
   887    -25.444164804284     -6.474829947328     -0.711779046664      0.702403437299
   888    -24.610221570093     -5.922979712077      0.833943234191      0.551850235251
   889    -25.529197232387     -6.317293967602     -0.918975662294     -0.394314255526
   890    -24.744540908048     -6.937224973986      0.784656324339     -0.619931006383
   891    -25.541972328807     -6.333815387398     -0.797431420759      0.603409586588
   892    -24.746078590114     -5.728379051596      0.795893738693      0.605436335802
   893    -25.262475170972     -6.584728612977     -0.516396580858     -0.856349561382
   894    -24.359580130903     -6.154867534699      0.902895040069      0.429861078278
   895    -23.600269006331     -5.504139775877      0.759311124572      0.650727758822
   896    -22.962428662833     -6.274308391315      0.637840343498     -0.770168615438
   897    -23.091554899877     -5.282680227684     -0.129126237044      0.991628163631
   898    -23.510951249330     -4.374876998969     -0.419396349454      0.907803228715
   899    -24.106883486541     -3.571842274532     -0.595932237211      0.803034724438
   900    -23.563291655204     -2.732492573332      0.543591831337      0.839349701199
   901    -23.711216537287     -1.743493974111     -0.147924882082      0.988998599221
   902    -24.469876411719     -1.092007063324     -0.758659874432      0.651486910787
   903    -23.542544601661     -0.717766881015      0.927331810058      0.374240182309
   904    -23.152499897721     -1.638562802449      0.390044703940     -0.920795921433
   905    -23.650449554575     -0.771356864255     -0.497949656854      0.867205938194
   906    -24.359425877130     -1.476589148014     -0.708976322555     -0.705232283759
   907    -23.782298082925     -2.293242997056      0.577127794205     -0.816653849043
   908    -22.921555792509     -1.784202026712      0.860742290416      0.509040970345
   909    -22.551210511219     -2.713096193248      0.370345281291     -0.928894166537
   910    -23.349070124124     -2.110252898440     -0.797859612905      0.602843294808
   911    -22.853203876456     -1.241853989860      0.495866247668      0.868398908581
   912    -23.582333182049     -0.557478029056     -0.729129305593      0.684375960804
   913    -23.401290366506     -1.540953244270      0.181042815543     -0.983475215214
   914    -22.560533335596     -0.999540633616      0.840757030910      0.541412610654
   915    -23.461772259866     -1.432863147894     -0.901238924270     -0.433322514278
   916    -22.474441463796     -1.591538600098      0.987330796070     -0.158675452204
   917    -22.941883155939     -2.475562505005     -0.467441692143     -0.884023904907
   918    -22.264025054634     -1.740369744910      0.677858101305      0.735192760095
   919    -22.446456017906     -2.723588410132     -0.182430963272     -0.983218665221
   920    -21.507027575098     -2.380843314115      0.939428442808      0.342745096017
   921    -20.750044742896     -3.034278078840      0.756982832202     -0.653434764726
   922    -19.986151008830     -3.679620130046      0.763893734066     -0.645342051206
   923    -19.238084070436     -4.343243408482      0.748066938394     -0.663623278436
   924    -18.389137643384     -3.814764493107      0.848946427052      0.528478915375
   925    -19.280516811269     -3.361506091020     -0.891379167884      0.453258402086
   926    -19.658991950419     -2.435894634174     -0.378475139150      0.925611456846
   927    -20.395861440399     -3.111929658960     -0.736869489980     -0.676035024786
   928    -20.468720039769     -2.114587378448     -0.072858599371      0.997342280512
   929    -19.777655516619     -2.837380450387      0.691064523150     -0.722793071939
   930    -20.752954259957     -3.058270380539     -0.975298743338     -0.220889930152
   931    -21.387202535982     -2.285140944830     -0.634248276024      0.773129435709
   932    -22.351264565525     -2.019463691017     -0.964062029543      0.265677253813
   933    -21.441230732496     -2.433997673633      0.910033833028     -0.414533982616
   934    -22.440043283270     -2.385279212890     -0.998812550774      0.048718460743
   935    -22.887976183387     -3.279346389892     -0.447932900117     -0.894067177002
   936    -23.857865426441     -3.035799974999     -0.969889243054      0.243546414893
   937    -23.225461436749     -3.810438725528      0.632403989693     -0.774638750529
   938    -23.401729617317     -4.794780906133     -0.176268180568     -0.984342180606
   939    -24.270763125261     -5.289534139645     -0.869033507944     -0.494753233512
   940    -24.447601199765     -6.273774097890     -0.176838074504     -0.984239958245
   941    -25.328000677306     -6.748006909855     -0.880399477542     -0.474232811965
   942    -24.390594638376     -6.399768603263      0.937406038930      0.348238306592
   943    -23.972308148005     -5.491453453124      0.418286490372      0.908315150139
   944    -24.962536796858     -5.630906753513     -0.990228648854     -0.139453300389
   945    -24.492120002283     -6.513351108349      0.470416794576     -0.882444354836
   946    -25.252293454396     -7.163071296354     -0.760173452114     -0.649720188005
   947    -26.030520187488     -7.791054697330     -0.778226733092     -0.627983400976
   948    -25.207113319423     -7.223603263617      0.823406868065      0.567451433713
   949    -24.286297216914     -7.613600321759      0.920816102509     -0.389997058142
   950    -24.169030483991     -6.620499866946      0.117266732923      0.993100454813
   951    -23.378023054106     -7.232306409791      0.791007429885     -0.611806542844
   952    -24.036675753253     -7.984753498898     -0.658652699147     -0.752447089108
   953    -24.687732935240     -7.225724813154     -0.651057181988      0.759028685744
   954    -24.691848572793     -8.225716343882     -0.004115637553     -0.999991530728
   955    -25.096271696052     -9.140288340706     -0.404423123258     -0.914571996824
   956    -24.139762540788     -8.848586033729      0.956509155264      0.291702306977
   957    -24.684028900384     -8.009673565225     -0.544266359597      0.838912468504
   958    -25.316750525468     -8.784052894205     -0.632721625083     -0.774379328980
   959    -26.301296427685     -8.608926178863     -0.984545902218      0.175126715342
   960    -26.028942984887     -9.571123457074      0.272353442798     -0.962197278211
   961    -25.485026219983     -8.731984283363      0.543916764905      0.839139173711
   962    -25.058120429785     -7.827688177933      0.426905790198      0.904296105430
   963    -25.111997632168     -6.829140609180     -0.053877202384      0.998547568753
   964    -26.110605079042     -6.881896339190     -0.998607446873     -0.052755730010
   965    -25.121990322959     -6.731427524962      0.988614756083      0.150468814228
   966    -25.623126509485     -5.866059093278     -0.501136186526      0.865368431683
   967    -25.976699549735     -6.801466012864     -0.353573040250     -0.935406919586
   968    -26.829382052231     -7.323895481726     -0.852682502497     -0.522429468862
   969    -27.382569174325     -6.490838456097     -0.553187122094      0.833057025629
   970    -27.335743574859     -7.489741536098      0.046825599466     -0.998903080001
   971    -26.374762679570     -7.766356284240      0.960980895289     -0.276614748142
   972    -25.384826826738     -7.907873093410      0.989935852832     -0.141516809171
   973    -26.119994026664     -7.229987271053     -0.735167199926      0.677885822357
   974    -25.850226635470     -6.267061752309      0.269767391194      0.962925518744
   975    -25.693120813508     -7.254643526496      0.157105821962     -0.987581774187
   976    -26.394530362794     -6.541885051155     -0.701409549286      0.712758475341
   977    -26.848214805416     -5.650722649276     -0.453684442622      0.891162401879
   978    -27.323767909125     -6.530409664954     -0.475553103709     -0.879687015678
   979    -26.993095814590     -5.586663954555      0.330672094535      0.943745710399
   980    -26.268149130032     -6.275468937514      0.724946684558     -0.688804982958
   981    -27.243942136456     -6.056772781591     -0.975793006423      0.218696155922
   982    -26.304547252143     -6.399609843951      0.939394884313     -0.342837062360
   983    -25.355445274855     -6.084640898327      0.949101977288      0.314968945624
   984    -25.960998223247     -5.288835880315     -0.605552948393      0.795805018012
   985    -25.894395513640     -4.291056305924      0.066602709608      0.997779574392
   986    -26.288557209431     -5.210097413585     -0.394161695791     -0.919041107661
   987    -26.799953072507     -4.350752156294     -0.511395863077      0.859345257291
   988    -26.633503914366     -3.364702118135      0.166449158142      0.986050038159
   989    -27.603197665512     -3.120378502848     -0.969693751147      0.244323615288
   990    -27.861241002908     -2.154245160071     -0.258043337396      0.966133342777
   991    -28.251194909338     -3.075079537611     -0.389953906429     -0.920834377541
   992    -28.602321514368     -2.138751546339     -0.351126605030      0.936327991272
   993    -27.962419977788     -1.370294635717      0.639901536580      0.768456910622
   994    -27.743720750316     -0.394502317699      0.218699227472      0.975792318018
   995    -27.150433315517      0.410488377719      0.593287434799      0.804990695418
   996    -28.149698938390      0.372171084715     -0.999265622874     -0.038317293004
   997    -27.152973154332      0.291314969338      0.996725784058     -0.080856115377
   998    -26.310768010593      0.830472178192      0.842205143739      0.539157208854
   999    -26.862445283188     -0.003585485822     -0.551677272595     -0.834057664015
  1000    -26.328616256352      0.842006951529      0.533829026837      0.845592437352
