# File chua thong tin toa do tai lan chay thu 8
##########################################################################################
#  Step                   x                   y            delta_x            delta_y
     1      0.000000000000      0.000000000000      0.000000000000      0.000000000000
     2      0.785927204998      0.618319034515      0.785927204998      0.618319034515
     3      1.198558963971     -0.292578891428      0.412631758973     -0.910897925943
     4      0.422283859024     -0.922973181883     -0.776275104948     -0.630394290455
     5     -0.408160288751     -1.480075073306     -0.830444147775     -0.557101891423
     6     -0.097312726682     -0.529615293433      0.310847562069      0.950459779873
     7      0.601431338633      0.185756449920      0.698744065314      0.715371743353
     8      1.154651069490     -0.647278921112      0.553219730857     -0.833035371032
     9      1.017341278273      0.343249231560     -0.137309791217      0.990528152672
    10      0.267032026820     -0.317837772687     -0.750309251453     -0.661087004247
    11      0.942044203659     -1.055644360567      0.675012176839     -0.737806587880
    12      0.722785246071     -2.031311060581     -0.219258957589     -0.975666700014
    13      1.722758930084     -2.024056318667      0.999973684014      0.007254741915
    14      0.893710856369     -2.583233653211     -0.829048073715     -0.559177334545
    15      0.128442280347     -1.939522532790     -0.765268576021      0.643711120421
    16      1.128229170515     -1.960166520982      0.999786890168     -0.020643988192
    17      0.234994484308     -2.409757218568     -0.893234686207     -0.449590697587
    18      0.569343091830     -3.352206691298      0.334348607522     -0.942449472729
    19      1.546528918338     -3.139820579531      0.977185826508      0.212386111767
    20      0.586213593568     -3.418737192537     -0.960315324770     -0.278916613007
    21      1.358460864686     -2.783415107095      0.772247271118      0.635322085443
    22      0.474375110361     -3.250739811128     -0.884085754325     -0.467324704033
    23      1.428820573415     -3.549125229765      0.954445463054     -0.298385418636
    24      2.062626369831     -4.322617448491      0.633805796415     -0.773492218727
    25      1.561932119333     -5.188241655361     -0.500694250498     -0.865624206870
    26      1.706599593381     -4.198761326121      0.144667474048      0.989480329240
    27      2.586015682210     -3.722707397760      0.879416088829      0.476053928361
    28      3.171559089836     -2.912066344157      0.585543407625      0.810641053603
    29      4.101374087444     -2.544039075843      0.929814997608      0.368027268314
    30      3.186670330151     -2.948164101538     -0.914703757293     -0.404125025695
    31      3.089191451872     -1.952926507649     -0.097478878278      0.995237593889
    32      2.126461637317     -2.223391485358     -0.962729814555     -0.270464977708
    33      3.124587389206     -2.284587754981      0.998125751889     -0.061196269624
    34      3.094701885179     -1.285034426414     -0.029885504027      0.999553328567
    35      2.801824812871     -0.328884322866     -0.292877072308      0.956150103549
    36      1.929432318393     -0.817690353494     -0.872392494478     -0.488806030629
    37      1.203074911935     -0.130373164649     -0.726357406459      0.687317188846
    38      1.396118755281     -1.111563296349      0.193043843346     -0.981190131700
    39      0.431937051465     -1.376805906096     -0.964181703817     -0.265242609747
    40      0.309718979661     -2.369309177086     -0.122218071803     -0.992503270989
    41     -0.240177064725     -1.534076071679     -0.549896044386      0.835233105407
    42     -0.102262755051     -2.524520236277      0.137914309674     -0.990444164598
    43      0.657791223819     -3.174380182115      0.760053978870     -0.649859945838
    44     -0.117171464703     -3.806387168942     -0.774962688522     -0.632006986827
    45      0.536858489169     -4.562855819607      0.654029953872     -0.756468650664
    46      1.430167458973     -5.012298902174      0.893308969804     -0.449443082567
    47      1.902423189047     -5.893760486936      0.472255730074     -0.881461584763
    48      1.999228366624     -6.889063836471      0.096805177577     -0.995303349534
    49      1.133074496828     -7.388841260769     -0.866153869796     -0.499777424298
    50      1.707581864441     -6.570341850531      0.574507367612      0.818499410238
    51      0.777808629081     -6.202209088054     -0.929773235360      0.368132762477
    52      1.758764333872     -6.007977511741      0.980955704791      0.194231576314
    53      1.796898066771     -5.008704867056      0.038133732899      0.999272644685
    54      1.507850188261     -4.051390224983     -0.289047878511      0.957314642074
    55      2.284086130299     -4.681832738054      0.776235942038     -0.630442513072
    56      1.293145543158     -4.547531759811     -0.990940587141      0.134300978243
    57      2.127063258260     -3.995642962644      0.833917715102      0.551888797167
    58      3.118984782273     -3.868789936665      0.991921524013      0.126853025979
    59      3.957381174926     -4.413850932139      0.838396392653     -0.545060995474
    60      4.618298637141     -5.164309530690      0.660917462215     -0.750458598551
    61      4.008841709525     -5.957128711451     -0.609456927616     -0.792819180760
    62      4.729373434679     -6.650550684745      0.720531725154     -0.693421973294
    63      5.192161408938     -5.764081683098      0.462787974259      0.886469001647
    64      4.272652266626     -6.157150299506     -0.919509142312     -0.393068616408
    65      4.880185496224     -5.362856037325      0.607533229598      0.794294262181
    66      5.819984406190     -5.704584012221      0.939798909966     -0.341727974896
    67      4.837830311546     -5.892662012992     -0.982154094644     -0.188078000771
    68      4.153225847453     -6.621576773266     -0.684604464092     -0.728914760274
    69      4.927974765659     -5.989307753196      0.774748918205      0.632269020070
    70      4.369090926181     -5.160061798144     -0.558883839478      0.829245955052
    71      3.387449515641     -5.350797586903     -0.981641410540     -0.190735788759
    72      4.311352601323     -4.968171021872      0.923903085682      0.382626565030
    73      3.334593585661     -5.182511464449     -0.976759015661     -0.214340442577
    74      2.334711870193     -5.167131117493     -0.999881715468      0.015380346956
    75      2.807927424872     -4.286184445548      0.473215554678      0.880946671945
    76      2.626529183116     -5.269594165801     -0.181398241756     -0.983409720253
    77      3.080173593043     -6.160776946908      0.453644409927     -0.891182781107
    78      2.096840261958     -5.978965066172     -0.983333331085      0.181811880736
    79      2.440959231445     -5.040039012194      0.344118969488      0.938926053978
    80      2.818059205712     -5.966211571390      0.377099974266     -0.926172559196
    81      2.203933231138     -6.755419584118     -0.614125974574     -0.789208012728
    82      2.468337221583     -7.719831596609      0.264403990445     -0.964412012491
    83      1.772711904420     -8.438236369785     -0.695625317163     -0.718404773176
    84      1.059462877566     -9.139147081425     -0.713249026854     -0.700910711640
    85      1.740682186607     -9.871226484897      0.681219309042     -0.732079403473
    86      1.731326533648    -10.871182719818     -0.009355652959     -0.999956234921
    87      2.067628964079     -9.929428677997      0.336302430430      0.941754041821
    88      2.242002780478     -8.944749150357      0.174373816399      0.984679527641
    89      3.060828406085     -8.370706821909      0.818825625607      0.574042328448
    90      2.130228930248     -8.736745912133     -0.930599475837     -0.366039090224
    91      3.042897825618     -9.145445664303      0.912668895370     -0.408699752170
    92      2.882239826322    -10.132455799642     -0.160657999296     -0.987010135339
    93      3.603831717446     -9.440137128317      0.721591891124      0.692318671324
    94      4.044496405988    -10.337808912586      0.440664688542     -0.897671784269
    95      4.762302966678    -11.034051500647      0.717806560690     -0.696242588061
    96      5.750560302592    -11.186850185237      0.988257335914     -0.152798684590
    97      6.745509226484    -11.086467722392      0.994948923892      0.100382462845
    98      6.929882726269    -10.103611470147      0.184373499785      0.982856252245
    99      6.229897904391    -10.817769190221     -0.699984821878     -0.714157720074
   100      5.670060384688     -9.989166781624     -0.559837519703      0.828602408597
   101      4.676866488886     -9.872694100952     -0.993193895801      0.116472680672
   102      5.179706625905     -9.008314672342      0.502840137019      0.864379428609
   103      4.220928491447     -9.292470419925     -0.958778134458     -0.284155747583
   104      4.754197741213     -8.446524850013      0.533269249767      0.845945569912
   105      3.787169431709     -8.191855950033     -0.967028309504      0.254668899980
   106      2.923178755657     -7.688348143047     -0.863990676051      0.503507806986
   107      3.872920475440     -7.375313535208      0.949741719782      0.313034607839
   108      2.938694593999     -7.018631600640     -0.934225881440      0.356681934568
   109      2.603568971762     -6.076458146694     -0.335125622237      0.942173453946
   110      2.234642463189     -7.005916715578     -0.368926508573     -0.929458568884
   111      3.230842368560     -6.918820512799      0.996199905371      0.087096202779
   112      2.300597233011     -6.551881842464     -0.930245135549      0.366938670335
   113      1.485491734908     -7.131194389335     -0.815105498103     -0.579312546871
   114      0.630376948087     -7.649633104479     -0.855114786821     -0.518438715144
   115     -0.345436155231     -7.868239571432     -0.975813103318     -0.218606466952
   116      0.252046924563     -8.670121089712      0.597483079794     -0.801881518280
   117     -0.732567538125     -8.495380253426     -0.984614462688      0.174740836286
   118     -1.477279655456     -9.162766095574     -0.744712117331     -0.667385842148
   119     -2.047379679785     -8.341190802458     -0.570100024330      0.821575293116
   120     -2.569520902595     -7.488331761676     -0.522141222810      0.852859040782
   121     -3.393688060588     -8.054678383177     -0.824167157993     -0.566346621501
   122     -4.089938650811     -7.336879584339     -0.696250590223      0.717798798839
   123     -3.572649508703     -8.192690278042      0.517289142107     -0.855810693704
   124     -4.547022426011     -8.417628976399     -0.974372917307     -0.224938698356
   125     -4.393054193859     -9.405704774852      0.153968232152     -0.988075798453
   126     -3.394730872863     -9.347820867279      0.998323320996      0.057883907572
   127     -2.513085466033     -8.875908400168      0.881645406830      0.471912467111
   128     -2.413955135134     -7.880833941901      0.099130330899      0.995074458267
   129     -1.570744258117     -7.343251002365      0.843210877017      0.537582939536
   130     -2.137956840819     -6.519679581039     -0.567212582702      0.823571421326
   131     -3.137688436131     -6.542847173353     -0.999731595313     -0.023167592314
   132     -2.189022531924     -6.859127116116      0.948665904208     -0.316279942763
   133     -2.557483751110     -5.929483996443     -0.368461219187      0.929643119673
   134     -3.217066422269     -5.177851972173     -0.659582671159      0.751632024269
   135     -4.069449264355     -4.654933727591     -0.852382842086      0.522918244583
   136     -3.252433776365     -5.231549450915      0.817015487990     -0.576615723324
   137     -2.567154464560     -4.503269103238      0.685279311805      0.728280347677
   138     -2.711023751342     -5.492865803071     -0.143869286782     -0.989596699833
   139     -3.065328247985     -6.427995913622     -0.354304496642     -0.935130110551
   140     -3.115514194650     -7.426735805064     -0.050185946665     -0.998739891442
   141     -3.365351914449     -6.458448082450     -0.249837719799      0.968287722614
   142     -4.318524870767     -6.760873801171     -0.953172956318     -0.302425718721
   143     -5.317906348579     -6.796040003769     -0.999381477813     -0.035166202598
   144     -4.666630199808     -6.037199191713      0.651276148771      0.758840812056
   145     -3.848701385163     -5.461879755075      0.817928814645      0.575319436638
   146     -3.931014744562     -4.465273257573     -0.082313359399      0.996606497503
   147     -3.488501750483     -3.568511165337      0.442512994079      0.896762092236
   148     -4.217315683020     -2.883799363379     -0.728813932537      0.684711801958
   149     -3.614717221598     -2.085754819326      0.602598461421      0.798044544053
   150     -3.428103963835     -1.103321365077      0.186613257763      0.982433454249
   151     -2.446505582379     -1.294278474197      0.981598381456     -0.190957109120
   152     -1.731314602311     -0.595349391937      0.715190980068      0.698929082260
   153     -0.780182220476     -0.286565985281      0.951132381835      0.308783406655
   154     -1.779177571360     -0.331379921872     -0.998995350884     -0.044813936591
   155     -0.779275483235     -0.345373283252      0.999902088125     -0.013993361380
   156     -1.575477843707      0.259657130180     -0.796202360472      0.605030413432
   157     -0.689463892341     -0.204001448932      0.886013951366     -0.463658579113
   158      0.213407537042      0.225909218537      0.902871429383      0.429910667470
   159     -0.160015350597     -0.701752005719     -0.373422887638     -0.927661224256
   160     -1.155793640153     -0.609960949245     -0.995778289556      0.091791056474
   161     -0.456539907997      0.104912618644      0.699253732156      0.714873567889
   162      0.394518315370     -0.420158710262      0.851058223367     -0.525071328906
   163     -0.592419491148     -0.259056984433     -0.986937806518      0.161101725829
   164     -1.305517847593     -0.960120985817     -0.713098356444     -0.701064001384
   165     -0.535689203072     -0.321870362570      0.769828644520      0.638250623248
   166     -1.202850384119     -1.066783752505     -0.667161181046     -0.744913389935
   167     -2.127067823868     -0.684917121255     -0.924217439750      0.381866631250
   168     -2.621101250801      0.184525788356     -0.494033426933      0.869442909611
   169     -1.665784923381      0.480111164456      0.955316327421      0.295585376099
   170     -1.983836170539      1.428184687016     -0.318051247159      0.948073522561
   171     -1.351116859810      2.202565906979      0.632719310729      0.774381219963
   172     -0.560009054267      2.814242651680      0.791107805543      0.611676744701
   173      0.001619771879      1.986853346914      0.561628826146     -0.827389304767
   174     -0.673458751369      1.249107464208     -0.675078523248     -0.737745882706
   175     -0.106201443788      2.072648080690      0.567257307581      0.823540616482
   176     -0.036853146482      3.070240589514      0.069348297306      0.997592508824
   177     -0.979804291422      2.737309458111     -0.942951144940     -0.332931131403
   178     -0.614864768806      3.668340684673      0.364939522616      0.931031226561
   179     -0.964473817218      2.731445005705     -0.349609048413     -0.936895678968
   180     -0.286325625157      3.466370192105      0.678148192061      0.734925186399
   181      0.676275221081      3.737293817544      0.962600846238      0.270923625439
   182      1.668802538882      3.859316452406      0.992527317801      0.122022634862
   183      0.940073633091      3.174514158408     -0.728728905791     -0.684802293998
   184      0.063092383418      3.655038754785     -0.876981249673      0.480524596376
   185      0.291891584440      4.628512393674      0.228799201022      0.973473638889
   186     -0.533057415395      5.193719566019     -0.824948999835      0.565207172345
   187     -1.471046024307      5.540385643897     -0.937988608912      0.346666077878
   188     -0.522442630272      5.223918266709      0.948603394036     -0.316467377188
   189      0.092383791067      4.435255809365      0.614826421338     -0.788662457344
   190      0.095681043283      3.435261245316      0.003297252216     -0.999994564049
   191      0.475298930636      4.360404617773      0.379617887353      0.925143372457
   192      0.440143195428      5.359786463857     -0.035155735208      0.999381846084
   193     -0.041064185614      4.483179678330     -0.481207381042     -0.876606785526
   194     -0.995776319971      4.185648603462     -0.954712134356     -0.297531074869
   195     -0.208752965746      4.802571807682      0.787023354224      0.616923204220
   196      0.689564043159      5.241919678409      0.898317008905      0.439347870728
   197      1.131425749978      6.139002858525      0.441861706820      0.897083180116
   198      2.051500476560      6.530745755723      0.920074726582      0.391742897198
   199      1.351786284847      7.245168634636     -0.699714191714      0.714422878913
   200      1.078807650250      8.207188730608     -0.272978634597      0.962020095972
   201      0.310652312346      8.847452252019     -0.768155337904      0.640263521411
   202      1.051430235149      8.175702247116      0.740777922803     -0.671750004903
   203      0.224563567332      8.738100250004     -0.826866667817      0.562398002888
   204     -0.675434504583      8.302206374675     -0.899998071915     -0.435893875329
   205     -1.671700152160      8.215865425773     -0.996265647577     -0.086340948902
   206     -2.129090174540      7.326599229729     -0.457390022380     -0.889266196045
   207     -1.756853716014      8.254737160720      0.372236458526      0.928137930991
   208     -2.616911792923      7.744541017708     -0.860058076909     -0.510196143012
   209     -1.670980439746      7.420174134261      0.945931353177     -0.324366883447
   210     -1.624370333275      8.419087292636      0.046610106472      0.998913158375
   211     -1.008585997835      7.631172543296      0.615784335439     -0.787914749340
   212     -1.372451275151      6.699720955738     -0.363865277316     -0.931451587558
   213     -0.745415680640      7.478711561083      0.627035594511      0.778990605345
   214     -0.146607404378      8.279603968514      0.598808276262      0.800892407430
   215     -0.152059366417      7.279618830569     -0.005451962040     -0.999985137945
   216      0.523296225226      8.017111084654      0.675355591643      0.737492254085
   217     -0.458389464640      7.826603325461     -0.981685689866     -0.190507759193
   218      0.176786000230      8.598971196897      0.635175464870      0.772367871436
   219      0.846511695021      7.856362623195      0.669725694791     -0.742608573703
   220      0.350318323455      6.988150588025     -0.496193371566     -0.868212035170
   221      0.766281979794      6.078769349707      0.415963656339     -0.909381238318
   222      0.245935314185      6.932724470067     -0.520346665610      0.853955120360
   223     -0.719468070155      6.671963457825     -0.965403384340     -0.260761012242
   224     -1.534833654635      7.250909883365     -0.815365584480      0.578946425540
   225     -0.842522422520      6.529310854896      0.692311232115     -0.721599028469
   226     -0.200164614861      5.762905970426      0.642357807659     -0.766404884470
   227     -0.833560086323      6.536734230915     -0.633395471462      0.773828260489
   228     -1.677449595146      7.073251236143     -0.843889508823      0.536517005228
   229     -1.821703543804      6.083710535466     -0.144253948658     -0.989540700677
   230     -1.406443337695      6.993413212840      0.415260206109      0.909702677374
   231     -0.662593870052      7.661760405165      0.743849467643      0.668347192324
   232     -1.337899272581      8.399298616591     -0.675305402529      0.737538211427
   233     -0.439459291322      8.838394961457      0.898439981260      0.439096344865
   234     -0.463408217201      7.838681778114     -0.023948925879     -0.999713183343
   235     -0.882814102658      8.746480601227     -0.419405885456      0.907798823113
   236     -0.471571086846      7.834954857242      0.411243015811     -0.911525743984
   237     -1.444670914849      7.604570993351     -0.973099828003     -0.230383863891
   238     -1.177242715833      8.568148783865      0.267428199016      0.963577790514
   239     -0.899999351853      9.528948511763      0.277243363981      0.960799727898
   240     -1.898643415225      9.581006505294     -0.998644063373      0.052057993531
   241     -2.805948265114      9.160533070499     -0.907304849889     -0.420473434795
   242     -2.935677988887      8.168983677494     -0.129729723772     -0.991549393006
   243     -3.745661418918      8.755436440361     -0.809983430032      0.586452762867
   244     -4.491240759490      8.089019568641     -0.745579340572     -0.666416871719
   245     -4.532243500991      9.088178602624     -0.041002741501      0.999159033983
   246     -3.736642788980      9.693999951743      0.795600712011      0.605821349119
   247     -2.799096482846      9.346139456926      0.937546306134     -0.347860494817
   248     -3.718160228955      8.952030549911     -0.919063746109     -0.394108907015
   249     -2.774703061342      9.283525003682      0.943457167612      0.331494453771
   250     -1.879670370962      9.729525545331      0.895032690380      0.446000541649
   251     -2.618673970338     10.403227022330     -0.739003599376      0.673701476998
   252     -3.567738635821     10.718308378064     -0.949064665483      0.315081355735
   253     -4.514492847580     11.040265615157     -0.946754211759      0.321957237092
   254     -5.198622248882     10.310904962068     -0.684129401302     -0.729360653089
   255     -4.568636537450     11.087511685829      0.629985711432      0.776606723761
   256     -4.545050947655     12.087233507115      0.023585589795      0.999721821285
   257     -5.105218739509     12.915612674507     -0.560167791854      0.828379167392
   258     -4.416715085787     13.640845546632      0.688503653722      0.725232872125
   259     -5.372454779008     13.935059140476     -0.955739693221      0.294213593844
   260     -5.557635715743     14.917763582650     -0.185180936735      0.982704442175
   261     -4.609480592365     15.235571483769      0.948155123377      0.317807901119
   262     -3.652602525013     15.526061353161      0.956878067353      0.290489869391
   263     -3.087793838776     16.351283231174      0.564808686236      0.825221878013
   264     -3.383014880248     17.306712211618     -0.295221041472      0.955428980444
   265     -3.551177926567     16.320953016960     -0.168163046318     -0.985759194658
   266     -3.180553324981     17.249735771268      0.370624601586      0.928782754308
   267     -2.196099514695     17.074092110941      0.984453810286     -0.175643660327
   268     -2.644126519823     16.180072087297     -0.448027005128     -0.894020023644
   269     -3.643738365742     16.152212483956     -0.999611845919     -0.027859603342
   270     -4.643612084577     16.168104191977     -0.999873718835      0.015891708021
   271     -4.453186655045     17.149805855308      0.190425429532      0.981701663331
   272     -4.651786702279     16.169725235543     -0.198600047234     -0.980080619765
   273     -5.645175976263     16.284519618389     -0.993389273984      0.114794382846
   274     -4.833625230497     15.700237676989      0.811550745766     -0.584281941401
   275     -5.789561745112     15.406664210838     -0.955936514614     -0.293573466150
   276     -5.419250220317     16.335571835204      0.370311524794      0.928907624366
   277     -5.722471878437     15.382651782919     -0.303221658120     -0.952920052285
   278     -5.996915529014     16.344254966492     -0.274443650577      0.961603183573
   279     -6.988786444251     16.217006832880     -0.991870915237     -0.127248133611
   280     -6.296371142088     15.495507664945      0.692415302163     -0.721499167935
   281     -7.281779542429     15.325301071250     -0.985408400341     -0.170206593695
   282     -6.496944499846     15.945005804113      0.784835042584      0.619704732863
   283     -5.716510106943     16.570243485619      0.780434392903      0.625237681506
   284     -5.158973044815     15.740091436683      0.557537062128     -0.830152048937
   285     -5.937200882665     15.112109404777     -0.778227837850     -0.627982031905
   286     -5.614453077343     16.058594404215      0.322747805322      0.946484999437
   287     -4.995048944849     16.843666707032      0.619404132493      0.785072302817
   288     -4.630554694309     17.774872345612      0.364494250540      0.931205638580
   289     -3.684443409030     18.098714028951      0.946111285279      0.323841683340
   290     -2.786778708694     18.539393147778      0.897664700336      0.440679118827
   291     -3.174310932409     19.461249305529     -0.387532223715      0.921856157750
   292     -2.546016078634     18.683273999546      0.628294853775     -0.777975305983
   293     -2.214149046272     17.739947824338      0.331867032362     -0.943326175207
   294     -2.926517645468     18.441753337910     -0.712368599196      0.701805513571
   295     -3.818749066408     17.990174893464     -0.892231420940     -0.451578444445
   296     -3.025958818694     17.380680329806      0.792790247714     -0.609494563659
   297     -2.341333608680     18.109575604735      0.684625210013      0.728895274929
   298     -2.746614673500     17.195383470390     -0.405281064820     -0.914192134345
   299     -2.197064100457     16.359923017904      0.549550573043     -0.835460452486
   300     -1.508658571792     17.085249032950      0.688405528665      0.725326015047
   301     -0.687827625513     17.656420248638      0.820830946279      0.571171215688
   302     -0.313554960155     18.583738948960      0.374272665359      0.927318700321
   303      0.244966920767     17.754249160878      0.558521880922     -0.829489788082
   304      0.611388912872     18.684697936309      0.366421992105      0.930448775431
   305      1.572914620649     18.959412903656      0.961525707777      0.274714967347
   306      0.770066681163     19.555596756225     -0.802847939486      0.596183852569
   307      1.747102867986     19.768670193419      0.977036186823      0.213073437194
   308      1.253869925784     18.898772920906     -0.493232942203     -0.869897272513
   309      1.957621024209     19.609219534991      0.703751098425      0.710446614086
   310      1.531630607268     18.704491860674     -0.425990416941     -0.904727674317
   311      1.361523008460     17.719066366369     -0.170107598808     -0.985425494306
   312      0.614421762928     17.054356106990     -0.747101245533     -0.664710259379
   313      0.968384241004     16.119096483081      0.353962478076     -0.935259623909
   314      1.576350175274     16.913059594798      0.607965934270      0.793963111717
   315      2.547070320653     17.153272832056      0.970720145380      0.240213237259
   316      2.169106195091     16.227452590439     -0.377964125562     -0.925820241617
   317      3.042534801046     15.740500364549      0.873428605955     -0.486952225890
   318      4.042334893547     15.720505989430      0.999800092500     -0.019994375119
   319      4.334040438292     14.763997821580      0.291705544745     -0.956508167851
   320      3.604777962902     14.079763766604     -0.729262475390     -0.684234054975
   321      3.677814187228     15.077093055223      0.073036224326      0.997329288618
   322      3.659307369159     14.077264321046     -0.018506818068     -0.999828734177
   323      3.252652774887     14.990846304755     -0.406654594272      0.913581983709
   324      4.233999217037     15.183093958786      0.981346442150      0.192247654031
   325      4.904759883385     14.441420089433      0.670760666348     -0.741673869353
   326      3.922672967077     14.629848560790     -0.982086916307      0.188428471357
   327      2.931378273621     14.761510365143     -0.991294693456      0.131661804353
   328      3.931157563933     14.782519188618      0.999779290312      0.021008823475
   329      2.966943519503     15.047644209174     -0.964214044430      0.265125020556
   330      3.358089787023     14.127315682285      0.391146267520     -0.920328526889
   331      2.488903202479     14.621799940123     -0.869186584544      0.494484257837
   332      2.258595121792     13.648682173370     -0.230308080687     -0.973117766753
   333      1.961219902647     12.693921481343     -0.297375219144     -0.954760692026
   334      1.366951429653     11.889654745736     -0.594268472994     -0.804266735608
   335      1.057714912272     12.840639906670     -0.309236517382      0.950985160934
   336      0.088046918161     12.596214087254     -0.969667994111     -0.244425819416
   337      0.972802130250     12.130158066285      0.884755212089     -0.466056020969
   338      1.410376228305     13.029340421935      0.437574098055      0.899182355650
   339      0.847366688490     13.855790818558     -0.563009539815      0.826450396622
   340      0.042134719975     13.262830889994     -0.805231968515     -0.592959928563
   341      0.859903456469     12.687283938293      0.817768736494     -0.575546951701
   342      1.714966349644     12.168759639233      0.855062893175     -0.518524299060
   343      2.365945272909     11.409663834038      0.650978923265     -0.759095805195
   344      2.418198023397     10.411029942131      0.052252750488     -0.998633891908
   345      2.199149863423     11.386743990206     -0.219048159974      0.975714048076
   346      2.043394661142     10.398948304367     -0.155755202281     -0.987795685839
   347      2.997402592155     10.698729670640      0.954007931013      0.299781366273
   348      3.639094152509     11.465692473760      0.641691560354      0.766962803120
   349      4.362005820869     10.774752013410      0.722911668360     -0.690940460351
   350      3.470802475219     11.228356022103     -0.891203345650      0.453604008693
   351      2.511694946542     11.511397977357     -0.959107528677      0.283041955254
   352      2.478486855219     10.511949518121     -0.033208091322     -0.999448459237
   353      2.727781063292      9.543521721214      0.249294208073     -0.968427796906
   354      2.269118518154      8.654911193656     -0.458662545139     -0.888610527558
   355      1.503651228679      8.011436385490     -0.765467289475     -0.643474808166
   356      0.508039581864      7.917855144173     -0.995611646815     -0.093581241317
   357      0.628574401556      8.910564244183      0.120534819692      0.992709100010
   358      0.521962518097      9.904864956395     -0.106611883459      0.994300712212
   359      0.657316062807      8.914067591675      0.135353544711     -0.990797364719
   360      0.405651685144      7.946253022135     -0.251664377663     -0.967814569541
   361      1.405264950300      7.918444388162      0.999613265156     -0.027808633973
   362      1.004667348257      8.834698480233     -0.400597602043      0.916254092071
   363      1.563855415566      8.005657645666      0.559188067309     -0.829040834567
   364      2.004353555959      7.107904122526      0.440498140393     -0.897753523140
   365      2.500517835773      7.976132783328      0.496164279814      0.868228660801
   366      3.477213860679      8.190760076405      0.976696024905      0.214627293078
   367      4.001425905121      7.339172304968      0.524212044442     -0.851587771438
   368      4.669961767148      6.595492399913      0.668535862028     -0.743679905055
   369      4.557930538154      7.589197086291     -0.112031228994      0.993704686378
   370      3.962818914264      8.392840138342     -0.595111623890      0.803643052052
   371      2.984637057671      8.185089674004     -0.978181856593     -0.207750464338
   372      2.409407344959      9.003081591821     -0.575229712712      0.817991917817
   373      1.831008547272      8.187327443297     -0.578398797687     -0.815754148524
   374      2.615740699669      8.807162460858      0.784732152397      0.619835017560
   375      1.888145953187      9.493169665551     -0.727594746483      0.686007204693
   376      1.855414299904      8.493705489668     -0.032731653283     -0.999464175883
   377      1.465891931690      9.414722495299     -0.389522368214      0.921017005631
   378      0.864756533085     10.213869686087     -0.601135398604      0.799147190788
   379      0.011891980794     10.736001906359     -0.852864552291      0.522132220272
   380      0.512466396569      9.870308395772      0.500574415774     -0.865693510587
   381      0.388282682141      8.878049152897     -0.124183714428     -0.992259242875
   382      0.974111350547      9.688484080126      0.585828668406      0.810434927229
   383      1.064243476734      8.692554263408      0.090132126186     -0.995929816719
   384      1.607172540024      9.532332824836      0.542929063290      0.839778561428
   385      1.081192515484     10.382829746514     -0.525980024540      0.850496921678
   386      0.449127677513      9.607914241055     -0.632064837970     -0.774915505459
   387      1.058643963889     10.400687787941      0.609516286375      0.792773546887
   388      1.912460572317      9.880113874677      0.853816608428     -0.520573913265
   389      0.925498586644     10.041067404731     -0.986961985673      0.160953530054
   390      0.001727368882     10.424012227432     -0.923771217762      0.382944822702
   391      0.190679751884     11.405998478333      0.188952383002      0.981986250901
   392      1.068045162931     11.885821295108      0.877365411047      0.479822816775
   393      0.486971323568     11.071970452995     -0.581073839363     -0.813850842113
   394      0.208289075693     10.111587089583     -0.278682247875     -0.960383363412
   395      0.359507855995      9.123086770673      0.151218780302     -0.988500318909
   396      1.305707836441      9.446669213035      0.946199980446      0.323582442361
   397      2.273560646576      9.698186484636      0.967852810135      0.251517271601
   398      1.551521337517     10.390038518076     -0.722039309058      0.691852033440
   399      2.289537771272     11.064821256080      0.738016433754      0.674782738004
   400      3.289529758952     11.060818185208      0.999991987680     -0.004003070872
   401      3.420751864674     10.069465191078      0.131222105722     -0.991352994130
   402      4.305652223406      9.603684818890      0.884900358732     -0.465780372188
   403      4.700285828399     10.522523388940      0.394633604993      0.918838570049
   404      5.679460529930     10.319503922185      0.979174701531     -0.203019466754
   405      6.446130030082      9.677461962858      0.766669500152     -0.642041959327
   406      6.041309986042      8.763065587131     -0.404820044040     -0.914396375728
   407      5.468593387317      9.582819024174     -0.572716598726      0.819753437043
   408      6.261433622049      8.973389485844      0.792840234733     -0.609429538330
   409      5.284449385212      9.186700997421     -0.976984236838      0.213311511576
   410      4.954121698363     10.130567311737     -0.330327686849      0.943866314316
   411      5.045336881026     11.126398517540      0.091215182663      0.995831205803
   412      4.890372221111     10.138478503482     -0.154964659915     -0.987920014059
   413      4.260105205262      9.362100059208     -0.630267015849     -0.776378444274
   414      5.257581571554      9.291100772672      0.997476366292     -0.070999286536
   415      6.168964869940      9.702659375333      0.911383298386      0.411558602660
   416      6.864702686673      8.984363551617      0.695737816733     -0.718295823715
   417      6.491530478820      8.056601457497     -0.373172207853     -0.927762094120
   418      5.520871938900      8.297063510388     -0.970658539920      0.240462052891
   419      4.851314971879      9.039824217422     -0.669556967021      0.742760707034
   420      5.484531277737      8.265849340572      0.633216305858     -0.773974876850
   421      5.169003256951      7.316933080779     -0.315528020786     -0.948916259793
   422      5.711655020500      6.476975305938      0.542651763549     -0.839957774842
   423      5.966073336341      5.509881039300      0.254418315841     -0.967094266638
   424      6.144606912302      6.493814859358      0.178533575960      0.983933820058
   425      6.491814957809      7.431602987421      0.347208045507      0.937788128063
   426      6.032951764928      6.543096054291     -0.458863192881     -0.888506933130
   427      6.837782639169      5.949591830322      0.804830874241     -0.593504223969
   428      7.518868319262      5.217388104320      0.681085680093     -0.732203726003
   429      8.084324586115      6.042166383784      0.565456266853      0.824778279465
   430      8.160283159748      7.039277358095      0.075958573633      0.997110974311
   431      7.167010743347      7.155078510149     -0.993272416401      0.115801152053
   432      6.858138907848      6.203974841122     -0.308871835498     -0.951103669027
   433      6.590498858388      5.240455871965     -0.267640049460     -0.963518969157
   434      6.950196978547      6.173524605957      0.359698120160      0.933068733992
   435      7.756846084317      6.764555248278      0.806649105769      0.591030642320
   436      8.508185277749      7.424471467515      0.751339193433      0.659916219237
   437      9.415886698899      7.004854820987      0.907701421149     -0.419616646528
   438     10.227273475872      6.420345199036      0.811386776974     -0.584509621950
   439     11.126117214079      5.982075950415      0.898843738207     -0.438269248621
   440     11.927447200035      6.580298529066      0.801329985956      0.598222578651
   441     11.423856560567      5.716356130615     -0.503590639468     -0.863942398451
   442     12.090077013734      4.970601272916      0.666220453167     -0.745754857700
   443     12.735983826597      5.734017534923      0.645906812863      0.763416262007
   444     12.322675619392      4.823426339129     -0.413308207205     -0.910591195793
   445     13.012762272128      5.547153091237      0.690086652736      0.723726752108
   446     12.228945181409      4.926161329377     -0.783817090719     -0.620991761860
   447     12.117698558726      3.932368499386     -0.111246622683     -0.993792829991
   448     12.935923579477      3.357470408054      0.818225020751     -0.574898091332
   449     13.934269112585      3.414969943037      0.998345533108      0.057499534983
   450     14.152294146435      2.439026766098      0.218025033850     -0.975943176939
   451     13.408570246245      3.107513684658     -0.743723900190      0.668486918560
   452     13.344448709351      2.109571587888     -0.064121536894     -0.997942096770
   453     12.724946005292      2.894566109947     -0.619502704059      0.784994522060
   454     12.015724993289      2.189579900058     -0.709221012003     -0.704986209889
   455     11.036598789681      2.392833134741     -0.979126203607      0.203253234683
   456     10.432782006821      1.595709999500     -0.603816782860     -0.797123135241
   457     11.202348990813      0.957143904918      0.769566983992     -0.638566094582
   458     11.228196691812     -0.042521987445      0.025847700999     -0.999665892363
   459     11.357943379784      0.949025185896      0.129746687972      0.991547173341
   460     11.460713810142      1.943730287243      0.102770430357      0.994705101346
   461     12.443580324939      1.759411503367      0.982866514798     -0.184318783875
   462     11.758192738664      1.031233052313     -0.685387586275     -0.728178451054
   463     11.045874777900      1.733089962782     -0.712317960764      0.701856910469
   464     11.004323462423      2.732226333945     -0.041551315477      0.999136371164
   465     12.002914839866      2.679167301757      0.998591377443     -0.053059032188
   466     11.017715032183      2.507757445155     -0.985199807683     -0.171409856602
   467     10.972829565534      3.506749584705     -0.044885466648      0.998992139551
   468     11.935725978445      3.236878322796      0.962896412910     -0.269871261909
   469     12.413411351397      4.115409303734      0.477685372952      0.878530980938
   470     12.542798240393      3.123815116097      0.129386888997     -0.991594187637
   471     11.572390534180      3.365287441057     -0.970407706214      0.241472324960
   472     12.232512993056      2.614129442173      0.660122458876     -0.751157998884
   473     11.539934124053      3.335471601075     -0.692578869003      0.721342158903
   474     11.455886146251      4.331933310037     -0.084047977801      0.996461708962
   475     12.440862000546      4.504625424669      0.984975854295      0.172692114632
   476     13.009421455463      3.681983250801      0.568559454916     -0.822642173867
   477     13.142422223373      4.673099185360      0.133000767911      0.991115934558
   478     13.866407197277      5.362914927106      0.723984973904      0.689815741747
   479     14.480512613517      4.573690917243      0.614105416240     -0.789224009863
   480     15.275020832528      5.180944315688      0.794508219011      0.607253398445
   481     14.646446768168      5.958694047680     -0.628574064361      0.777749731991
   482     15.543181941051      5.516126505135      0.896735172883     -0.442567542545
   483     14.546269413372      5.437606366592     -0.996912527679     -0.078520138543
   484     14.246460300400      6.391605578216     -0.299809112972      0.953999211624
   485     15.127931877241      6.863842657680      0.881471576841      0.472237079465
   486     15.998442887139      7.355991600224      0.870511009898      0.492148942543
   487     16.909280135304      7.768757281155      0.910837248165      0.412765680931
   488     17.598004595778      7.043734097012      0.688724460474     -0.725023184143
   489     18.139752948345      6.203193364810      0.541748352567     -0.840540732202
   490     19.128891419412      6.056206681551      0.989138471067     -0.146986683259
   491     19.735784503409      6.850990164392      0.606893083997      0.794783482841
   492     19.018221600745      7.547483869116     -0.717562902664      0.696493704724
   493     19.233078766736      6.570838386752      0.214857165990     -0.976645482364
   494     18.435346132078      5.967827073755     -0.797732634658     -0.603011312997
   495     17.477418630408      6.254837355007     -0.957927501670      0.287010281252
   496     18.061849569122      5.443393901725      0.584430938714     -0.811443453282
   497     18.716461468645      6.199359020632      0.654611899523      0.755965118906
   498     19.369081595354      5.441673749418      0.652620126709     -0.757685271213
   499     18.374489814183      5.545535141793     -0.994591781172      0.103861392375
   500     19.281127112955      5.123624240685      0.906637298773     -0.421910901108
   501     19.695714623782      4.213614792456      0.414587510827     -0.910009448229
   502     20.480162330971      4.833809757516      0.784447707188      0.620194965061
   503     21.469117019119      4.982027923710      0.988954688148      0.148218166194
   504     20.682371679081      4.364750214790     -0.786745340037     -0.617277708920
   505     21.123076345918      3.467098056865      0.440704666836     -0.897652157926
   506     21.926377167175      2.871524559664      0.803300821257     -0.595573497201
   507     21.728607908245      1.891275958429     -0.197769258929     -0.980248601235
   508     20.747631879084      1.697147057411     -0.980976029161     -0.194128901018
   509     19.794683007336      1.394015983724     -0.952948871748     -0.303131073687
   510     18.803333047094      1.525261007735     -0.991349960242      0.131245024011
   511     19.361876989809      2.354735940483      0.558543942715      0.829474932747
   512     18.485288461232      2.835976578384     -0.876588528577      0.481240637901
   513     18.439580293685      1.837021742859     -0.045708167548     -0.998954835525
   514     17.579808628752      1.326343092259     -0.859771664933     -0.510678650600
   515     17.332326835044      0.357450548278     -0.247481793708     -0.968892543982
   516     18.208554209754      0.839348450129      0.876227374710      0.481897901852
   517     18.899142835422      0.116100670943      0.690588625668     -0.723247779186
   518     18.905865329831     -0.883876732836      0.006722494410     -0.999977403779
   519     18.045024293887     -1.392750696440     -0.860841035945     -0.508873963604
   520     17.048222478540     -1.312837362624     -0.996801815347      0.079913333816
   521     16.521116495997     -2.162636917323     -0.527105982543     -0.849799554699
   522     15.969516839498     -2.996745914367     -0.551599656499     -0.834108997044
   523     15.892872428856     -3.993804405288     -0.076644410642     -0.997058490921
   524     16.691302000568     -4.595892620598      0.798429571712     -0.602088215310
   525     17.495118412775     -5.190770066352      0.803816412207     -0.594877445754
   526     17.587308224351     -4.195028614648      0.092189811576      0.995741451704
   527     18.346404210394     -3.544049902267      0.759095986043      0.650978712381
   528     18.669967679754     -2.597843433627      0.323563469359      0.946206468640
   529     19.509029308488     -2.053807053238      0.839061628734      0.544036380388
   530     20.285343990489     -2.684152604908      0.776314682001     -0.630345551669
   531     19.475650380142     -3.271005446225     -0.809693610347     -0.586852841318
   532     19.773994277923     -2.316547003622      0.298343897781      0.954458442603
   533     20.609963434122     -1.767770573840      0.835969156199      0.548776429782
   534     20.074157750455     -0.923429251062     -0.535805683667      0.844341322778
   535     21.066730762619     -0.801778868718      0.992573012164      0.121650382345
   536     20.883550854896     -1.784858276195     -0.183179907723     -0.983079407478
   537     21.112754817373     -0.811479858731      0.229203962477      0.973378417464
   538     22.055714446941     -1.144386958393      0.942959629568     -0.332907099661
   539     21.087274983864     -0.895138074034     -0.968439463077      0.249248884359
   540     22.078431041139     -1.027839506306      0.991156057275     -0.132701432272
   541     22.557786212828     -1.905460506154      0.479355171689     -0.877620999849
   542     23.091665812939     -1.059899998216      0.533879600111      0.845560507939
   543     22.422112278975     -1.802663799943     -0.669553533964     -0.742763801727
   544     22.124390884365     -0.848010998558     -0.297721394610      0.954652801385
   545     21.143197795135     -0.654982188150     -0.981193089230      0.193028810408
   546     20.680348918566     -1.541419392615     -0.462848876569     -0.886437204464
   547     20.313865920455     -0.610994644397     -0.366482998110      0.930424748218
   548     19.385828029518     -0.238508842003     -0.928037890937      0.372485802394
   549     18.823967342017      0.588723028660     -0.561860687501      0.827231870663
   550     17.839553717204      0.764591773132     -0.984413624813      0.175868744472
   551     17.309274763998      1.612415004582     -0.530278953206      0.847823231450
   552     17.555232037855      2.581695675718      0.245957273858      0.969280671135
   553     18.552386717972      2.506313025710      0.997154680116     -0.075382650007
   554     19.118324666806      3.330760864005      0.565937948834      0.824447838295
   555     20.117907240013      3.301870046408      0.999582573207     -0.028890817597
   556     19.126872635052      3.435475479573     -0.991034604960      0.133605433165
   557     19.826270309766      2.720742737490      0.699397674713     -0.714732742083
   558     19.029253383714      2.116785769167     -0.797016926052     -0.603956968323
   559     18.210161170664      1.543123894435     -0.819092213050     -0.573661874732
   560     17.722801927593      2.416325456615     -0.487359243071      0.873201562180
   561     17.025007605241      1.700027275901     -0.697794322352     -0.716298180713
   562     16.273881300540      1.039868753736     -0.751126304700     -0.660158522165
   563     15.274257066376      1.067280256262     -0.999624234165      0.027411502525
   564     15.162803126184      2.061049856932     -0.111453940191      0.993769600670
   565     15.098804480788      3.058999842345     -0.063998645397      0.997949985414
   566     14.488310240198      2.266979146778     -0.610494240589     -0.792020695567
   567     14.737701601845      3.235381929062      0.249391361647      0.968402782284
   568     13.738831784914      3.187852056104     -0.998869816931     -0.047529872959
   569     14.689506663477      2.877662960116      0.950674878563     -0.310189095988
   570     14.377974624588      1.927427311055     -0.311532038889     -0.950235649061
   571     14.304239620528      0.930149441464     -0.073735004061     -0.997277869591
   572     13.401282352060      1.359879788684     -0.902957268467      0.429730347220
   573     12.657156749713      0.691840053390     -0.744125602347     -0.668039735294
   574     13.265799945243      1.485284103425      0.608643195530      0.793444050034
   575     13.300079040868      2.484696402530      0.034279095625      0.999412299105
   576     13.940390491301      3.252811788683      0.640311450433      0.768115386153
   577     13.382555878388      2.422859654740     -0.557834612913     -0.829952133943
   578     14.317386537354      2.777953500163      0.934830658966      0.355093845423
   579     13.317446650425      2.788918103631     -0.999939886929      0.010964603467
   580     12.506415937301      2.203914528967     -0.811030713124     -0.585003574664
   581     13.424293212542      1.807050184894      0.917877275241     -0.396864344073
   582     12.877059050437      2.644029737705     -0.547234162105      0.836979552812
   583     13.237218401740      1.711138939343      0.360159351304     -0.932890798362
   584     12.292883661657      1.382152771441     -0.944334740084     -0.328986167903
   585     12.333203138947      0.382965932180      0.040319477290     -0.999186839260
   586     11.439839058845      0.832299461291     -0.893364080102      0.449333529110
   587     11.769842811628      1.776279081382      0.330003752784      0.943979620092
   588     12.310751811827      2.617360203215      0.540909000199      0.841081121833
   589     12.572980427476      3.582365982024      0.262228615649      0.965005778809
   590     13.066670584608      4.452003854216      0.493690157132      0.869637872192
   591     12.657966125464      5.364670641755     -0.408704459144      0.912666787538
   592     11.770894326691      5.826302122291     -0.887071798773      0.461631480536
   593     10.807783392722      6.095406802422     -0.963110933969      0.269104680131
   594      9.810634540054      6.019947107061     -0.997148852667     -0.075459695361
   595      9.183675176905      5.240895146689     -0.626959363149     -0.779051960372
   596      9.843495317300      4.489471576172      0.659820140395     -0.751423570517
   597     10.167895413808      3.543551612652      0.324400096508     -0.945919963520
   598     10.807584214140      4.312185620962      0.639688800332      0.768634008310
   599     10.921323579687      3.318674998611      0.113739365547     -0.993510622351
   600     11.338119735886      4.227674978906      0.416796156200      0.908999980295
   601     12.331353407838      4.111541982300      0.993233671952     -0.116132996606
   602     12.288145046181      3.112475899659     -0.043208361657     -0.999066082641
   603     11.767415732384      3.966197740631     -0.520729313797      0.853721840972
   604     11.291830385236      3.086528156311     -0.475585347148     -0.879669584320
   605     12.241811843666      2.774221850517      0.949981458430     -0.312306305793
   606     13.095078194291      3.295697194988      0.853266350625      0.521475344471
   607     12.109057408899      3.462319554753     -0.986020785393      0.166622359765
   608     13.007497951867      3.023224359208      0.898440542969     -0.439095195544
   609     12.125379221218      2.552197242115     -0.882118730650     -0.471027117093
   610     11.126954066034      2.496097246609     -0.998425155184     -0.056099995506
   611     10.391445780928      1.818581517979     -0.735508285106     -0.677515728630
   612     11.258084334293      2.317518004740      0.866638553365      0.498936486761
   613     12.167828340451      2.732687660735      0.909744006158      0.415169655995
   614     11.198982031049      2.980350392605     -0.968846309402      0.247662731870
   615     12.095623979529      3.423106777343      0.896641948480      0.442756384738
   616     12.948207002043      3.945698577624      0.852583022514      0.522591800281
   617     11.955822638955      3.822518725785     -0.992384363088     -0.123179851838
   618     11.455966578275      4.688627217027     -0.499856060680      0.866108491242
   619     11.723624782427      5.652141143107      0.267658204152      0.963513926080
   620     12.459405946021      6.329360516206      0.735781163594      0.677219373099
   621     13.340655898543      5.856709988671      0.881249952523     -0.472650527535
   622     13.515652825730      6.841278968213      0.174996927187      0.984568979541
   623     13.133708505689      7.765464304814     -0.381944320041      0.924185336601
   624     12.521088162989      6.975086979918     -0.612620342701     -0.790377324896
   625     11.727174386581      6.367056622427     -0.793913776408     -0.608030357491
   626     11.306256930091      7.274155566767     -0.420917456490      0.907098944340
   627     10.612398627901      7.994267125126     -0.693858302190      0.720111558359
   628     11.608585588985      8.081511257115      0.996186961084      0.087244131989
   629     12.335122941793      8.768638228625      0.726537352808      0.687126971509
   630     11.592107793300      9.437912827807     -0.743015148492      0.669274599182
   631     12.425263174622      9.990951805253      0.833155381322      0.553038977446
   632     11.425969986743      9.953360254894     -0.999293187879     -0.037591550358
   633     10.431242294910      9.850808711264     -0.994727691833     -0.102551543630
   634      9.579086513556      9.327520526509     -0.852155781354     -0.523288184755
   635     10.301364690303      8.635917869346      0.722278176747     -0.691602657164
   636      9.363232856529      8.289639567311     -0.938131833774     -0.346278302035
   637     10.148202089588      8.909174314642      0.784969233060      0.619534747331
   638     11.085909707562      8.561748893589      0.937707617974     -0.347425421053
   639     10.150002961397      8.209501022789     -0.935906746165     -0.352247870800
   640      9.512181011155      8.979684870834     -0.637821950242      0.770183848045
   641      8.513963707936      9.039369169886     -0.998217303219      0.059684299053
   642      7.878898563581      9.811827752870     -0.635065144355      0.772458582984
   643      6.936008743772      9.478722983014     -0.942889819809     -0.333104769856
   644      6.068045337021      8.982094827811     -0.867963406751     -0.496628155203
   645      5.457288321942      8.190276749884     -0.610757015078     -0.791818077927
   646      6.261881486673      8.784103188558      0.804593164731      0.593826438674
   647      5.666127032402      9.587269815240     -0.595754454271      0.803166626682
   648      5.889188614802      8.612465460276      0.223061582399     -0.974804354964
   649      6.633292106406      7.944401096773      0.744103491605     -0.668064363502
   650      6.662874736389      8.943963435001      0.029582629982      0.999562338228
   651      6.375534168093      7.986134954629     -0.287340568295     -0.957828480372
   652      5.845059804815      7.138433975566     -0.530474363278     -0.847700979063
   653      4.858222858483      6.976715574160     -0.986836946332     -0.161718401406
   654      4.158981824503      7.691601562552     -0.699241033980      0.714885988391
   655      4.152631380787      8.691581398281     -0.006350443715      0.999979835729
   656      5.059714008701      8.270628780832      0.907082627914     -0.420952617448
   657      6.003976185358      7.941434397929      0.944262176657     -0.329194382903
   658      5.222047027786      7.318067096463     -0.781929157573     -0.623367301467
   659      4.378373910491      7.854924313191     -0.843673117295      0.536857216729
   660      4.482512719534      6.860361540687      0.104138809043     -0.994562772504
   661      5.330390827914      7.390552745187      0.847878108380      0.530191204500
   662      6.040498442417      6.686459586703      0.710107614503     -0.704093158485
   663      6.901629641239      7.194842373995      0.861131198822      0.508382787293
   664      7.786968313938      7.659789074838      0.885338672699      0.464946700842
   665      7.410489155161      8.586214162476     -0.376479158777      0.926425087639
   666      7.559484814928      7.597376312589      0.148995659767     -0.988837849888
   667      7.241042836588      8.545318666548     -0.318441978340      0.947942353960
   668      6.242103487236      8.499273294179     -0.998939349352     -0.046045372369
   669      5.352089255526      8.955206038510     -0.890014231710      0.455932744331
   670      6.262895624045      8.542372223199      0.910806368519     -0.412833815311
   671      5.522681993679      7.870000464853     -0.740213630366     -0.672371758346
   672      6.227133030563      7.160247876528      0.704451036883     -0.709752588325
   673      6.890995102331      6.412392844007      0.663862071768     -0.747855032521
   674      6.849200350599      7.411519061623     -0.041794751732      0.999126217616
   675      7.677729555808      7.971464912681      0.828529205208      0.559945851058
   676      8.675491872977      7.904604173548      0.997762317169     -0.066860739133
   677      8.929769185575      6.937472823473      0.254277312598     -0.967131350075
   678      7.934076946123      7.030192639554     -0.995692239452      0.092719816081
   679      8.351679040460      7.938822647205      0.417602094338      0.908630007652
   680      9.058941163462      7.231871241968      0.707262123002     -0.706951405237
   681      8.731687162800      6.286934831911     -0.327254000661     -0.944936410057
   682      8.030887349424      5.573576842139     -0.700799813376     -0.713357989772
   683      7.218565491891      4.990367445975     -0.812321857533     -0.583209396164
   684      7.969628495646      4.330136907156      0.751063003755     -0.660230538819
   685      6.997853180615      4.566045230655     -0.971775315031      0.235908323499
   686      6.009449269318      4.414197582887     -0.988403911297     -0.151847647768
   687      6.138927880851      3.422615367861      0.129478611532     -0.991582215026
   688      6.307401630093      2.436909227160      0.168473749242     -0.985706140701
   689      7.286313570699      2.641191905177      0.978911940607      0.204282678017
   690      6.672850437783      3.430915264684     -0.613463132917      0.789723359508
   691      5.787290909226      2.966389354339     -0.885559528557     -0.464525910345
   692      4.840124988082      3.287133361022     -0.947165921144      0.320744006683
   693      4.245432230515      4.091086421902     -0.594692757567      0.803953060879
   694      4.163364215736      3.094459690899     -0.082068014779     -0.996626731003
   695      3.229213958306      2.737579743935     -0.934150257430     -0.356879946963
   696      3.962404257067      3.417603262502      0.733190298760      0.680023518567
   697      4.888519469111      3.040362471998      0.926115212044     -0.377240790504
   698      4.318088359741      2.219017021251     -0.570431109370     -0.821345450747
   699      5.059320773459      2.890265491532      0.741232413718      0.671248470280
   700      4.113646570704      2.565149662567     -0.945674202755     -0.325115828965
   701      3.852625444767      1.599816574035     -0.261021125937     -0.965333088532
   702      3.149178170108      0.889069128191     -0.703447274659     -0.710747445844
   703      3.558935761908     -0.023125322550      0.409757591800     -0.912194450741
   704      4.389159056425     -0.580556287998      0.830223294518     -0.557430965448
   705      5.137009550640      0.083310896237      0.747850494214      0.663867184235
   706      5.954523901332      0.659219123659      0.817514350692      0.575908227422
   707      6.343962656567     -0.261833239630      0.389438755236     -0.921052363289
   708      5.514866785832     -0.820939702775     -0.829095870735     -0.559106463145
   709      4.785866905417     -1.505453526123     -0.728999880415     -0.684513823348
   710      4.563845306406     -2.480495273728     -0.222021599011     -0.975041747605
   711      5.541253889078     -2.691853884906      0.977408582672     -0.211358611178
   712      6.384021332593     -3.230131727801      0.842767443515     -0.538277842895
   713      5.384452280027     -3.200776844882     -0.999569052567      0.029354882919
   714      5.914043422986     -2.352523804039      0.529591142959      0.848253040843
   715      4.978859366523     -1.998361721741     -0.935184056463      0.354162082298
   716      4.418395995914     -1.170182507920     -0.560463370609      0.828179213821
   717      4.692057094664     -0.208356326621      0.273661098749      0.961826181299
   718      4.692250437739     -1.208356307930      0.000193343075     -0.999999981309
   719      3.837238360530     -1.726964394858     -0.855012077209     -0.518608086928
   720      4.722563842970     -2.191936211362      0.885325482440     -0.464971816504
   721      4.972410806819     -3.160221548778      0.249846963849     -0.968285337416
   722      5.835818480440     -2.655714671589      0.863407673622      0.504506877189
   723      5.338920009126     -3.523523353965     -0.496898471314     -0.867808682375
   724      4.362300322756     -3.738497743588     -0.976619686370     -0.214974389624
   725      5.051196442623     -3.013637663274      0.688896119867      0.724860080314
   726      5.458742374493     -3.926822372638      0.407545931870     -0.913184709364
   727      6.086556320215     -3.148458929537      0.627813945722      0.778363443101
   728      6.228960341936     -2.158650314401      0.142404021721      0.989808615136
   729      7.176991850986     -1.840473857306      0.948031509049      0.318176457095
   730      7.124784674368     -2.839110132788     -0.052207176618     -0.998636275483
   731      8.123273925903     -2.894057512783      0.998489251535     -0.054947379995
   732      8.672638322642     -2.058474626652      0.549364396739      0.835582886132
   733      8.816791543401     -3.048030006075      0.144153220759     -0.989555379423
   734      9.388790968330     -3.868284026413      0.571999424929     -0.820254020338
   735     10.372268702465     -4.049313157934      0.983477734136     -0.181029131521
   736      9.962798720180     -4.961636748338     -0.409469982285     -0.912323590404
   737     10.553199679735     -4.154526652405      0.590400959554      0.807110095933
   738     10.962586295001     -5.066887655101      0.409386615267     -0.912361002696
   739     11.211500380106     -6.035413224322      0.248914085105     -0.968525569222
   740     10.215651675979     -5.944389279731     -0.995848704127      0.091023944591
   741      9.894058232049     -4.997511432899     -0.321593443930      0.946877846832
   742      8.899825917219     -4.890263569759     -0.994232314830      0.107247863141
   743      7.972172611803     -5.263706128863     -0.927653305416     -0.373442559104
   744      8.451572310794     -4.386109451221      0.479399698991      0.877596677642
   745      7.476737640043     -4.609038508774     -0.974834670751     -0.222929057552
   746      7.320412053898     -5.596744087940     -0.156325586145     -0.987705579166
   747      7.625622176233     -6.549029119443      0.305210122335     -0.952285031503
   748      8.397712910478     -5.913516807923      0.772090734245      0.635512311519
   749      8.245045614515     -6.901794449451     -0.152667295964     -0.988277641527
   750      9.116431997464     -7.392391811460      0.871386382949     -0.490597362009
   751      9.451986062388     -6.450370861845      0.335554064924      0.942020949615
   752      8.782759698630     -7.193429455801     -0.669226363759     -0.743058593955
   753      8.582913969972     -8.173256830769     -0.199845728658     -0.979827374968
   754      8.910193822274     -7.228329374147      0.327279852302      0.944927456622
   755      9.898246149874     -7.382448152771      0.988052327600     -0.154118778624
   756      9.063529883183     -6.831767887896     -0.834716266690      0.550680264875
   757      8.406983644449     -7.586053666898     -0.656546238734     -0.754285779002
   758      7.448376938939     -7.870787198732     -0.958606705510     -0.284733531834
   759      6.537758469287     -7.457539085938     -0.910618469652      0.413248112794
   760      7.087462058391     -8.292898867185      0.549703589105     -0.835359781247
   761      7.918438443738     -8.849206558122      0.830976385347     -0.556307690937
   762      6.923079096663     -8.752978858421     -0.995359347075      0.096227699701
   763      6.473018616370     -7.859980782231     -0.450060480292      0.892998076190
   764      7.142376638929     -7.117040786244      0.669358022558      0.742939995987
   765      6.147625516905     -7.014716765446     -0.994751122024      0.102324020798
   766      5.549165481575     -7.815869426374     -0.598460035329     -0.801152660929
   767      6.359673791610     -8.401596563671      0.810508310034     -0.585727137296
   768      6.183026441730     -9.385870770272     -0.176647349880     -0.984274206601
   769      5.605256713134     -8.569670953610     -0.577769728596      0.816199816661
   770      6.361537370828     -9.223918282072      0.756280657694     -0.654247328461
   771      5.852223581743     -8.363337394387     -0.509313789085      0.860580887685
   772      4.943178483401     -7.946639651197     -0.909045098342      0.416697743190
   773      5.700381667831     -7.293460244381      0.757203184430      0.653179406816
   774      5.436521316664     -8.258021136747     -0.263860351166     -0.964560892366
   775      5.739063040982     -9.211157278674      0.302541724318     -0.953136141927
   776      6.546479539762     -8.621175416666      0.807416498780      0.589981862008
   777      5.853832400224     -9.342452021090     -0.692647139538     -0.721276604424
   778      5.372116907657     -8.466124351653     -0.481715492567      0.876327669437
   779      5.471165006149     -9.461206998565      0.099048098492     -0.995082646912
   780      6.269450496816    -10.063486232302      0.798285490667     -0.602279233737
   781      5.568003649483     -9.350764463049     -0.701446847333      0.712721769253
   782      5.850700718009    -10.309973703751      0.282697068526     -0.959209240701
   783      5.319061957164     -9.463002495287     -0.531638760845      0.846971208464
   784      4.918521800727    -10.379281701141     -0.400540156437     -0.916279205855
   785      4.954650936574    -11.378628830793      0.036129135847     -0.999347129652
   786      4.642392211132    -10.428631731647     -0.312258725442      0.949997099146
   787      3.950557016657    -11.150687175284     -0.691835194475     -0.722055443637
   788      4.725632350432    -11.782556012126      0.775075333776     -0.631868836842
   789      3.908620249062    -11.205935490280     -0.817012101371      0.576620521846
   790      4.825803727288    -11.604400629620      0.917183478226     -0.398465139340
   791      5.690971724600    -12.105882769309      0.865167997312     -0.501482139690
   792      6.677914885360    -11.944813847949      0.986943160760      0.161068921361
   793      5.680018331665    -11.879987401776     -0.997896553695      0.064826446173
   794      6.088731732219    -10.967324618374      0.408713400555      0.912662783402
   795      6.821541374138    -10.286890912043      0.732809641918      0.680433706331
   796      7.803311898570    -10.476960997419      0.981770524433     -0.190070085377
   797      6.926793311419     -9.995592981887     -0.876518587152      0.481368015532
   798      6.560930883172    -10.926261926033     -0.365862428246     -0.930668944146
   799      5.954722018665    -11.721567409853     -0.606208864507     -0.795305483819
   800      6.467973645035    -10.863329233104      0.513251626370      0.858238176749
   801      5.467983209158    -10.858955658568     -0.999990435877      0.004373574536
   802      5.213731443724     -9.891817592016     -0.254251765434      0.967138066552
   803      6.043448053928     -9.333632724118      0.829716610205      0.558184867898
   804      6.956508855891     -8.925809267314      0.913060801963      0.407823456804
   805      5.979949729043     -9.141058591983     -0.976559126848     -0.215249324669
   806      6.221751119137     -8.170732828258      0.241801390094      0.970325763725
   807      5.382726146114     -7.626639918321     -0.839024973023      0.544092909937
   808      6.191698520350     -7.038793256576      0.808972374235      0.587846661744
   809      6.141756327677     -6.040041146495     -0.049942192673      0.998752110081
   810      5.141758169354     -6.038121940555     -0.999998158323      0.001919205940
   811      5.562970404362     -5.131159839318      0.421212235008      0.906962101237
   812      5.065130147041     -4.263891093086     -0.497840257321      0.867268746232
   813      4.311302363940     -4.920963138926     -0.753827783101     -0.657072045840
   814      4.501065893181     -5.902792962760      0.189763529241     -0.981829823834
   815      3.630953857511     -5.409938982984     -0.870112035670      0.492853979776
   816      3.669450133380     -6.409197726626      0.038496275869     -0.999258743642
   817      4.310449310839     -5.641656161304      0.640999177459      0.767541565322
   818      4.844997607380     -6.486794090085      0.534548296541     -0.845137928781
   819      5.527351671701     -5.755772249847      0.682354064321      0.731021840238
   820      4.544883438971     -5.942202321664     -0.982468232729     -0.186430071817
   821      3.694015195336     -6.467581453314     -0.850868243635     -0.525379131650
   822      3.824264777945     -5.476100214848      0.130249582609      0.991481238466
   823      2.871028535638     -5.778326398944     -0.953236242307     -0.302226184096
   824      3.652927949063     -6.401731008557      0.781899413425     -0.623404609613
   825      3.349461032024     -5.448889033063     -0.303466917039      0.952841975494
   826      3.382983656577     -4.449451074186      0.033522624553      0.999437958876
   827      4.254360172993     -4.940065960466      0.871376516416     -0.490614886280
   828      5.224695730513     -5.181828045606      0.970335557521     -0.241762085140
   829      4.701391467640     -6.033973953569     -0.523304262874     -0.852145907963
   830      3.968501343389     -5.353626934927     -0.732890124251      0.680347018642
   831      3.028061377823     -5.013667126763     -0.940439965566      0.339959808164
   832      2.576588900413     -5.905952172105     -0.451472477410     -0.892285045342
   833      3.011906946487     -6.806228906650      0.435318046074     -0.900276734545
   834      2.818754086461     -5.825060229682     -0.193152860026      0.981168676968
   835      3.324732068694     -4.962513835860      0.505977982233      0.862546393822
   836      2.712983614816     -5.753566191383     -0.611748453878     -0.791052355523
   837      2.641495407077     -6.751007636358     -0.071488207739     -0.997441444975
   838      3.357493408583     -7.449109965418      0.715998001506     -0.698102329060
   839      4.134315629658     -6.819389998413      0.776822221075      0.629719967005
   840      4.731484626141     -6.017274551835      0.597168996484      0.802115446578
   841      5.095089731876     -5.085721371881      0.363605105735      0.931553179955
   842      5.964201975652     -5.580336280390      0.869112243776     -0.494614908509
   843      5.235271705903     -6.264924230798     -0.728930269749     -0.684587950408
   844      4.316572873140     -6.659883032042     -0.918698832763     -0.394958801244
   845      3.407804505770     -6.242582116075     -0.908768367370      0.417300915967
   846      4.406522754629     -6.191967302089      0.998718248860      0.050614813986
   847      3.531895034993     -6.676762467126     -0.874627719637     -0.484795165037
   848      2.545002317682     -6.838140174752     -0.986892717311     -0.161377707626
   849      1.614738376310     -7.205031165897     -0.930263941372     -0.366890991145
   850      0.615100857632     -7.231953856168     -0.999637518678     -0.026922690271
   851      0.926793559017     -6.281770894890      0.311692701385      0.950182961278
   852      1.788861324862     -5.774977872947      0.862067765845      0.506793021943
   853      2.347686972237     -6.604263044547      0.558825647375     -0.829285171600
   854      2.241283122174     -7.598586040707     -0.106403850064     -0.994322996160
   855      1.402874140051     -8.143627670948     -0.838408982122     -0.545041630242
   856      1.335322347140     -7.145911902167     -0.067551792912      0.997715768781
   857      1.307330103040     -8.145520042526     -0.027992244099     -0.999608140358
   858      1.883564096028     -7.328235278612      0.576233992988      0.817284763913
   859      2.479834534137     -8.131018913621      0.596270438108     -0.802783635009
   860      3.461639060761     -7.941124544303      0.981804526625      0.189894369318
   861      4.281762145414     -8.513311686784      0.820123084652     -0.572187142481
   862      5.191719164019     -8.928014260072      0.909957018605     -0.414702573288
   863      4.875437821298     -7.979348822603     -0.316281342721      0.948665437468
   864      5.800870477243     -8.358260948710      0.925432655945     -0.378912126107
   865      5.168526939140     -7.583572850299     -0.632343538103      0.774688098411
   866      6.138431974951     -7.827056364132      0.969905035811     -0.243483513833
   867      5.140910996338     -7.897426082236     -0.997520978613     -0.070369718104
   868      5.841691959410     -8.610802589976      0.700780963073     -0.713376507740
   869      6.738006880796     -9.054220633926      0.896314921386     -0.443418043950
   870      5.916425220689     -9.624311482631     -0.821581660107     -0.570090848704
   871      6.673982781578     -8.971543114876      0.757557560888      0.652768367754
   872      5.700403680173     -9.199893138541     -0.973579101405     -0.228350023665
   873      6.344985260485     -8.435357602204      0.644581580312      0.764535536337
   874      6.528689285000     -7.452375999438      0.183704024515      0.982981602766
   875      5.545871929341     -7.267795270721     -0.982817355660      0.184580728717
   876      6.308300475877     -6.620722854815      0.762428546537      0.647072415906
   877      6.817552431873     -5.760105375726      0.509251955996      0.860617479089
   878      6.504869508887     -6.709962938560     -0.312682922986     -0.949857562834
   879      6.870825180582     -5.779330655456      0.365955671694      0.930632283104
   880      7.770282470656     -6.216339331952      0.899457290074     -0.437008676496
   881      8.523957084871     -5.559091604008      0.753674614215      0.657247727944
   882      7.857521231609     -4.813529230033     -0.666435853262      0.745562373975
   883      8.727547971046     -5.306533766183      0.870026739438     -0.493004536149
   884      7.806839405646     -4.916282901227     -0.920708565400      0.390250864956
   885      8.652860150647     -5.449432879214      0.846020745001     -0.533149977987
   886      8.281957692254     -4.520761050009     -0.370902458393      0.928671829205
   887      7.713135906209     -3.698300245035     -0.568821786046      0.822460804975
   888      6.755567230998     -3.410095053798     -0.957568675210      0.288205191237
   889      7.237576495109     -4.286261173498      0.482009264111     -0.876166119701
   890      7.929482979557     -5.008248304117      0.691906484448     -0.721987130618
   891      8.439379160712     -4.148012357156      0.509896181154      0.860235946961
   892      8.108061606693     -3.204493052425     -0.331317554019      0.943519304730
   893      8.543444401865     -2.304247629406      0.435382795172      0.900245423020
   894      9.050231736011     -1.442176519839      0.506787334146      0.862071109566
   895      8.071627092913     -1.236426787141     -0.978604643099      0.205749732699
   896      9.061412814847     -1.378989842154      0.989785721934     -0.142563055014
   897      9.522652185644     -2.266265584428      0.461239370797     -0.887275742273
   898      9.971526630634     -1.372670747471      0.448874444990      0.893594836956
   899     10.077205027986     -0.378270387288      0.105678397352      0.994400360184
   900     10.662741583656     -1.188916390161      0.585536555670     -0.810646002873
   901     11.145977805968     -2.064406397783      0.483236222311     -0.875490007622
   902     10.439113322930     -2.771755394121     -0.706864483037     -0.707348996338
   903      9.626355911054     -3.354357650759     -0.812757411877     -0.582602256638
   904      9.672913519062     -4.353273257373      0.046557608008     -0.998915606614
   905      9.261818822396     -5.264865902348     -0.411094696666     -0.911592644975
   906      9.961160519132     -4.550078387623      0.699341696736      0.714787514725
   907      9.542490329588     -5.458216742935     -0.418670189543     -0.908138355311
   908      8.760721695231     -4.834648140185     -0.781768634357      0.623568602750
   909      8.367043239403     -3.915399929191     -0.393678455828      0.919248210995
   910      8.840795754616     -4.796057952676      0.473752515213     -0.880658023485
   911      7.901095359849     -5.138056736408     -0.939700394767     -0.341998783732
   912      8.555546995792     -4.381952870388      0.654451635944      0.756103866020
   913      9.383329596970     -4.943001856830      0.827782601178     -0.561048986442
   914     10.335392720295     -4.637100223614      0.952063123325      0.305901633216
   915     10.222792731972     -5.630740622667     -0.112599988323     -0.993640399053
   916     11.201525363760     -5.425600583978      0.978732631788      0.205140038688
   917     11.019355563275     -4.442333497277     -0.182169800485      0.983267086702
   918     10.773738791097     -5.411700507869     -0.245616772178     -0.969367010592
   919     11.301111654327     -4.562066549550      0.527372863230      0.849633958319
   920     12.247628172983     -4.884721907340      0.946516518656     -0.322655357790
   921     13.196343424421     -4.568590017633      0.948715251438      0.316131889707
   922     12.472477700240     -5.258530894344     -0.723865724181     -0.689940876710
   923     11.964943937529     -6.120162764523     -0.507533762711     -0.861631870179
   924     11.451038901875     -5.262315683553     -0.513905035654      0.857847080970
   925     10.699584818539     -4.602530293719     -0.751454083336      0.659785389833
   926     11.544284831493     -4.067290265212      0.844700012953      0.535240028507
   927     10.544405376456     -4.051763662396     -0.999879455037      0.015526602816
   928      9.698157696481     -4.584553362126     -0.846247679974     -0.532789699730
   929      9.234577641126     -3.698498323047     -0.463580055355      0.886055039079
   930      9.620668661011     -4.620959012922      0.386091019885     -0.922460689875
   931     10.495929898415     -5.104609471723      0.875261237404     -0.483650458801
   932      9.713118827910     -4.482350017882     -0.782811070505      0.622259453841
   933     10.044883896676     -3.538987977546      0.331765068766      0.943362040336
   934      9.395480023822     -4.299431670348     -0.649403872854     -0.760443692802
   935      8.720620242254     -5.037377654294     -0.674859781568     -0.737945983946
   936      9.621110659417     -5.472253508530      0.900490417163     -0.434875854235
   937      8.647747441937     -5.701522012379     -0.973363217480     -0.229268503849
   938      9.425120349348     -6.330562045146      0.777372907411     -0.629040032767
   939      9.800379851543     -7.257481839957      0.375259502195     -0.926919794811
   940      9.630526080177     -6.272012562733     -0.169853771367      0.985469277224
   941      8.845625736349     -6.891634584823     -0.784900343828     -0.619622022090
   942      9.834806253423     -7.038338042999      0.989180517074     -0.146703458176
   943     10.600395077037     -7.681668248381      0.765588823614     -0.643330205382
   944     11.507554549433     -8.102455239201      0.907159472395     -0.420786990820
   945     11.422134271528     -9.098800247781     -0.085420277905     -0.996345008580
   946     10.469225420211     -8.795543391171     -0.952908851317      0.303256856611
   947     10.720799114194     -9.763381536986      0.251573693983     -0.967838145816
   948     11.481796705603    -10.412136240915      0.760997591409     -0.648754703928
   949     12.236867407278     -9.756492865693      0.755070701675      0.655643375222
   950     12.774549357324     -8.913345120280      0.537681950047      0.843147745412
   951     12.419783261063     -7.978390032084     -0.354766096262      0.934955088196
   952     13.379968368837     -7.699025469534      0.960185107774      0.279364562550
   953     12.634294815264     -7.032714017207     -0.745673553572      0.666311452327
   954     12.368817527531     -7.996831131305     -0.265477287734     -0.964117114098
   955     11.750826345809     -7.210646102629     -0.617991181721      0.786185028676
   956     11.857354226299     -8.204955818300      0.106527880490     -0.994309715671
   957     11.566046983393     -7.248326271281     -0.291307242906      0.956629547019
   958     10.593938149500     -7.482856472039     -0.972108833893     -0.234530200758
   959     11.593574587746     -7.509819248793      0.999636438246     -0.026962776754
   960     10.867703726118     -8.197650254374     -0.725870861629     -0.687831005581
   961     11.076469081348     -9.175616013721      0.208765355230     -0.977965759347
   962     11.430814037767     -8.240501233675      0.354344956419      0.935114780046
   963     12.103829346420     -7.500872682091      0.673015308654      0.739628551584
   964     11.271102424725     -6.947188770565     -0.832726921696      0.553683911527
   965     11.906463959339     -7.719403585453      0.635361534614     -0.772214814888
   966     12.867745878224     -7.443836765201      0.961281918885      0.275566820252
   967     13.820580606451     -7.140347093739      0.952834728227      0.303489671462
   968     14.662285816892     -6.600409746709      0.841705210440      0.539937347030
   969     15.104319476544     -5.703411283091      0.442033659653      0.896998463619
   970     14.340573738311     -6.348928476765     -0.763745738234     -0.645517193675
   971     13.498458425344     -5.809630971053     -0.842115312967      0.539297505712
   972     13.422862222318     -6.806769484043     -0.075596203026     -0.997138512990
   973     12.677411349810     -7.473330056442     -0.745450872508     -0.666560572399
   974     13.541687107162     -7.976348361530      0.864275757352     -0.503018305088
   975     12.554235299675     -7.818427723580     -0.987451807487      0.157920637951
   976     12.138174372985     -8.727764462792     -0.416060926690     -0.909336739213
   977     11.701159295124     -9.627218642683     -0.437015077861     -0.899454179891
   978     10.935959230465     -8.983426082112     -0.765200064659      0.643792560570
   979     11.918732893028     -8.798612857009      0.982773662563      0.184813225103
   980     11.028450630864     -8.343203707259     -0.890282262164      0.455409149751
   981     10.703908518147     -9.289074954878     -0.324542112717     -0.945871247619
   982      9.936959591800     -9.930783100669     -0.766948926347     -0.641708145791
   983     10.757558650011    -10.502287418818      0.820599058211     -0.571504318149
   984     10.568950831829    -11.484339907701     -0.188607818182     -0.982052488883
   985     11.566601879036    -11.552840915046      0.997651047207     -0.068501007345
   986     12.083705182834    -12.408763909948      0.517103303798     -0.855922994901
   987     12.897056314035    -11.826990812104      0.813351131201      0.581773097844
   988     12.330215354821    -12.650818055498     -0.566840959213     -0.823827243394
   989     12.954761381259    -11.869830052478      0.624546026438      0.780988003020
   990     12.746740647954    -12.847954469163     -0.208020733305     -0.978124416685
   991     12.082570040398    -13.595535504275     -0.664170607556     -0.747581035112
   992     12.614814930675    -14.442125946446      0.532244890277     -0.846590442171
   993     12.586506963166    -15.441725195633     -0.028307967508     -0.999599249187
   994     11.930471858468    -16.196455572260     -0.656035104698     -0.754730376627
   995     11.968811848052    -15.197190819956      0.038339989583      0.999264752305
   996     12.343792198240    -16.124223579341      0.374980350188     -0.927032759385
   997     12.596194630309    -17.091845929375      0.252402432069     -0.967622350034
   998     13.021066356910    -16.186592364932      0.424871726601      0.905253564442
   999     14.003954665821    -16.370794895330      0.982888308912     -0.184202530397
  1000     13.868360665564    -17.361559381519     -0.135594000258     -0.990764486189
