# File chua thong tin toa do tai lan chay thu 21
##########################################################################################
#  Step                   x                   y            delta_x            delta_y
     1      0.000000000000      0.000000000000      0.000000000000      0.000000000000
     2     -0.671702982957     -0.740820560384     -0.671702982957     -0.740820560384
     3     -1.444083292059     -0.105660219910     -0.772380309103      0.635160340474
     4     -0.445247140872     -0.057428041009      0.998836151187      0.048232178901
     5     -0.587319538966      0.932428228204     -0.142072398094      0.989856269213
     6     -0.088036995042      0.065988997021      0.499282543924     -0.866439231183
     7      0.910197323600      0.125388029717      0.998234318642      0.059399032696
     8      0.857575636681     -0.873226489538     -0.052621686919     -0.998614519254
     9      1.318931896634     -1.760441458641      0.461356259954     -0.887214969104
    10      0.335483622956     -1.579252350253     -0.983448273679      0.181189108389
    11      1.245991479018     -1.165760580022      0.910507856062      0.413491770231
    12      1.511250617788     -2.129937736616      0.265259138770     -0.964177156595
    13      1.100858369667     -3.041846834434     -0.410392248121     -0.911909097817
    14      2.079657946159     -2.837026452004      0.978799576492      0.204820382430
    15      1.104425487958     -3.058208848391     -0.975232458201     -0.221182396388
    16      2.053623832996     -2.743530438300      0.949198345038      0.314678410092
    17      2.795087818840     -2.072537772396      0.741463985844      0.670992665903
    18      3.791923262727     -2.152030525585      0.996835443888     -0.079492753189
    19      2.810795431794     -2.345390757714     -0.981127830933     -0.193360232129
    20      2.440712076859     -1.416392205294     -0.370083354935      0.928998552421
    21      2.255336910919     -0.433724383569     -0.185375165941      0.982667821724
    22      2.426712273275      0.551481424969      0.171375362356      0.985205808538
    23      1.525639679424      0.117813140896     -0.901072593851     -0.433668284073
    24      0.774209675808      0.777625955007     -0.751430003616      0.659812814111
    25      0.479501455871      1.733213243067     -0.294708219936      0.955587288060
    26     -0.512698464059      1.857870047491     -0.992199919931      0.124656804424
    27     -1.346752744842      1.306187659964     -0.834054280783     -0.551682387527
    28     -1.089837038735      0.339753844353      0.256915706107     -0.966433815611
    29     -1.942453318633     -0.182783694253     -0.852616279898     -0.522537538607
    30     -2.329811399950      0.739145650566     -0.387358081317      0.921929344819
    31     -2.927409414986      1.540941517620     -0.597598015036      0.801795867054
    32     -2.142169179240      2.160132741851      0.785240235747      0.619191224231
    33     -1.886015693283      1.193496620225      0.256153485956     -0.966636121626
    34     -2.206586998171      0.246272233671     -0.320571304887     -0.947224386554
    35     -3.189014601080      0.059628173914     -0.982427602909     -0.186644059757
    36     -3.514934502038     -0.885769212459     -0.325919900958     -0.945397386372
    37     -2.520882782594     -0.776860172109      0.994051719444      0.108909040349
    38     -2.330112820956      0.204774597923      0.190769961638      0.981634770032
    39     -1.582111556982     -0.458922704387      0.748001263974     -0.663697302310
    40     -1.929252856890     -1.396735541737     -0.347141299908     -0.937812837350
    41     -0.981433665265     -1.715543916763      0.947819191625     -0.318808375026
    42     -1.153422986104     -2.700642730850     -0.171989320839     -0.985098814088
    43     -0.187533767929     -2.959598360666      0.965889218175     -0.258955629815
    44      0.676488955708     -3.463051171799      0.864022723638     -0.503452811133
    45      1.669201517712     -3.583557475539      0.992712562003     -0.120506303740
    46      1.881825669393     -4.560691534981      0.212624151681     -0.977134059442
    47      1.365658514006     -3.704203667174     -0.516167155387      0.856487867806
    48      1.878795392655     -2.845896878334      0.513136878649      0.858306788841
    49      1.477270214753     -3.761744863269     -0.401525177902     -0.915847984936
    50      1.078936353902     -4.678985363520     -0.398333860851     -0.917240500250
    51      1.989186506853     -5.093044126320      0.910250152952     -0.414058762800
    52      1.577266412321     -4.181824155226     -0.411920094532      0.911219971094
    53      1.103348766377     -5.062393326196     -0.473917645944     -0.880569170970
    54      0.708032679961     -5.980938475778     -0.395316086416     -0.918545149582
    55      0.239875960631     -6.864583928517     -0.468156719330     -0.883645452739
    56      0.692589104868     -7.756240145360      0.452713144236     -0.891656216843
    57     -0.094356706396     -7.139218030575     -0.786945811264      0.617022114785
    58      0.572640767641     -6.394158053372      0.666997474036      0.745059977202
    59     -0.092828092925     -5.647732440456     -0.665468860565      0.746425612917
    60     -0.610681655506     -6.503201719695     -0.517853562581     -0.855469279239
    61     -0.022339833593     -5.694589389472      0.588341821912      0.808612330223
    62     -0.178040943759     -4.706785175929     -0.155701110166      0.987804213543
    63      0.616981060551     -5.313365766339      0.795022004310     -0.606580590410
    64     -0.102194887666     -4.618537762078     -0.719175948217      0.694828004262
    65      0.897517500890     -4.594555681953      0.999712388556      0.023982080124
    66      1.166158869684     -3.631315413395      0.268641368794      0.963240268558
    67      0.451928782626     -2.931404431383     -0.714230087058      0.699910982012
    68     -0.380455419722     -2.377205424093     -0.832384202348      0.554199007291
    69     -0.742075317860     -1.444879810763     -0.361619898139      0.932325613329
    70     -0.882075633075     -0.454728351773     -0.140000315215      0.990151458990
    71     -1.881952569056     -0.470416337428     -0.999876935981     -0.015687985655
    72     -2.137592413733     -1.437188425262     -0.255639844677     -0.966772087833
    73     -1.940513087735     -2.417575970707      0.197079325998     -0.980387545445
    74     -2.527814488949     -1.608207658916     -0.587301401214      0.809368311791
    75     -1.716725735058     -1.023284558576      0.811088753891      0.584923100340
    76     -2.403136624425     -0.296070634783     -0.686410889367      0.727213923793
    77     -1.670808963106     -0.977023053434      0.732327661319     -0.680952418651
    78     -2.506291784999     -0.427506489242     -0.835482821893      0.549516564192
    79     -1.532783801166     -0.198853465180      0.973507983833      0.228653024062
    80     -2.523030384691     -0.338179355872     -0.990246583525     -0.139325890693
    81     -1.927360198283     -1.141408481978      0.595670186408     -0.803229126106
    82     -1.631650271901     -2.096686263275      0.295709926383     -0.955277781297
    83     -2.108526381653     -1.217715742752     -0.476876109752      0.878970520523
    84     -2.830900649723     -1.909218032574     -0.722374268071     -0.691502289822
    85     -2.232623069884     -1.107929109986      0.598277579839      0.801288922588
    86     -3.165723169280     -0.748312363287     -0.933100099396      0.359616746700
    87     -3.163652792429      0.251685493481      0.002070376851      0.999997856768
    88     -4.101178862384     -0.096229536600     -0.937526069954     -0.347915030080
    89     -5.068101474314     -0.351299453558     -0.966922611931     -0.255069916958
    90     -4.085683339913     -0.537993345260      0.982418134402     -0.186693891702
    91     -5.085667295667     -0.532328697475     -0.999983955754      0.005664647784
    92     -4.237678398554     -1.062342688209      0.847988897113     -0.530013990733
    93     -3.650667002875     -1.871921357235      0.587011395679     -0.809578669027
    94     -4.546262028712     -1.427051095592     -0.895595025837      0.444870261644
    95     -5.396691946595     -0.900962742964     -0.850429917883      0.526088352627
    96     -6.147754562406     -1.561193723100     -0.751062615811     -0.660230980136
    97     -7.130924197006     -1.378498705104     -0.983169634600      0.182695017996
    98     -7.475044733831     -0.439573225561     -0.344120536825      0.938925479543
    99     -6.684797351819     -1.052361178464      0.790247382012     -0.612787952903
   100     -5.855842392447     -1.611676541504      0.828954959372     -0.559315363041
   101     -6.039571978929     -2.594653366791     -0.183729586482     -0.982976825287
   102     -6.184122719989     -1.605155977578     -0.144550741060      0.989497389213
   103     -6.611631622857     -0.701144839390     -0.427508902868      0.904011138188
   104     -7.581146808729     -0.946176070795     -0.969515185872     -0.245031231405
   105     -8.521721817712     -0.606590069203     -0.940575008983      0.339586001592
   106     -9.100191330121     -1.422294073859     -0.578469512410     -0.815704004656
   107     -8.226182147543     -1.908203477729      0.874009182578     -0.485909403870
   108     -7.629053327890     -2.710348834095      0.597128819653     -0.802145356366
   109     -8.569992743576     -3.048923812511     -0.940939415686     -0.338574978416
   110     -9.378781733826     -2.460824867392     -0.808788990250      0.588098945119
   111     -8.461844776891     -2.859856967613      0.916936956935     -0.399032100221
   112     -8.454317449580     -3.859828636884      0.007527327311     -0.999971669270
   113     -9.283560581550     -3.300940608671     -0.829243131970      0.558888028213
   114     -9.723210959197     -4.199109604704     -0.439650377647     -0.898168996033
   115     -9.017171930453     -3.490936680983      0.706039028744      0.708172923720
   116     -9.721637810676     -4.200674536535     -0.704465880222     -0.709737855551
   117     -8.792002032978     -3.832194793775      0.929635777698      0.368479742759
   118     -9.389349619898     -3.030212337359     -0.597347586921      0.801982456417
   119    -10.367977940756     -2.824575255060     -0.978628320857      0.205637082298
   120     -9.572360501158     -2.218775874236      0.795617439598      0.605799380825
   121     -9.088532847697     -1.343612574190      0.483827653460      0.875163300046
   122     -9.848865768130     -1.993146137684     -0.760332920433     -0.649533563494
   123     -9.574691787387     -1.031466030641      0.274173980743      0.961680107044
   124     -8.782894019773     -1.642249376191      0.791797767614     -0.610783345550
   125     -7.912573007611     -2.134734234627      0.870321012163     -0.492484858436
   126     -7.326777539768     -1.324275309169      0.585795467843      0.810458925458
   127     -7.284068649137     -0.325187750112      0.042708890630      0.999087559056
   128     -7.411430042976      0.666668628281     -0.127361393839      0.991856378393
   129     -7.339292395222     -0.330726057777      0.072137647753     -0.997394686058
   130     -8.309266281992     -0.573935142690     -0.969973886770     -0.243209084913
   131     -7.382040668257     -0.948438361946      0.927225613735     -0.374503219256
   132     -6.518534459404     -1.452776569176      0.863506208854     -0.504338207229
   133     -6.492976256109     -2.452449904943      0.025558203295     -0.999673335767
   134     -5.783539103667     -3.157218609367      0.709437152442     -0.704768704424
   135     -5.270508404741     -4.015588868614      0.513030698925     -0.858370259247
   136     -4.718920401844     -4.849705572115      0.551588002897     -0.834116703501
   137     -5.683464291513     -4.585783074209     -0.964543889669      0.263922497907
   138     -4.925479377897     -3.933510990848      0.757984913616      0.652272083360
   139     -3.928807287844     -4.015026295593      0.996672090054     -0.081515304744
   140     -3.036487005330     -3.563623467274      0.892320282514      0.451402828319
   141     -3.717915441295     -4.295508216846     -0.681428435966     -0.731884749573
   142     -2.878116304013     -4.838405452997      0.839799137282     -0.542897236151
   143     -3.850736138483     -4.606003521858     -0.972619834469      0.232401931139
   144     -4.580593737805     -5.289602735368     -0.729857599323     -0.683599213510
   145     -5.495093433659     -4.885016148487     -0.914499695854      0.404586586880
   146     -5.504046023845     -5.884976073249     -0.008952590186     -0.999959924761
   147     -6.484783084623     -5.689643491185     -0.980737060778      0.195332582063
   148     -5.993217629831     -4.818802860728      0.491565454793      0.870840630457
   149     -5.158504344057     -4.268118077433      0.834713285774      0.550684783295
   150     -4.864743976621     -3.312238981248      0.293760367436      0.955879096185
   151     -5.603342687601     -3.986384324730     -0.738598710980     -0.674145343482
   152     -4.854039468542     -3.324157259512      0.749303219059      0.662227065218
   153     -5.239410081814     -2.401395377753     -0.385370613272      0.922761881758
   154     -4.575293784078     -1.653766095902      0.664116297736      0.747629281851
   155     -3.879798592190     -2.372296845460      0.695495191888     -0.718530749558
   156     -4.579615514602     -3.086619094244     -0.699816922411     -0.714322248783
   157     -5.275323329807     -2.368294212410     -0.695707815206      0.718324881834
   158     -5.926818231844     -3.126947224413     -0.651494902036     -0.758653012003
   159     -6.624023915049     -3.843818367162     -0.697205683205     -0.716871142749
   160     -7.200035161332     -4.661260135214     -0.576011246282     -0.817441768052
   161     -7.131781229841     -5.658928116476      0.068253931491     -0.997667981262
   162     -8.130829879276     -5.615318529665     -0.999048649435      0.043609586811
   163     -9.116896188063     -5.448965787953     -0.986066308787      0.166352741712
   164     -8.647071794892     -4.566205888784      0.469824393171      0.882759899169
   165     -7.929249187495     -3.869979844808      0.717822607397      0.696226043975
   166     -7.324816927761     -3.073323304389      0.604432259734      0.796656540419
   167     -7.009791430396     -4.022406512548      0.315025497364     -0.949083208160
   168     -8.003470209189     -3.910145724309     -0.993678778793      0.112260788239
   169     -8.286133601596     -4.869364889356     -0.282663392406     -0.959219165047
   170     -8.613002075707     -3.924295050332     -0.326868474111      0.945069839024
   171     -7.921986580755     -4.647134995090      0.691015494951     -0.722839944758
   172     -7.346880664493     -3.829056034916      0.575105916262      0.818078960174
   173     -6.378762762226     -3.578561070275      0.968117902267      0.250494964641
   174     -6.147311785801     -4.551407638605      0.231450976425     -0.972846568330
   175     -6.002023580460     -3.562018262581      0.145288205341      0.989389376024
   176     -6.736101913751     -4.241083061104     -0.734078333291     -0.679064798522
   177     -7.507979714766     -3.605312143005     -0.771877801015      0.635770918099
   178     -8.014689739732     -2.743195590212     -0.506710024966      0.862116552793
   179     -7.158919504556     -2.225839518840      0.855770235177      0.517356071372
   180     -7.900130181216     -1.554567045990     -0.741210676660      0.671272472849
   181     -6.924878766165     -1.775665841648      0.975251415051     -0.221098795658
   182     -6.171946695920     -2.433764084767      0.752932070245     -0.658098243119
   183     -6.127459391232     -3.432774034528      0.044487304688     -0.999009949761
   184     -5.129224797347     -3.373379627625      0.998234593885      0.059394406904
   185     -4.286616437996     -2.834852791941      0.842608359351      0.538526835684
   186     -3.616926564485     -3.577493669698      0.669689873511     -0.742640877758
   187     -2.813042119677     -2.982708162648      0.803884444807      0.594785507050
   188     -3.812966501328     -2.970410562026     -0.999924381650      0.012297600622
   189     -4.771329321391     -2.684857230544     -0.958362820063      0.285553331481
   190     -4.255690400460     -1.828051241291      0.515638920931      0.856805989254
   191     -4.887474664054     -2.603195514491     -0.631784263594     -0.775144273200
   192     -4.242113763150     -3.367073323820      0.645360900904     -0.763877809329
   193     -4.305346463320     -4.365072134254     -0.063232700169     -0.997998810435
   194     -3.483207292269     -3.795785577743      0.822139171050      0.569286556511
   195     -3.711346943824     -4.769413997310     -0.228139651555     -0.973628419567
   196     -4.158180565061     -5.664031074574     -0.446833621237     -0.894617077264
   197     -5.078218643014     -6.055860036133     -0.920038077953     -0.391828961559
   198     -5.436401037305     -6.989511669463     -0.358182394291     -0.933651633330
   199     -4.762859286136     -7.728660848879      0.673541751169     -0.739149179416
   200     -4.200151405641     -8.555316666755      0.562707880495     -0.826655817876
   201     -5.107774442755     -8.135530503931     -0.907623037115      0.419786162824
   202     -6.090323165198     -8.321535901771     -0.982548722443     -0.186005397840
   203     -5.152200357905     -7.975233146317      0.938122807294      0.346302755454
   204     -5.537342430744     -7.052375853054     -0.385142072840      0.922857293263
   205     -4.538138158407     -7.092260964852      0.999204272337     -0.039885111799
   206     -4.160932260156     -6.166131540676      0.377205898250      0.926129424176
   207     -4.223190048358     -7.164191642979     -0.062257788202     -0.998060102303
   208     -3.288502243147     -6.808721944145      0.934687805211      0.355469698834
   209     -4.092518723007     -7.403328957317     -0.804016479860     -0.594607013172
   210     -4.290544045172     -8.383525861914     -0.198025322165     -0.980196904597
   211     -3.383888612749     -8.805397793734      0.906655432423     -0.421871931820
   212     -2.426839702653     -9.095324308018      0.957048910096     -0.289926514284
   213     -2.483811959784    -10.093700069902     -0.056972257130     -0.998375761884
   214     -1.947905258153    -10.937977279796      0.535906701631     -0.844277209895
   215     -2.459625903549    -10.078825383403     -0.511720645396      0.859151896393
   216     -2.657118407827     -9.098520986415     -0.197492504279      0.980304396988
   217     -3.248487808994     -9.904921774711     -0.591369401167     -0.806400788295
   218     -2.404888786122    -10.441895413363      0.843599022873     -0.536973638653
   219     -2.493535989864     -9.445832326371     -0.088647203743      0.996063086992
   220     -3.223619838923     -8.762474752810     -0.730083849059      0.683357573561
   221     -3.855525295703     -7.987429274343     -0.631905456780      0.775045478467
   222     -2.884583781576     -7.748112379529      0.970941514128      0.239316894815
   223     -2.059571319897     -7.182997844169      0.825012461679      0.565114535360
   224     -2.857509018695     -7.785737778831     -0.797937698798     -0.602739934662
   225     -2.915586491117     -8.784049857891     -0.058077472422     -0.998312079060
   226     -2.610039892667     -7.831872733520      0.305546598450      0.952177124371
   227     -3.583577428996     -7.603345568045     -0.973537536328      0.228527165475
   228     -4.438494679793     -8.122109959930     -0.854917250798     -0.518764391885
   229     -4.585937992169     -7.133039452011     -0.147443312375      0.989070507919
   230     -5.214101809344     -7.911120565258     -0.628163817175     -0.778081113247
   231     -4.331018820044     -8.380337395741      0.883082989300     -0.469216830483
   232     -5.139076826293     -8.969440322688     -0.808058006249     -0.589102926947
   233     -5.906797013077     -9.610225555666     -0.767720186785     -0.640785232978
   234     -6.562975571903    -10.364831213569     -0.656178558825     -0.754605657902
   235     -7.346977211069     -9.744072460279     -0.784001639166      0.620758753289
   236     -8.038331176950     -9.021556236337     -0.691353965882      0.722516223942
   237     -7.704803909574     -9.964296689440      0.333527267376     -0.942740453103
   238     -6.726405977982    -10.171027159995      0.978397931592     -0.206730470556
   239     -6.043769861071     -9.440268696556      0.682636116911      0.730758463440
   240     -5.165067413625     -9.917638583387      0.878702447446     -0.477369886831
   241     -5.985184403413    -10.489834461615     -0.820116989787     -0.572195878229
   242     -6.984391619384    -10.529645760902     -0.999207215971     -0.039811299286
   243     -6.191050524563    -11.138423148185      0.793341094821     -0.608777387283
   244     -5.748351640458    -12.035093487837      0.442698884105     -0.896670339652
   245     -5.836389540043    -13.031210613600     -0.088037899585     -0.996117125762
   246     -6.165740033369    -12.087002875575     -0.329350493326      0.944207738025
   247     -5.463120488643    -12.798568596622      0.702619544726     -0.711565721047
   248     -6.424413239368    -12.523039564753     -0.961292750726      0.275529031869
   249     -6.608461634280    -11.540122381909     -0.184048394912      0.982917182844
   250     -5.613990734141    -11.435109864675      0.994470900139      0.105012517234
   251     -6.025299052604    -12.346606143967     -0.411308318463     -0.911496279292
   252     -5.084130041259    -12.008669919090      0.941169011345      0.337936224877
   253     -5.691708036799    -12.802929939068     -0.607577995541     -0.794260019978
   254     -4.874795903311    -12.226167799048      0.816912133488      0.576762140019
   255     -5.592374540192    -11.529690304873     -0.717578636881      0.696477494175
   256     -5.654172903110    -12.527778959423     -0.061798362918     -0.998088654550
   257     -5.680065780115    -11.528114236168     -0.025892877006      0.999664723255
   258     -6.199129716928    -12.382849651077     -0.519063936813     -0.854735414909
   259     -6.172171519240    -11.383213089332      0.026958197688      0.999636561745
   260     -7.120267865591    -11.701196293349     -0.948096346351     -0.317983204016
   261     -8.031660521187    -11.289658412559     -0.911392655596      0.411537880790
   262     -8.978838601583    -10.968950314723     -0.947178080396      0.320708097836
   263     -9.749718553144    -10.331969859543     -0.770879951561      0.636980455180
   264    -10.603149223064    -10.853176240585     -0.853430669920     -0.521206381042
   265     -9.603281674383    -10.836900949667      0.999867548681      0.016275290918
   266    -10.509573572144    -11.259553284397     -0.906291897761     -0.422652334730
   267     -9.576542786454    -11.619349828231      0.933030785690     -0.359796543834
   268     -9.195504207665    -12.543908967212      0.381038578789     -0.924559138982
   269     -9.377658091294    -11.560638931729     -0.182153883628      0.983270035483
   270    -10.097042717576    -12.255250880567     -0.719384626283     -0.694611948838
   271     -9.876489937541    -13.230625921881      0.220552780036     -0.975375041314
   272     -9.758540807435    -14.223645560512      0.117949130106     -0.993019638631
   273    -10.143940761954    -13.300895933009     -0.385399954519      0.922749627503
   274    -10.804041869353    -14.052072695171     -0.660101107399     -0.751176762161
   275    -11.766067856675    -13.779114823481     -0.962025987322      0.272957871690
   276    -12.453993165252    -14.504896312511     -0.687925308577     -0.725781489030
   277    -12.744296921254    -13.547961764461     -0.290303756002      0.956934548050
   278    -13.652559173155    -13.966363105008     -0.908262251901     -0.418401340548
   279    -14.050937596025    -14.883584251838     -0.398378422871     -0.917221146829
   280    -13.114747749259    -15.235079018244      0.936189846767     -0.351494766406
   281    -13.352956791235    -16.206292924817     -0.238209041976     -0.971213906573
   282    -13.012873348195    -15.265897661234      0.340083443039      0.940395263584
   283    -13.265347248790    -16.233501366021     -0.252473900594     -0.967603704788
   284    -12.567945290874    -16.950181566038      0.697401957915     -0.716680200017
   285    -13.560588241882    -16.829103195493     -0.992642951008      0.121078370545
   286    -13.825349237045    -15.864789130760     -0.264760995163      0.964314064732
   287    -12.981019985090    -15.328964425944      0.844329251956      0.535824704817
   288    -13.874877711783    -14.880613710063     -0.893857726693      0.448350715881
   289    -13.777609212734    -15.875871887167      0.097268499049     -0.995258177104
   290    -13.240988656557    -15.032048221530      0.536620556177      0.843823665637
   291    -13.638651691966    -15.949579752471     -0.397663035409     -0.917531530940
   292    -13.353648177833    -14.991053280780      0.285003514132      0.958526471691
   293    -14.105766930735    -14.332025677766     -0.752118752902      0.659027603013
   294    -13.106526929689    -14.293045935472      0.999240001046      0.038979742294
   295    -13.419591738994    -13.343314170617     -0.313064809305      0.949731764855
   296    -14.302098727520    -12.873014888029     -0.882506988526      0.470299282588
   297    -15.259481715588    -12.584193465422     -0.957382988068      0.288821422608
   298    -15.837216196319    -13.400418232122     -0.577734480731     -0.816224766700
   299    -15.965136381079    -14.392202697785     -0.127920184760     -0.991784465663
   300    -16.117012310463    -13.403803131783     -0.151875929384      0.988399566002
   301    -15.982587150063    -12.412879382823      0.134425160400      0.990923748959
   302    -16.867277087906    -12.879059298607     -0.884689937842     -0.466179915784
   303    -16.035400384501    -12.324098804218      0.831876703404      0.554960494390
   304    -16.995045550521    -12.042885085963     -0.959645166020      0.281213718255
   305    -16.096013996129    -12.480768933813      0.899031554392     -0.437883847850
   306    -16.979577065310    -12.949081118983     -0.883563069181     -0.468312185170
   307    -17.806467124690    -13.511444728847     -0.826890059379     -0.562363609864
   308    -16.806518498936    -13.521581091745      0.999948625754     -0.010136362898
   309    -16.727108904101    -12.524739019876      0.079409594835      0.996842071869
   310    -16.112627848497    -11.735807443436      0.614481055604      0.788931576439
   311    -17.108700956547    -11.824341975794     -0.996073108050     -0.088534532358
   312    -16.109251969716    -11.791149767033      0.999448986831      0.033192208760
   313    -17.051802790536    -11.457086973278     -0.942550820820      0.334062793755
   314    -16.447297228908    -10.660486053142      0.604505561628      0.796600920136
   315    -16.490447041531     -9.661417440048     -0.043149812623      0.999068613095
   316    -17.464810662093     -9.436438474531     -0.974363620562      0.224978965517
   317    -18.060563086234     -8.633270341989     -0.595752424141      0.803168132542
   318    -18.875342046456     -8.053498623138     -0.814778960222      0.579771718851
   319    -19.839206514283     -8.319891730519     -0.963864467827     -0.266393107381
   320    -20.209898038881     -7.391135684191     -0.370691524598      0.928756046328
   321    -20.659126927890     -8.284552387236     -0.449228889009     -0.893416703045
   322    -20.021053019435     -9.054527508489      0.638073908455     -0.769975121253
   323    -19.711967709842    -10.005561825112      0.309085309593     -0.951034316622
   324    -20.705270994720     -9.890025751742     -0.993303284878      0.115536073370
   325    -21.407432708967    -10.602043256474     -0.702161714248     -0.712017504732
   326    -21.276160885925    -11.593389668418      0.131271823043     -0.991346411944
   327    -21.670734520198    -10.674525343756     -0.394573634273      0.918864324662
   328    -20.762551000698    -10.255953133848      0.908183519500      0.418572209909
   329    -20.746095806392     -9.256088529723      0.016455194306      0.999864604124
   330    -21.280882169726    -10.101075834712     -0.534786363334     -0.844987304989
   331    -21.807346740799     -9.250878766142     -0.526464571073      0.850197068570
   332    -22.527701470346     -9.944484607826     -0.720354729547     -0.693605841684
   333    -22.813577009358     -8.986217851545     -0.285875539012      0.958266756282
   334    -23.430394365730     -9.773324165125     -0.616817356372     -0.787106313580
   335    -22.790552483788     -9.004817583427      0.639841881942      0.768506581698
   336    -21.791092246291     -8.971965891523      0.999460237498      0.032851691904
   337    -20.855885411480     -8.617863962521      0.935206834811      0.354101929002
   338    -20.641980621000     -9.594718476054      0.213904790479     -0.976854513533
   339    -20.256880652232    -10.517593339757      0.385099968768     -0.922874863703
   340    -20.247163043535     -9.517640556831      0.009717608697      0.999952782926
   341    -19.737604843486    -10.378076748982      0.509558200048     -0.860436192151
   342    -20.441483386304     -9.667756400856     -0.703878542817      0.710320348126
   343    -21.081952853824     -8.899772767453     -0.640469467520      0.767983633403
   344    -21.790571721514     -9.605364221734     -0.708618867691     -0.705591454280
   345    -21.003765137743     -8.988164578397      0.786806583771      0.617199643337
   346    -20.469564935543     -8.142806580878      0.534200202200      0.845357997519
   347    -21.135820701585     -7.397083271455     -0.666255766042      0.745723309423
   348    -21.164897635777     -8.396660448014     -0.029076934192     -0.999577176559
   349    -20.982819886806     -9.379944584635      0.182077748971     -0.983284136621
   350    -20.302687698204    -10.113034078509      0.680132188602     -0.733089493874
   351    -20.780607458072     -9.234630581744     -0.477919759868      0.878403496765
   352    -21.772035043675     -9.103973234055     -0.991427585603      0.130657347689
   353    -20.784919284100     -8.943965492998      0.987115759575      0.160007741057
   354    -19.994293143317     -8.331666296925      0.790626140782      0.612299196073
   355    -20.982501835220     -8.484779265833     -0.988208691903     -0.153112968908
   356    -21.406692786584     -7.579206498586     -0.424190951364      0.905572767248
   357    -21.156784873482     -8.547476107201      0.249907913102     -0.968269608616
   358    -20.803523927193     -7.611951279189      0.353260946289      0.935524828012
   359    -21.510541356853     -8.319147400614     -0.707017429659     -0.707196121425
   360    -22.000063441824     -9.191138299835     -0.489522084971     -0.871990899222
   361    -21.001766083039     -9.249468253069      0.998297358784     -0.058329953234
   362    -20.294245553565     -9.956161043730      0.707520529475     -0.706692790661
   363    -20.923312779678    -10.733511945853     -0.629067226113     -0.777350902122
   364    -19.969588094633    -10.432830677502      0.953724685044      0.300681268350
   365    -19.047009281825    -10.818639353089      0.922578812808     -0.385808675587
   366    -19.597503437816     -9.983800336140     -0.550494155991      0.834839016949
   367    -19.046239779851    -10.818131433131      0.551263657965     -0.834331096991
   368    -18.306637180392    -11.491175261477      0.739602599459     -0.673043828346
   369    -18.781933893949    -12.371000831736     -0.475296713557     -0.879825570259
   370    -17.924142327486    -11.857003138644      0.857791566464      0.513997693092
   371    -17.365731729560    -11.027438431026      0.558410597925      0.829564707618
   372    -18.302798938003    -11.376587463478     -0.937067208442     -0.349149032451
   373    -17.587251009810    -12.075151105861      0.715547928193     -0.698563642383
   374    -18.050937096997    -11.189151550246     -0.463686087187      0.885999555615
   375    -17.348217380280    -10.477684755703      0.702719716717      0.711466794543
   376    -18.259266074881    -10.889983526093     -0.911048694601     -0.412298770390
   377    -19.186925834071    -10.516556998941     -0.927659759189      0.373426527152
   378    -20.104218766298    -10.914770103305     -0.917292932227     -0.398213104364
   379    -21.095608166976    -11.045716871968     -0.991389400678     -0.130946768663
   380    -20.944683599470    -10.057171589786      0.150924567506      0.988545282181
   381    -19.967614196264    -10.270092658070      0.977069403206     -0.212921068283
   382    -19.595192436768     -9.342029064853      0.372421759496      0.928063593217
   383    -18.896506939300    -10.057458010051      0.698685497468     -0.715428945198
   384    -19.893656658798     -9.982009770152     -0.997149719499      0.075448239899
   385    -20.058485283195     -8.995687548675     -0.164828624397      0.986322221477
   386    -19.595155661490     -8.109501528896      0.463329621705      0.886186019779
   387    -20.286122490262     -8.832387994074     -0.690966828772     -0.722886465178
   388    -19.522642397855     -8.186556631799      0.763480092408      0.645831362275
   389    -20.074205255577     -7.352423300742     -0.551562857723      0.834133331057
   390    -20.513524558990     -8.250754280754     -0.439319303413     -0.898330980012
   391    -20.198939759280     -7.301524907108      0.314584799710      0.949229373645
   392    -20.981700557022     -6.679202214675     -0.782760797743      0.622322692433
   393    -20.400127726228     -7.492696555456      0.581572830794     -0.813494340781
   394    -20.542263445425     -8.482543734231     -0.142135719196     -0.989847178775
   395    -19.920295601023     -7.699500950898      0.621967844402      0.783042783333
   396    -20.905979941623     -7.868102198511     -0.985684340600     -0.168601247614
   397    -19.943035627702     -8.137802491962      0.962944313921     -0.269700293451
   398    -19.265086763834     -8.872911557327      0.677948863867     -0.735109065364
   399    -18.731398241739     -8.027230434572      0.533688522095      0.845681122755
   400    -18.572661220112     -9.014551333755      0.158737021627     -0.987320899184
   401    -19.545761335808     -8.784168685036     -0.973100115697      0.230382648719
   402    -18.651224129320     -8.337175188206      0.894537206488      0.446993496830
   403    -17.750418462190     -7.902952722107      0.900805667130      0.434222466100
   404    -18.713201279137     -8.173228964851     -0.962782816947     -0.270276242744
   405    -19.657020499197     -7.842766743341     -0.943819220060      0.330462221510
   406    -20.631112120988     -8.068920479450     -0.974091621791     -0.226153736109
   407    -21.628697225353     -8.138375209669     -0.997585104365     -0.069454730219
   408    -22.568334494098     -8.480547393202     -0.939637268746     -0.342172183534
   409    -23.148011388783     -9.295393819082     -0.579676894685     -0.814846425880
   410    -22.442117409576    -10.003711325657      0.705893979206     -0.708317506575
   411    -23.239992990095    -10.606533486838     -0.797875580519     -0.602822161181
   412    -22.246059681588    -10.496549041390      0.993933308507      0.109984445448
   413    -21.660724197200     -9.685757840947      0.585335484388      0.810791200443
   414    -21.165423583987    -10.554479489434      0.495300613214     -0.868721648487
   415    -20.407147199713     -9.902546268120      0.758276384274      0.651933221314
   416    -20.210730448680     -8.922025763534      0.196416751033      0.980520504586
   417    -19.384747566644     -8.358330563462      0.825982882036      0.563695200072
   418    -20.023740769034     -7.589118182322     -0.638993202390      0.769212381140
   419    -20.269640958548     -6.619823027688     -0.245900189514      0.969295154634
   420    -20.906670060632     -7.390662779581     -0.637029102084     -0.770839751893
   421    -21.669646360302     -8.037089237998     -0.762976299670     -0.646426458418
   422    -22.410536941487     -8.708714986992     -0.740890581184     -0.671625748994
   423    -23.060260910372     -7.948544766413     -0.649723968885      0.760170220580
   424    -22.424157864086     -7.176940648677      0.636103046285      0.771604117735
   425    -23.218228326356     -6.569114932743     -0.794070462270      0.607825715934
   426    -22.663375004976     -7.401063123290      0.554853321380     -0.831948190546
   427    -21.847396096391     -6.822981450215      0.815978908585      0.578081673075
   428    -21.467923129549     -5.897778625189      0.379472966842      0.925202825026
   429    -20.472177263226     -5.989920742062      0.995745866322     -0.092142116872
   430    -19.719236470296     -6.648009005398      0.752940792930     -0.658088263336
   431    -18.753738526600     -6.908419682443      0.965497943696     -0.260410677044
   432    -18.612071942709     -5.918505252298      0.141666583890      0.989914430145
   433    -19.593392411258     -5.726125060989     -0.981320468548      0.192380191309
   434    -18.991235760003     -4.927747100778      0.602156651254      0.798377960211
   435    -18.042617686470     -4.611323728435      0.948618073534      0.316423372343
   436    -17.092933871838     -4.924533964899      0.949683814632     -0.313210236464
   437    -16.481542264804     -5.715862153990      0.611391607034     -0.791328189090
   438    -17.070670548989     -6.523901673304     -0.589128284185     -0.808039519314
   439    -17.846611145835     -5.893095688736     -0.775940596846      0.630805984568
   440    -16.866041509364     -6.089267011897      0.980569636471     -0.196171323161
   441    -16.643129042300     -5.114428547315      0.222912467064      0.974838464581
   442    -15.643823122851     -5.151680115800      0.999305919449     -0.037251568485
   443    -14.965594509201     -4.416829146129      0.678228613650      0.734850969671
   444    -15.644153089605     -3.682282855579     -0.678558580403      0.734546290550
   445    -15.580628614383     -4.680263136470      0.063524475222     -0.997980280891
   446    -14.606477108975     -4.454367486862      0.974151505408      0.225895649608
   447    -14.615884799873     -3.454411740165     -0.009407690897      0.999955746697
   448    -13.953691775815     -4.203745043101      0.662193024058     -0.749333302936
   449    -14.861725475635     -4.622642166498     -0.908033699820     -0.418897123397
   450    -15.861663301497     -4.633793149015     -0.999937825862     -0.011150982517
   451    -16.058167831529     -5.614296065725     -0.196504530032     -0.980502916710
   452    -16.074979310459     -4.614437388623     -0.016811478930      0.999858677102
   453    -16.763581257115     -5.339576933167     -0.688601946656     -0.725139544544
   454    -16.212863353357     -6.174268367459      0.550717903758     -0.834691434292
   455    -16.817201188679     -5.377540194995     -0.604337835322      0.796728172465
   456    -16.911760511459     -4.382020966413     -0.094559322781      0.995519228581
   457    -17.730879696029     -3.808397604380     -0.819119184569      0.573623362033
   458    -18.319643320635     -4.616702864997     -0.588763624606     -0.808305260617
   459    -18.126034865684     -3.635623986327      0.193608454951      0.981078878670
   460    -17.954756018587     -4.620846578708      0.171278847096     -0.985222592381
   461    -18.751706245177     -4.016801599970     -0.796950226589      0.604044978739
   462    -19.300203346463     -3.180649143847     -0.548497101287      0.836152456123
   463    -20.133772559803     -3.733064174935     -0.833569213340     -0.552415031088
   464    -20.693799863913     -2.904590024070     -0.560027304110      0.828474150865
   465    -20.243408002217     -3.797421010830      0.450391861696     -0.892830986759
   466    -21.043076756219     -4.397862418356     -0.799668754002     -0.600441407527
   467    -21.965725078896     -4.783504833893     -0.922648322677     -0.385642415537
   468    -22.022460595655     -5.781894077194     -0.056735516759     -0.998389243300
   469    -22.988750737034     -6.039349631950     -0.966290141379     -0.257455554756
   470    -23.693428327496     -5.329821976745     -0.704677590462      0.709527655205
   471    -24.671608528701     -5.537580235235     -0.978180201205     -0.207758258490
   472    -25.106913296214     -6.437863390348     -0.435304767513     -0.900283155113
   473    -25.155287940154     -7.436692651945     -0.048374643940     -0.998829261598
   474    -24.421017535354     -8.115549759616      0.734270404800     -0.678857107670
   475    -24.814961272572     -7.196415203684     -0.393943737217      0.919134555931
   476    -24.555587932205     -6.230638070850      0.259373340367      0.965777132835
   477    -24.789994554554     -5.258499430840     -0.234406622349      0.972138640009
   478    -24.281734894514     -6.119703307966      0.508259660040     -0.861203877125
   479    -23.460610899547     -5.548953463559      0.821123994966      0.570749844407
   480    -22.722422665116     -4.874358673669      0.738188234431      0.674594789890
   481    -23.444398787671     -5.566276644573     -0.721976122555     -0.691917970904
   482    -23.292637215068     -6.554693775687      0.151761572604     -0.988417131115
   483    -22.590003466428     -7.266245471119      0.702633748640     -0.711551695432
   484    -23.037962658763     -6.372191467156     -0.447959192335      0.894054003963
   485    -22.770155850839     -5.408718834629      0.267806807923      0.963472632528
   486    -23.434165301668     -6.156443014531     -0.664009450828     -0.747724179903
   487    -24.301900072834     -5.659415483192     -0.867734771166      0.497027531339
   488    -25.116521274159     -6.239408843802     -0.814621201325     -0.579993360610
   489    -24.433315364706     -6.969634620730      0.683205909452     -0.730225776928
   490    -23.652025859019     -7.593803434676      0.781289505687     -0.624168813946
   491    -24.188146203600     -8.437944996338     -0.536120344581     -0.844141561662
   492    -23.391402270062     -7.833627940175      0.796743933538      0.604317056163
   493    -22.468864959286     -8.219535843990      0.922537310776     -0.385907903815
   494    -22.639141267916     -7.234139487837     -0.170276308630      0.985396356153
   495    -21.735203418590     -7.661803333112      0.903937849326     -0.427663845275
   496    -20.977530001513     -8.314437222100      0.757673417077     -0.652633888987
   497    -21.883080674796     -8.738675336979     -0.905550673283     -0.424238114880
   498    -21.401114753256     -7.862485374429      0.481965921540      0.876189962550
   499    -21.187822252611     -8.839473761856      0.213292500645     -0.976988387428
   500    -22.020601542781     -8.285868619301     -0.832779290170      0.553605142556
   501    -22.506982944042     -9.159615225879     -0.486381401261     -0.873746606578
   502    -21.858394081412     -8.398476285033      0.648588862630      0.761138940846
   503    -21.240845193668     -7.611943786501      0.617548887744      0.786532498531
   504    -21.933828538897     -6.890990193518     -0.692983345229      0.720953592984
   505    -22.878338125702     -7.219474044617     -0.944509586805     -0.328483851099
   506    -22.300265260745     -8.035459193256      0.578072864957     -0.815985148639
   507    -21.939248359946     -7.102899920428      0.361016900798      0.932559272828
   508    -21.384599870396     -6.270815157294      0.554648489550      0.832084763134
   509    -21.853451480111     -7.154092105973     -0.468851609715     -0.883276948679
   510    -21.409342535193     -6.258119313393      0.444108944919      0.895972792580
   511    -20.596572349142     -6.840703749047      0.812770186051     -0.582584435654
   512    -21.179545892887     -7.653194885794     -0.582973543745     -0.812491136747
   513    -20.370636196644     -7.065261978632      0.808909696243      0.587932907162
   514    -19.893736812418     -7.944219871437      0.476899384226     -0.878957892805
   515    -20.347268363298     -8.835460092902     -0.453531550880     -0.891240221465
   516    -19.662338965314     -9.564069535455      0.684929397984     -0.728609442553
   517    -20.382928049829    -10.257431901955     -0.720589084515     -0.693362366499
   518    -19.396539090956    -10.421860676239      0.986388958873     -0.164428774284
   519    -19.473641027160     -9.424837461146     -0.077101936204      0.997023215093
   520    -19.881262871721     -8.511686634702     -0.407621844561      0.913150826445
   521    -19.665556904532     -9.488144998237      0.215705967188     -0.976458363536
   522    -18.686500368944     -9.691733554207      0.979056535588     -0.203588555969
   523    -18.672903895927     -8.691825990518      0.013596473017      0.999907563689
   524    -17.938042573350     -9.370043386771      0.734861322577     -0.678217396253
   525    -17.116464342441     -9.940139177403      0.821578230909     -0.570095790632
   526    -16.118986454285    -10.011117079880      0.997477888156     -0.070977902477
   527    -17.041564026191    -10.396928722804     -0.922577571906     -0.385811642924
   528    -16.389344771412     -9.638898351582      0.652219254779      0.758030371222
   529    -16.433973767476     -8.639894721603     -0.044628996064      0.999003629979
   530    -17.433398985449     -8.605994372346     -0.999425217973      0.033900349257
   531    -17.998084753543     -7.780688378601     -0.564685768095      0.825305993745
   532    -18.780643766493     -8.403264792586     -0.782559012950     -0.622576413985
   533    -19.133341211445     -9.339002208919     -0.352697444952     -0.935737416333
   534    -19.289118289925     -8.351209972758     -0.155777078480      0.987792236161
   535    -20.168365887596     -7.874844921573     -0.879247597671      0.476365051185
   536    -20.603518828728     -6.974488371186     -0.435152941133      0.900356550386
   537    -20.810648167061     -5.996174803253     -0.207129338333      0.978313567933
   538    -20.472883584734     -5.054944179588      0.337764582327      0.941230623665
   539    -20.602270404969     -6.046538376197     -0.129386820235     -0.991594196609
   540    -21.368848288027     -6.688689720669     -0.766577883058     -0.642151344471
   541    -20.492514282556     -7.170393686664      0.876334005471     -0.481703965995
   542    -20.782045211524     -6.213225027978     -0.289530928968      0.957168658686
   543    -21.702012098970     -6.605221107045     -0.919966887445     -0.391996079067
   544    -20.709217396669     -6.485393401220      0.992794702301      0.119827705826
   545    -19.910239941629     -7.086754379616      0.798977455040     -0.601360978396
   546    -18.992503614226     -6.689564206820      0.917736327403      0.397190172796
   547    -18.002118637476     -6.551225499920      0.990384976751      0.138338706900
   548    -18.991870150762     -6.408425142963     -0.989751513287      0.142800356957
   549    -18.677739318740     -7.357804845913      0.314130832023     -0.949379702950
   550    -17.856639565308     -7.928589564449      0.821099753432     -0.570784718536
   551    -18.659355802184     -8.524950732748     -0.802716236876     -0.596361168299
   552    -18.382678318053     -9.485913567501      0.276677484131     -0.960962834752
   553    -18.045216708963     -8.544574275646      0.337461609090      0.941339291855
   554    -18.413930568556     -9.474117222337     -0.368713859593     -0.929542946692
   555    -18.307056418123    -10.468389778515      0.106874150433     -0.994272556178
   556    -18.909898558179     -9.670529293109     -0.602842140056      0.797860485406
   557    -19.858806712914     -9.354976898287     -0.948908154735      0.315552394822
   558    -18.903977761567     -9.057820922963      0.954828951346      0.297155975324
   559    -19.259794715299     -8.123265255581     -0.355816953731      0.934555667383
   560    -20.044487880440     -7.503380882023     -0.784693165141      0.619884373557
   561    -20.282707826432     -8.474592114110     -0.238219945992     -0.971211232087
   562    -19.472468845688     -9.060691759292      0.810238980744     -0.586099645182
   563    -19.319313052885     -8.072489703470      0.153155792803      0.988202055822
   564    -18.834467669538     -8.947089585844      0.484845383347     -0.874599882373
   565    -18.580739175259     -7.979814107404      0.253728494278      0.967275478440
   566    -19.145458650861     -8.805097036996     -0.564719475601     -0.825282929593
   567    -18.547902422309     -8.003270027150      0.597556228552      0.801827009846
   568    -18.465726469497     -8.999887864026      0.082175952812     -0.996617836876
   569    -19.415316383527     -8.686393055183     -0.949589914031      0.313494808843
   570    -18.547242524515     -9.182828121732      0.868073859012     -0.496435066549
   571    -18.873993083968    -10.127938735310     -0.326750559453     -0.945110613578
   572    -19.762360330378     -9.668805164870     -0.888367246411      0.459133570440
   573    -20.631282649268    -10.163753650811     -0.868922318890     -0.494948485941
   574    -19.832622756246     -9.561970986323      0.798659893022      0.601782664488
   575    -20.076023462623    -10.531896806237     -0.243400706377     -0.969925819914
   576    -21.012195732948    -10.180355229358     -0.936172270325      0.351541576879
   577    -20.491229056760    -11.033932245392      0.520966676188     -0.853577016034
   578    -19.496658957012    -11.138001052854      0.994570099748     -0.104068807462
   579    -20.367415391586    -11.629715636375     -0.870756434574     -0.491714583522
   580    -21.293554400025    -12.006898002145     -0.926139008439     -0.377182365769
   581    -21.179011653595    -13.000316322512      0.114542746430     -0.993418320367
   582    -20.260394588442    -12.605167378935      0.918617065153      0.395148943576
   583    -19.260588963296    -12.624883157570      0.999805625146     -0.019715778634
   584    -18.543453076581    -13.321816525967      0.717135886715     -0.696933368397
   585    -19.276591833593    -14.001895611785     -0.733138757012     -0.680079085818
   586    -19.216975323546    -15.000116965860      0.059616510047     -0.998221354074
   587    -18.349104395097    -14.503327220040      0.867870928450      0.496789745820
   588    -17.555386231136    -15.111612906374      0.793718163960     -0.608285686334
   589    -16.790101211391    -15.755304477356      0.765285019745     -0.643691570982
   590    -17.484539489232    -16.474856753615     -0.694438277841     -0.719552276259
   591    -18.445853381196    -16.199401492064     -0.961313891964      0.275455261551
   592    -17.554909073767    -15.745288905737      0.890944307429      0.454112586327
   593    -17.033429577330    -14.892025092608      0.521479496438      0.853263813129
   594    -16.116713705328    -14.492485344873      0.916715872002      0.399539747735
   595    -17.110390139622    -14.380203806187     -0.993676434293      0.112281538686
   596    -17.171658760794    -15.378325119485     -0.061268621173     -0.998121313298
   597    -17.764264266346    -14.572832279796     -0.592605505551      0.805492839689
   598    -18.685878781058    -14.960938819643     -0.921614514712     -0.388106539847
   599    -18.001381465998    -15.689954200602      0.684497315060     -0.729015380960
   600    -17.248696639877    -16.348335209235      0.752684826120     -0.658381008633
   601    -16.532919187089    -15.650006749212      0.715777452789      0.698328460024
   602    -16.679848262688    -16.639153779103     -0.146929075599     -0.989147029892
   603    -16.062552072885    -17.425884618752      0.617296189803     -0.786730839649
   604    -16.938477070476    -16.943437317388     -0.875924997592      0.482447301365
   605    -17.927516454549    -17.091089262020     -0.989039384072     -0.147651944633
   606    -18.266765012511    -18.031786033525     -0.339248557962     -0.940696771505
   607    -19.234185647931    -17.778611559764     -0.967420635420      0.253174473762
   608    -20.232395029258    -17.838428204862     -0.998209381327     -0.059816645098
   609    -19.307323868560    -18.218222027409      0.925071160698     -0.379793822547
   610    -18.598805181917    -18.923914078291      0.708518686643     -0.705692050882
   611    -17.716685085024    -18.452889519847      0.882120096893      0.471024558444
   612    -18.268352914915    -19.286953429546     -0.551667829891     -0.834063909699
   613    -17.381526535965    -18.824850655698      0.886826378950      0.462102773848
   614    -16.519079857603    -18.318702725757      0.862446678361      0.506147929941
   615    -16.012714673416    -19.181021866356      0.506365184187     -0.862319140599
   616    -16.999768640691    -19.341410350005     -0.987053967275     -0.160388483649
   617    -17.952672021212    -19.644684396686     -0.952903380522     -0.303274046681
   618    -18.021455498660    -18.647052784702     -0.068783477447      0.997631611984
   619    -18.949695929996    -18.275072003436     -0.928240431337      0.371980781267
   620    -19.633479697824    -17.545387305189     -0.683783767828      0.729684698246
   621    -18.819722033803    -18.126591627478      0.813757664021     -0.581204322289
   622    -18.910461121461    -19.122466327413     -0.090739087657     -0.995874699935
   623    -18.810568774179    -18.127468076684      0.099892347282      0.994998250729
   624    -18.294744663139    -18.984162588438      0.515824111040     -0.856694511754
   625    -17.921136354707    -19.911749151445      0.373608308431     -0.927586563007
   626    -18.253362223678    -18.968549293521     -0.332225868971      0.943199857923
   627    -18.217745227982    -19.967914807043      0.035616995696     -0.999365513522
   628    -17.539671515009    -19.232920902460      0.678073712973      0.734993904584
   629    -18.023232985153    -20.108231307169     -0.483561470144     -0.875310404709
   630    -17.095533265326    -20.481558549456      0.927699719827     -0.373327242287
   631    -17.733602905364    -21.251537207901     -0.638069640038     -0.769978658446
   632    -18.257481035451    -22.103330436811     -0.523878130087     -0.851793228910
   633    -19.253928159303    -22.187551154970     -0.996447123852     -0.084220718158
   634    -20.072285613548    -21.612841596078     -0.818357454245      0.574709558892
   635    -19.631061555939    -20.715444620940      0.441224057609      0.897396975138
   636    -20.295566973357    -19.968161173898     -0.664505417417      0.747283447042
   637    -19.785175103824    -20.828103113516      0.510391869533     -0.859941939618
   638    -20.382527938853    -20.026124566120     -0.597352835029      0.801978547396
   639    -21.099526371287    -20.723199345385     -0.716998432434     -0.697074779265
   640    -20.145232495708    -20.424329475653      0.954293875578      0.298869869733
   641    -20.652693502270    -19.562654753487     -0.507461006562      0.861674722166
   642    -19.730633243337    -19.949701105873      0.922060258934     -0.387046352386
   643    -19.012397760314    -19.253900997417      0.718235483023      0.695800108456
   644    -19.130004550688    -20.246961238721     -0.117606790374     -0.993060241304
   645    -19.439934624183    -19.296201884550     -0.309930073495      0.950759354171
   646    -19.489706730858    -18.297441283907     -0.049772106675      0.998760600643
   647    -18.903205809577    -19.107389843592      0.586500921281     -0.809948559685
   648    -18.477467687176    -18.202543419532      0.425738122401      0.904846424060
   649    -19.416375003946    -18.546713509047     -0.938907316769     -0.344170089515
   650    -19.689681876204    -17.584786612877     -0.273306872258      0.961926896171
   651    -19.123621209000    -16.760423027410      0.566060667204      0.824363585467
   652    -20.005587926531    -17.231734717448     -0.881966717532     -0.471311690038
   653    -20.791769715436    -16.613739414234     -0.786181788905      0.617995303214
   654    -19.982705889374    -16.026018625630      0.809063826062      0.587720788604
   655    -20.881905855090    -15.588480716808     -0.899199965716      0.437537908822
   656    -20.177026152068    -14.879153849795      0.704879703023      0.709326867013
   657    -20.772512848471    -15.682519018573     -0.595486696404     -0.803365168778
   658    -20.195446881507    -16.499216557306      0.577065966965     -0.816697538732
   659    -20.848455164689    -15.741865791745     -0.653008283183      0.757350765560
   660    -19.976625829094    -15.252056022962      0.871829335595      0.489809768783
   661    -19.804909425297    -14.266909598989      0.171716403797      0.985146423973
   662    -19.902834141329    -13.271715773651     -0.097924716031      0.995193825338
   663    -20.468578592099    -14.096296404289     -0.565744450770     -0.824580630638
   664    -19.593245634844    -14.579817049084      0.875332957255     -0.483520644795
   665    -19.865316631661    -13.617539868283     -0.272070996817      0.962277180801
   666    -20.259374773509    -12.698454354937     -0.394058141848      0.919085513346
   667    -20.022177124445    -11.726992942796      0.237197649064      0.971461412141
   668    -21.013755341485    -11.856502168306     -0.991578217040     -0.129509225510
   669    -21.283916669775    -12.819317237100     -0.270161328290     -0.962815068794
   670    -20.633208575975    -12.059989260095      0.650708093800      0.759327977005
   671    -21.119173816940    -12.933967397449     -0.485965240965     -0.873978137355
   672    -20.221565228123    -13.374760797221      0.897608588817     -0.440793399772
   673    -20.751040964538    -14.223085879102     -0.529475736415     -0.848325081880
   674    -20.541682566994    -15.200924854280      0.209358397545     -0.977838975178
   675    -21.103375663423    -16.028270528967     -0.561693096429     -0.827345674687
   676    -21.881218701898    -15.399811932482     -0.777843038475      0.628458596485
   677    -20.906844426269    -15.624744746881      0.974374275629     -0.224932814399
   678    -20.415212259664    -14.753941776767      0.491632166606      0.870802970114
   679    -20.656069505103    -13.783381223623     -0.240857245439      0.970560553144
   680    -19.656588127888    -13.751179102571      0.999481377215      0.032202121052
   681    -18.664654750080    -13.624418801250      0.991933377808      0.126760301321
   682    -19.653283428123    -13.774796116535     -0.988628678042     -0.150377315285
   683    -20.034533733648    -12.850324264861     -0.381250305526      0.924471851674
   684    -19.565314865076    -13.733406171241      0.469218868573     -0.883081906380
   685    -19.745898300615    -12.749846502075     -0.180583435540      0.983559669165
   686    -18.846135362225    -13.186225528496      0.899762938390     -0.436379026421
   687    -18.953532750278    -14.180441702696     -0.107397388052     -0.994216174199
   688    -19.864179757102    -14.593626926247     -0.910647006825     -0.413185223551
   689    -20.574103451316    -13.889348324844     -0.709923694213      0.704278601403
   690    -20.008384658194    -14.713946558597      0.565718793122     -0.824598233753
   691    -19.072377993195    -14.361964281943      0.936006664999      0.351982276654
   692    -18.513334487714    -15.191102605131      0.559043505481     -0.829138323188
   693    -18.707416829144    -14.210117363272     -0.194082341430      0.980985241859
   694    -19.528331903893    -13.639067067721     -0.820915074749      0.571050295551
   695    -20.179125270923    -14.398321961304     -0.650793367030     -0.759254893583
   696    -20.736342642762    -13.567955294992     -0.557217371838      0.830366666312
   697    -21.603466617079    -13.069862920865     -0.867123974317      0.498092374127
   698    -20.850126925106    -12.412231330613      0.753339691973      0.657631590252
   699    -21.624873232317    -11.779959111183     -0.774746307211      0.632272219430
   700    -20.800569382206    -11.213811460219      0.824303850111      0.566147650964
   701    -21.637034566821    -11.761831528215     -0.836465184615     -0.548020067997
   702    -20.907954039968    -11.077403602599      0.729080526853      0.684427925616
   703    -21.815956939311    -10.658439720165     -0.908002899343      0.418963882435
   704    -22.778491420178    -10.929599033377     -0.962534480867     -0.271159313212
   705    -23.654926006256    -10.448078092685     -0.876434586079      0.481520940692
   706    -24.443157010146     -9.832698628852     -0.788231003890      0.615379463833
   707    -25.244225342730    -10.431271537136     -0.801068332584     -0.598572908284
   708    -26.148394925884    -10.858445231198     -0.904169583155     -0.427173694061
   709    -25.450926537803    -10.141829680413      0.697468388082      0.716615550785
   710    -24.920792548946    -10.989743563929      0.530133988857     -0.847913883516
   711    -24.634536073534    -11.947896594652      0.286256475411     -0.958153030724
   712    -25.624578085554    -12.088668802267     -0.990042012019     -0.140772207615
   713    -25.874896178228    -11.120505152629     -0.250318092674      0.968163649638
   714    -25.082077029019    -11.729962121289      0.792819149208     -0.609456968660
   715    -25.552874853095    -12.612203249805     -0.470797824076     -0.882241128516
   716    -25.651412542645    -11.617069930225     -0.098537689550      0.995133319580
   717    -24.953009325725    -10.901365419554      0.698403216920      0.715704510672
   718    -24.124403126347    -11.461197328569      0.828606199378     -0.559831909015
   719    -24.915237105529    -12.073228060944     -0.790833979182     -0.612030732375
   720    -24.726996072575    -13.055350921646      0.188241032954     -0.982122860702
   721    -24.212684294967    -12.197747636080      0.514311777608      0.857603285566
   722    -24.613575306466    -11.281621882212     -0.400891011498      0.916125753868
   723    -24.567244747000    -10.282695719145      0.046330559466      0.998926163067
   724    -25.301093174393     -9.603382473570     -0.733848427393      0.679313245575
   725    -24.363829873416     -9.952004768671      0.937263300977     -0.348622295101
   726    -25.315487659019     -9.644844453687     -0.951657785603      0.307160314984
   727    -24.833215147827    -10.520865700546      0.482272511191     -0.876021246860
   728    -24.051321898072     -9.897453360288      0.781893249756      0.623412340258
   729    -24.942544275946    -10.351019974113     -0.891222377874     -0.453566613825
   730    -25.939773497120    -10.276629918089     -0.997229221175      0.074390056024
   731    -26.937014950382    -10.202404020341     -0.997241453262      0.074225897748
   732    -25.984700358009     -9.897286146144      0.952314592373      0.305117874197
   733    -25.047719073615    -10.246665700059      0.936981284395     -0.349379553915
   734    -26.045065646888    -10.173865887010     -0.997346573273      0.072799813050
   735    -25.602278597540     -9.277239081181      0.442787049348      0.896626805828
   736    -25.957715336920     -8.342538741875     -0.355436739380      0.934700339306
   737    -25.299715024645     -9.095556397078      0.658000312275     -0.753017655202
   738    -24.660648737853     -8.326404733824      0.639066286792      0.769151663253
   739    -23.733292231010     -7.952225753635      0.927356506843      0.374178980190
   740    -22.817603974272     -7.550336444903      0.915688256737      0.401889308732
   741    -22.729714555517     -8.546466682407      0.087889418755     -0.996130237505
   742    -22.922401907832     -9.527726884524     -0.192687352315     -0.981260202117
   743    -22.251543964724    -10.269312766380      0.670857943108     -0.741585881857
   744    -23.251540868197    -10.271801348891     -0.999996903474     -0.002488582511
   745    -24.246695238493    -10.173476482850     -0.995154370295      0.098324866041
   746    -23.917914455821     -9.229070215958      0.328780782671      0.944406266893
   747    -23.682769649688     -8.257109866896      0.235144806134      0.971960349062
   748    -22.903146278155     -7.630861195392      0.779623371533      0.626248671503
   749    -23.612179875469     -8.336035895648     -0.709033597314     -0.705174700255
   750    -24.225812790554     -9.125627337802     -0.613632915085     -0.789591442155
   751    -23.604508203977     -8.342058189164      0.621304586577      0.783569148639
   752    -24.156426686470     -9.175956257685     -0.551918482493     -0.833898068521
   753    -24.475270966888     -8.228149143951     -0.318844280419      0.947807113734
   754    -25.370180166215     -7.781900866687     -0.894909199327      0.446248277264
   755    -24.370852170299     -7.745246309269      0.999327995915      0.036654557418
   756    -23.470167223171     -7.310773495371      0.900684947128      0.434472813898
   757    -22.643755467117     -6.747707238651      0.826411756054      0.563066256719
   758    -22.538671513009     -5.753243884581      0.105083954109      0.994463354070
   759    -23.341124520393     -5.156528566410     -0.802453007384      0.596715318171
   760    -24.252844088983     -5.567341696981     -0.911719568590     -0.410813130571
   761    -24.403786043960     -4.578799069560     -0.150941954977      0.988542627421
   762    -25.198768242987     -3.972166311435     -0.794982199027      0.606632758125
   763    -25.802698641045     -4.769203370988     -0.603930398058     -0.797037059553
   764    -26.609351508975     -4.178177863366     -0.806652867930      0.591025507622
   765    -25.620247500663     -4.030959451676      0.989104008312      0.147218411689
   766    -24.694986778330     -3.651627676435      0.925260722333      0.379331775241
   767    -24.438296715414     -2.685133904287      0.256690062916      0.966493772148
   768    -25.201891689333     -3.330829433005     -0.763594973919     -0.645695528718
   769    -24.466025918011     -4.007956870491      0.735865771322     -0.677127437486
   770    -23.679635915187     -4.625687202803      0.786390002824     -0.617730332312
   771    -24.678558707892     -4.579284032486     -0.998922792704      0.046403170317
   772    -25.582589268981     -4.151816203736     -0.904030561089      0.427467828750
   773    -25.377576037031     -5.130575405341      0.205013231950     -0.978759201605
   774    -26.326891655712     -4.816250961288     -0.949315618681      0.314324444052
   775    -25.512755570038     -4.235576840973      0.814136085674      0.580674120315
   776    -24.527369537798     -4.065240798207      0.985386032241      0.170336042766
   777    -23.821656588484     -3.356742927236      0.705712949314      0.708497870971
   778    -22.940014758300     -2.884823778154      0.881641830184      0.471919149081
   779    -23.690526359264     -3.545681052320     -0.750511600964     -0.660857274166
   780    -23.079288153357     -2.754234367041      0.611238205907      0.791446685279
   781    -23.366969847044     -1.796508287664     -0.287681693686      0.957726079376
   782    -22.516561177681     -2.322630987301      0.850408669363     -0.526122699637
   783    -22.023888670084     -1.452416186084      0.492672507597      0.870214801217
   784    -22.848387722746     -0.886552852618     -0.824499052662      0.565863333465
   785    -22.597859301058      0.081556392212      0.250528421687      0.968109244831
   786    -21.917991895071      0.814891452247      0.679867405987      0.733335060035
   787    -21.171893749493      1.480727435929      0.746098145578      0.665835983681
   788    -21.638181612354      0.596094388305     -0.466287862861     -0.884633047624
   789    -20.714785347769      0.979942455319      0.923396264585      0.383848067015
   790    -21.692093550389      1.191764732457     -0.977308202620      0.211822277137
   791    -22.652101445569      1.471737661849     -0.960007895180      0.279972929392
   792    -23.646236879560      1.579879877861     -0.994135433991      0.108142216013
   793    -24.358332809812      2.281962056896     -0.712095930253      0.702082179034
   794    -25.144800197390      1.664330250495     -0.786467387577     -0.617631806401
   795    -26.104522498013      1.945280612098     -0.959722300624      0.280950361603
   796    -25.735356733670      1.015917045760      0.369165764343     -0.929363566338
   797    -26.438449777818      0.304819182403     -0.703093044148     -0.711097863357
   798    -26.808098339195      1.233990824821     -0.369648561377      0.929171642417
   799    -25.991661104243      1.811425012745      0.816437234952      0.577434187925
   800    -24.992329530150      1.774868138956      0.999331574093     -0.036556873789
   801    -25.138525483561      0.785612487870     -0.146195953410     -0.989255651086
   802    -24.771917680475     -0.144763091516      0.366607803086     -0.930375579385
   803    -24.045226088660      0.542200757886      0.726691591815      0.686963849402
   804    -23.616600975560      1.445683194030      0.428625113100      0.903482436144
   805    -24.498601432518      1.916931741960     -0.882000456958      0.471248547930
   806    -25.432667768961      1.559832205243     -0.934066336443     -0.357099536717
   807    -25.135990313814      0.604854463299      0.296677455146     -0.954977741944
   808    -26.132966511001      0.527146920273     -0.996976197187     -0.077707543027
   809    -25.249601590089      0.995832760150      0.883364920912      0.468685839877
   810    -24.647948986732      1.794590636402      0.601652603357      0.798757876252
   811    -25.206187807030      2.624270948035     -0.558238820298      0.829680311634
   812    -24.327990846561      3.102570120754      0.878196960469      0.478299172719
   813    -23.432761489465      3.548175773986      0.895229357097      0.445605653232
   814    -22.776389842762      2.793738061909      0.656371646703     -0.754437712077
   815    -21.832171961195      2.464416650323      0.944217881567     -0.329321411586
   816    -20.966093340489      2.964324464581      0.866078620706      0.499907814257
   817    -19.966644673248      2.931122634034      0.999448667240     -0.033201830547
   818    -18.976093241477      3.068264389220      0.990551431771      0.137141755186
   819    -18.186415620042      2.454742381297      0.789677621434     -0.613522007923
   820    -19.117476993625      2.089879778907     -0.931061373582     -0.364862602390
   821    -18.316552707926      2.688645416346      0.800924285699      0.598765637439
   822    -18.693617971743      3.614832107474     -0.377065263817      0.926186691128
   823    -19.491898066804      3.012545722247     -0.798280095061     -0.602286385227
   824    -20.360315875085      3.508378869848     -0.868417808281      0.495833147601
   825    -20.662407121762      4.461657883926     -0.302091246676      0.953279014078
   826    -21.459634974820      5.065336399618     -0.797227853058      0.603678515692
   827    -22.002150648420      5.905382079268     -0.542515673600      0.840045679650
   828    -21.629614111482      4.977364553223      0.372536536938     -0.928017526045
   829    -22.536512756237      5.398713396987     -0.906898644755      0.421348843764
   830    -23.321115919686      6.018711684006     -0.784603163449      0.619998287018
   831    -24.002714147022      5.286985057121     -0.681598227336     -0.731726626885
   832    -24.692957020936      4.563407296952     -0.690242873914     -0.723577760169
   833    -24.647465953687      3.564442551428      0.045491067249     -0.998964745524
   834    -24.490125419313      2.576898144202      0.157340534374     -0.987544407226
   835    -24.492041817775      1.576899980495     -0.001916398463     -0.999998163707
   836    -24.007097950476      0.702354701182      0.484943867299     -0.874545279313
   837    -23.910723704031     -0.292990467401      0.096374246445     -0.995345168583
   838    -24.850193687531      0.049640748487     -0.939469983501      0.342631215888
   839    -24.070594459353     -0.576637978139      0.779599228178     -0.626278726626
   840    -24.441924487580      0.351862969700     -0.371330028226      0.928500947839
   841    -24.562388319189     -0.640854747113     -0.120463831610     -0.992717716813
   842    -24.728542256771     -1.626954574223     -0.166153937582     -0.986099827110
   843    -24.655528044333     -2.624285474567      0.073014212438     -0.997330900345
   844    -24.632837280468     -3.624028006040      0.022690763866     -0.999742531473
   845    -25.559607880039     -3.248400190548     -0.926770599571      0.375627815492
   846    -26.488243622685     -2.877407390779     -0.928635742646      0.370992799769
   847    -26.459939603210     -1.877808029794      0.028304019474      0.999599360985
   848    -25.728701780279     -2.559930633374      0.731237822931     -0.682122603581
   849    -26.553249201308     -1.994137782169     -0.824547421029      0.565792851205
   850    -25.917370100750     -1.222349100292      0.635879100558      0.771788681877
   851    -25.289065472316     -2.000316512133      0.628304628434     -0.777967411842
   852    -24.915539310150     -1.072696866925      0.373526162166      0.927619645209
   853    -24.065401436226     -0.546136713361      0.850137873924      0.526560153563
   854    -24.871586879893     -1.137799649854     -0.806185443667     -0.591662936493
   855    -24.003033229091     -1.633394802855      0.868553650802     -0.495595153001
   856    -24.690479910413     -2.359629654910     -0.687446681322     -0.726234852055
   857    -23.831283030788     -2.871274768287      0.859196879625     -0.511645113377
   858    -23.400401947452     -3.773683485014      0.430881083336     -0.902408716726
   859    -22.406710984342     -3.661530599034      0.993690963110      0.112152885980
   860    -21.456825369131     -3.974128292588      0.949885615211     -0.312597693554
   861    -21.457885688930     -4.974127730449     -0.001060319799     -0.999999437861
   862    -22.402165778305     -4.644984732938     -0.944280089375      0.329142997511
   863    -23.224446135757     -5.214067340078     -0.822280357452     -0.569082607139
   864    -24.083403308916     -4.702019906065     -0.858957173159      0.512047434013
   865    -25.041478995091     -4.415504671637     -0.958075686176      0.286515234427
   866    -24.499356326810     -3.575205312757      0.542122668281      0.840299358881
   867    -24.273009625981     -2.601158511508      0.226346700829      0.974046801249
   868    -23.453147767922     -2.028597131653      0.819861858058      0.572561379855
   869    -24.291941460025     -2.573046525158     -0.838793692103     -0.544449393505
   870    -24.871553697847     -3.387938943682     -0.579612237821     -0.814892418524
   871    -25.661113169437     -2.774264892722     -0.789559471590      0.613674050960
   872    -24.948934892056     -2.072266245125      0.712178277380      0.701998647597
   873    -24.133474394574     -2.651078975675      0.815460497482     -0.578812730550
   874    -24.226345201927     -3.646757143127     -0.092870807352     -0.995678167453
   875    -24.389707244392     -4.633323331014     -0.163362042465     -0.986566187887
   876    -25.244564008488     -4.114459270899     -0.854856764096      0.518864060115
   877    -26.232639947433     -4.268426601456     -0.988075938945     -0.153967330557
   878    -25.475303951146     -4.921452013463      0.757335996287     -0.653025412007
   879    -24.839591653695     -5.693378094685      0.635712297450     -0.771926081222
   880    -23.981531317603     -6.206926981964      0.858060336092     -0.513548887279
   881    -23.576275558442     -5.292723629494      0.405255759161      0.914203352470
   882    -24.573031509768     -5.373207003536     -0.996755951326     -0.080483374042
   883    -23.675893414667     -4.931456804533      0.897138095101      0.441750199003
   884    -24.231490215393     -5.762908664248     -0.555596800727     -0.831451859714
   885    -24.280907844056     -6.761686866842     -0.049417628662     -0.998778202594
   886    -24.450996519845     -5.776258106166     -0.170088675789      0.985428760676
   887    -24.433992889118     -6.776113533986      0.017003630727     -0.999855427820
   888    -23.434825711142     -6.735309729556      0.999167177976      0.040803804430
   889    -23.003536014903     -7.637523228634      0.431289696239     -0.902213499078
   890    -23.164482727180     -6.650560131144     -0.160946712276      0.986963097490
   891    -23.696792115442     -7.497110020499     -0.532309388262     -0.846549889356
   892    -24.684637844417     -7.341672522626     -0.987845728975      0.155437497874
   893    -24.138634012784     -8.179455200796      0.546003831633     -0.837782678170
   894    -23.460602861044     -7.444422033333      0.678031151740      0.735033167463
   895    -22.671668621104     -6.829944397409      0.788934239940      0.614477635924
   896    -23.507024825543     -7.379653421991     -0.835356204438     -0.549709024581
   897    -22.527869968909     -7.176538265662      0.979154856634      0.203115156328
   898    -23.028547774625     -6.310904547012     -0.500677805716      0.865633718650
   899    -22.598812733735     -7.213859581680      0.429735040890     -0.902955034668
   900    -21.709218432517     -7.670611132570      0.889594301218     -0.456751550890
   901    -22.494679432040     -8.289522287929     -0.785460999523     -0.618911155360
   902    -21.827514000992     -9.034431871447      0.667165431047     -0.744909583517
   903    -21.930794268253    -10.029084165665     -0.103280267261     -0.994652294219
   904    -22.570057944511    -10.798071780791     -0.639263676258     -0.768987615126
   905    -21.673793777082    -11.241592402840      0.896264167429     -0.443520622049
   906    -22.387309184313    -10.540952863816     -0.713515407231      0.700639539024
   907    -23.223952415992    -11.088701075028     -0.836643231679     -0.547748211211
   908    -22.976325090488    -10.119845715511      0.247627325505      0.968855359516
   909    -23.412790900867    -11.019566559090     -0.436465810379     -0.899720843579
   910    -22.490094003614    -10.634040378656      0.922696897253      0.385526180434
   911    -23.076941280508     -9.824342735333     -0.586847276894      0.809697643322
   912    -23.825058406050     -9.160776034487     -0.748117125541      0.663566700846
   913    -23.574542886941     -8.192663450804      0.250515519108      0.968112583683
   914    -22.579095465958     -8.097351163778      0.995447420983      0.095312287026
   915    -23.498650662524     -7.704390299989     -0.919555196565      0.392960863788
   916    -24.409871652624     -7.292472459637     -0.911220990101      0.411917840352
   917    -25.027841326948     -8.078674394013     -0.617969674324     -0.786201934375
   918    -24.206549934143     -8.649183331807      0.821291392806     -0.570508937794
   919    -24.877902439450     -7.908045143871     -0.671352505307      0.741138187937
   920    -24.555385613969     -6.961481412640      0.322516825481      0.946563731231
   921    -23.683942929113     -7.451978759229      0.871442684856     -0.490497346589
   922    -23.031277244912     -8.209624787838      0.652665684201     -0.757646028608
   923    -22.247836408075     -7.588158412900      0.783440836836      0.621466374937
   924    -22.984673278776     -8.264228990559     -0.736836870701     -0.676070577659
   925    -23.456597157419     -9.145868289120     -0.471923878643     -0.881639298561
   926    -24.452905862975     -9.231710954691     -0.996308705556     -0.085842665571
   927    -25.358310147341     -9.656261401461     -0.905404284366     -0.424550446769
   928    -26.120571297232    -10.303531004770     -0.762261149890     -0.647269603309
   929    -26.004111803801     -9.310335562578      0.116459493431      0.993195442191
   930    -26.520392321886     -8.453916023657     -0.516280518085      0.856419538921
   931    -25.774627830530     -9.120125692930      0.745764491356     -0.666209669273
   932    -25.871756931144     -8.124853902004     -0.097129100615      0.995271790926
   933    -25.449582856466     -9.031368684381      0.422174074678     -0.906514782378
   934    -25.969225077896     -8.176984718177     -0.519642221430      0.854383966204
   935    -26.954551444491     -8.347665564471     -0.985326366595     -0.170680846294
   936    -26.761223590352     -9.328799775889      0.193327854140     -0.981134211417
   937    -26.171439370730    -10.136360655504      0.589784219622     -0.807560879615
   938    -26.362745725930     -9.154830279784     -0.191306355200      0.981530375719
   939    -27.027939847965     -8.408159816989     -0.665194122035      0.746670462795
   940    -28.025888181714     -8.344135421902     -0.997948333750      0.064024395087
   941    -29.023465288000     -8.413704934006     -0.997577106286     -0.069569512104
   942    -29.219949543629     -9.394211913732     -0.196484255628     -0.980506979725
   943    -30.021437241145     -8.796200650685     -0.801487697516      0.598011263047
   944    -29.106584456430     -9.199988196678      0.914852784715     -0.403787545993
   945    -28.784640093217     -8.253229607071      0.321944363213      0.946758589607
   946    -29.574908296883     -8.865990707561     -0.790268203666     -0.612761100491
   947    -30.056767855455     -9.742239168794     -0.481859558573     -0.876248461232
   948    -30.745445416158     -9.017171435831     -0.688677560703      0.725067732963
   949    -30.340184286246     -9.931372407490      0.405261129912     -0.914200971659
   950    -29.741914381939     -9.130077754070      0.598269904308      0.801294653420
   951    -28.890263529250     -8.605968199573      0.851650852689      0.524109554496
   952    -29.819152759117     -8.976325862700     -0.928889229867     -0.370357663127
   953    -29.707868374230     -9.970114464809      0.111284384887     -0.993788602108
   954    -30.657147436652    -10.284549293743     -0.949279062422     -0.314434828935
   955    -31.397746078058    -10.956496949702     -0.740598641406     -0.671947655959
   956    -32.021376755809    -11.738216066627     -0.623630677752     -0.781719116926
   957    -32.489995648196    -10.854815628718     -0.468618892387      0.883400437909
   958    -32.671252367707    -11.838251443417     -0.181256719511     -0.983435814699
   959    -33.632843415634    -12.112737611642     -0.961591047927     -0.274486168226
   960    -32.726468880543    -11.690262521088      0.906374535091      0.422475090555
   961    -33.587305138400    -12.199144567499     -0.860836257857     -0.508882046411
   962    -34.516116102874    -12.569698466780     -0.928810964474     -0.370553899281
   963    -33.696521758966    -13.142642714883      0.819594343908     -0.572944248103
   964    -32.984838178112    -13.845142879112      0.711683580854     -0.702500164230
   965    -33.983115978493    -13.903806609524     -0.998277800381     -0.058663730412
   966    -34.178457230890    -12.923071275649     -0.195341252397      0.980735333876
   967    -35.042021273469    -13.427310449421     -0.863564042578     -0.504239173772
   968    -34.709427222576    -14.370380540830      0.332594050892     -0.943070091409
   969    -34.515243958287    -15.351345810282      0.194183264289     -0.980965269452
   970    -33.801922252101    -16.052182555525      0.713321706186     -0.700836745243
   971    -32.831882276975    -16.295127912876      0.970039975126     -0.242945357351
   972    -33.510390480109    -17.029720737699     -0.678508203133     -0.734592824823
   973    -33.034694928085    -16.150110743562      0.475695552023      0.879609994137
   974    -33.636966663000    -15.351819595344     -0.602271734914      0.798291148218
   975    -33.524960884251    -14.358112040010      0.112005778749      0.993707555334
   976    -34.101989907180    -13.541388398441     -0.577029022929      0.816723641569
   977    -34.979171400453    -13.061229437409     -0.877181493273      0.480158961032
   978    -35.759367881943    -12.435694905771     -0.780196481490      0.625534531638
   979    -36.579123927707    -13.008407770506     -0.819756045764     -0.572712864735
   980    -37.274958776358    -13.726609596878     -0.695834848651     -0.718201826371
   981    -36.900707947644    -12.799282083424      0.374250828714      0.927327513453
   982    -37.900663106205    -12.808752081662     -0.999955158561     -0.009469998238
   983    -38.527234160917    -13.588116382485     -0.626571054712     -0.779364300823
   984    -38.755771397948    -14.561651554572     -0.228537237031     -0.973535172087
   985    -39.627209086914    -15.052157777009     -0.871437688966     -0.490506222437
   986    -38.713961405501    -14.644752975377      0.913247681414      0.407404801632
   987    -39.400962998850    -13.918097065929     -0.687001593350      0.726655909448
   988    -38.591110589589    -14.504730746528      0.809852409262     -0.586633680599
   989    -39.375853111321    -13.884908857124     -0.784742521732      0.619821889405
   990    -40.371780929560    -13.975063063117     -0.995927818239     -0.090154205994
   991    -41.247608977121    -13.492439782385     -0.875828047561      0.482623280732
   992    -41.905249601822    -14.245771587596     -0.657640624701     -0.753331805211
   993    -41.499248121023    -15.159644006257      0.406001480800     -0.913872418661
   994    -41.302370277065    -14.179215980057      0.196877843957      0.980428026200
   995    -41.188051845815    -15.172660138667      0.114318431250     -0.993444158610
   996    -40.339389832954    -14.643724615256      0.848662012861      0.528935523411
   997    -39.501085506448    -15.188927197936      0.838304326506     -0.545202582681
   998    -40.398326009285    -14.747385036791     -0.897240502837      0.441542161145
   999    -41.219908585522    -15.317474565220     -0.821582576237     -0.570089528429
  1000    -42.148759269363    -14.947020239928     -0.928850683841      0.370454325292
