# File chua thong tin toa do tai lan chay thu 15
##########################################################################################
#  Step                   x                   y            delta_x            delta_y
     1      0.000000000000      0.000000000000      0.000000000000      0.000000000000
     2     -0.251449878589      0.967870321147     -0.251449878589      0.967870321147
     3      0.254128144967      1.830651209958      0.505578023556      0.862780888811
     4     -0.541165273271      2.436875903374     -0.795293418238      0.606224693416
     5     -0.285718524790      1.470052776484      0.255446748481     -0.966823126891
     6     -0.702674286043      2.378979557450     -0.416955761253      0.908926780966
     7     -1.184202155265      1.502548778003     -0.481527869222     -0.876430779447
     8     -1.896652566394      0.800826317423     -0.712450411129     -0.701722460579
     9     -2.327204532859      1.703392106811     -0.430551966464      0.902565789388
    10     -2.104725825681      0.728454557605      0.222478707177     -0.974937549206
    11     -3.063166615592      1.013746079099     -0.958440789910      0.285291521494
    12     -2.162326887017      1.447897876771      0.900839728574      0.434151797672
    13     -1.906805959583      0.481094351931      0.255520927434     -0.966803524840
    14     -2.510121691948     -0.316408078837     -0.603315732364     -0.797502430769
    15     -2.946329095210      0.583438075424     -0.436207403262      0.899846154261
    16     -2.193277360202     -0.074523233774      0.753051735008     -0.657961309198
    17     -1.679744937630      0.783546956226      0.513532422572      0.858070190000
    18     -2.465072199660      1.402627800311     -0.785327262030      0.619080844085
    19     -3.119425644014      0.646438954941     -0.654353444354     -0.756188845370
    20     -2.546090310496     -0.172881858501      0.573335333518     -0.819320813442
    21     -2.041924631289     -1.036488810714      0.504165679206     -0.863606952213
    22     -2.442759767344     -0.120338608125     -0.400835136054      0.916150202589
    23     -1.544909189711     -0.560638892299      0.897850577633     -0.440300284174
    24     -1.998970345618     -1.451609411843     -0.454061155907     -0.890970519544
    25     -1.288031295519     -0.748355782599      0.710939050099      0.703253629244
    26     -1.005756461664      0.210977797639      0.282274833855      0.959333580238
    27     -1.324789924324      1.158721249056     -0.319033462660      0.947743451417
    28     -2.322895522850      1.220245343452     -0.998105598526      0.061524094396
    29     -2.743285403904      0.312901776821     -0.420389881054     -0.907343566631
    30     -1.747178828712      0.224744582791      0.996106575192     -0.088157194029
    31     -1.071086714154     -0.512072526560      0.676092114557     -0.736817109352
    32     -0.419824033078      0.246779843955      0.651262681077      0.758852370515
    33     -1.221430993625      0.844631230842     -0.801606960547      0.597851386887
    34     -0.324935074151      0.401579240250      0.896495919473     -0.443051990592
    35      0.498074055630      0.969607384180      0.823009129781      0.568028143931
    36      1.484480926879      1.133928668109      0.986406871249      0.164321283928
    37      0.523922950772      1.412008466973     -0.960557976107      0.278079798865
    38     -0.228925688070      0.753814781958     -0.752848638842     -0.658193685016
    39      0.209547834172      1.652558889194      0.438473522242      0.898744107237
    40      1.185292547117      1.433647365605      0.975744712945     -0.218911523589
    41      2.147087039383      1.159874915115      0.961794492266     -0.273772450490
    42      2.903789414833      0.506115391293      0.756702375450     -0.653759523822
    43      2.926539893246     -0.493625783078      0.022750478413     -0.999741174371
    44      3.260701483121     -1.436141582337      0.334161589875     -0.942515799259
    45      3.981936086686     -2.128832456118      0.721234603565     -0.692690873782
    46      4.081151161669     -1.133766443787      0.099215074983      0.995066012331
    47      4.521966721028     -0.236168737336      0.440815559359      0.897597706452
    48      3.882204223850      0.532403931450     -0.639762497178      0.768572668786
    49      4.582550529103      1.246207162542      0.700346305253      0.713803231092
    50      3.661623189269      0.856472849521     -0.920927339834     -0.389734313021
    51      3.616360834406      1.855447983962     -0.045262354863      0.998975134441
    52      3.391520236199      2.829843542962     -0.224840598207      0.974395559000
    53      2.469916322702      2.441711829974     -0.921603913497     -0.388131712988
    54      1.614842108931      1.923206199394     -0.855074213772     -0.518505630580
    55      2.424458378068      2.510165735264      0.809616269137      0.586959535870
    56      1.772762221218      1.751685597655     -0.651696156849     -0.758480137609
    57      1.232547196579      0.910158576607     -0.540215024640     -0.841527021048
    58      1.117740244041      1.903546397978     -0.114806952538      0.993387821371
    59      0.489998839533      2.681968345938     -0.627741404508      0.778421947960
    60      1.035606829190      1.843927820890      0.545607989657     -0.838040525048
    61      1.927876559846      1.392425076984      0.892269730656     -0.451502743906
    62      2.918743242012      1.527270240686      0.990866682166      0.134845163702
    63      2.701924967347      2.503482223696     -0.216818274665      0.976211983009
    64      2.161387419697      1.662162332346     -0.540537547650     -0.841319891350
    65      1.767930094127      2.581505213406     -0.393457325570      0.919342881060
    66      2.242804962586      1.701451885870      0.474874868459     -0.880053327535
    67      2.932530160630      0.977380652370      0.689725198044     -0.724071233500
    68      3.775193054225      1.515822151288      0.842662893595      0.538441498919
    69      4.488070440750      2.217110844895      0.712877386525      0.701288693607
    70      5.322541794372      2.768162167355      0.834471353622      0.551051322460
    71      4.574914546936      2.104043579382     -0.747627247436     -0.664118587973
    72      5.223964557335      1.343297837361      0.649050010398     -0.760745742020
    73      6.069923442643      1.876545963816      0.845958885308      0.533248126455
    74      7.033103856341      2.145401855825      0.963180413698      0.268855892009
    75      7.846928316590      1.564291067850      0.813824460249     -0.581110787975
    76      8.113162347167      0.600382648464      0.266234030578     -0.963908419386
    77      7.130399191395      0.785251736353     -0.982763155772      0.184869087889
    78      7.716252253049     -0.025165557485      0.585853061653     -0.810417293838
    79      8.424989189014     -0.730638417061      0.708736935965     -0.705472859576
    80      7.428754119042     -0.817331469595     -0.996235069972     -0.086693052534
    81      6.942454868298     -1.691123801174     -0.486299250744     -0.873792331579
    82      6.365618739836     -0.874263910556     -0.576836128462      0.816859890618
    83      7.251355575743     -1.338451650073      0.885736835907     -0.464187739517
    84      6.289655905265     -1.612557001722     -0.961699670478     -0.274105351649
    85      6.065227843253     -2.587047660980     -0.224428062012     -0.974490659258
    86      5.323816967240     -3.258099009932     -0.741410876013     -0.671051348952
    87      5.854713981667     -4.105535355667      0.530897014427     -0.847436345735
    88      5.171503959803     -4.835757284962     -0.683210021864     -0.730221929296
    89      5.775554181232     -5.632703537850      0.604050221429     -0.796946252887
    90      6.475734838934     -4.918737819779      0.700180657702      0.713965718071
    91      5.611290945942     -5.421467126534     -0.864443892991     -0.502729306755
    92      6.076920404876     -6.306446904254      0.465629458934     -0.884979777720
    93      6.221682442613     -7.295913403146      0.144762037737     -0.989466498892
    94      7.108078612302     -7.758840860055      0.886396169689     -0.462927456909
    95      7.090792044595     -6.758990283930     -0.017286567708      0.999850576125
    96      6.734768287894     -7.693467188227     -0.356023756701     -0.934476904297
    97      6.470326796528     -6.729065457804     -0.264441491366      0.964401730424
    98      6.310494752333     -7.716209681131     -0.159832044195     -0.987144223327
    99      5.640177736810     -8.458284541709     -0.670317015522     -0.742074860578
   100      6.289627255826     -7.697879832195      0.649449519016      0.760404709513
   101      5.717252419897     -6.877887730285     -0.572374835929      0.819992101910
   102      5.602434954286     -7.871274336592     -0.114817465612     -0.993386606307
   103      6.521892961416     -8.264462552494      0.919458007130     -0.393188215902
   104      7.270326986715     -8.927671802863      0.748434025299     -0.663209250369
   105      6.537716377844     -8.247023805900     -0.732610608872      0.680647996962
   106      7.197246038609     -7.495345266516      0.659529660766      0.751678539384
   107      8.096944108225     -7.931858019515      0.899698069615     -0.436512752998
   108      8.856736926225     -8.582023285978      0.759792818000     -0.650165266464
   109      8.505821724994     -7.645616044686     -0.350915201231      0.936407241292
   110      9.468979721043     -7.914552235345      0.963157996049     -0.268936190659
   111     10.468667811200     -7.939526670246      0.999688090157     -0.024974434901
   112      9.544235117107     -7.558181427597     -0.924432694093      0.381345242650
   113     10.464806018786     -7.167605935558      0.920570901679      0.390575492039
   114     10.024181972897     -6.269914201061     -0.440624045889      0.897691734497
   115     10.943787860643     -5.877071979269      0.919605887746      0.392842221792
   116     10.378703597288     -6.702105175758     -0.565084263355     -0.825033196488
   117     10.370225139758     -5.702141118525     -0.008478457530      0.999964057233
   118     10.613217143438     -4.732112827108      0.242992003680      0.970028291416
   119      9.933982463337     -3.998191680562     -0.679234680101      0.733921146546
   120     10.922460741831     -3.846828894700      0.988478278495      0.151362785862
   121     11.757417202634     -4.397144902613      0.834956460802     -0.550316007912
   122     12.084698085332     -5.342072002351      0.327280882698     -0.944927099739
   123     11.176575040210     -5.760775399661     -0.908123045122     -0.418703397309
   124     10.183573480730     -5.878876639580     -0.993001559480     -0.118101239920
   125      9.725271740434     -4.990079972822     -0.458301740296      0.888796666759
   126     10.693574057339     -5.239861123181      0.968302316906     -0.249781150360
   127     10.426046498304     -4.276310914237     -0.267527559035      0.963550208944
   128     10.480140588642     -5.274846757054      0.054094090337     -0.998535842817
   129     10.142115851785     -6.215983982581     -0.338024736857     -0.941137225527
   130     10.646411585904     -5.352452968344      0.504295734119      0.863531014237
   131     11.366571138839     -6.046261456557      0.720159552935     -0.693808488213
   132     12.121484386004     -6.702086120056      0.754913247165     -0.655824663499
   133     11.429647060800     -7.424139522136     -0.691837325204     -0.722053402080
   134     10.576582485543     -7.945944878988     -0.853064575258     -0.521805356853
   135     11.251354203073     -8.683971388825      0.674771717530     -0.738026509836
   136     10.324063648996     -8.309628994325     -0.927290554077      0.374342394499
   137     11.191762653843     -8.806718963030      0.867699004847     -0.497089968705
   138     12.077919019457     -8.343332627796      0.886156365614      0.463386335234
   139     13.037773555209     -8.062834374333      0.959854535752      0.280498253463
   140     13.353965447517     -7.114139119133      0.316191892308      0.948695255200
   141     14.241661915021     -7.574568246776      0.887696467504     -0.460429127642
   142     15.241490470117     -7.593084737081      0.999828555097     -0.018516490306
   143     14.337489983404     -7.165553311310     -0.904000486713      0.427531425772
   144     14.730254522128     -8.085192380250      0.392764538724     -0.919639068940
   145     15.204646551392     -8.965506075799      0.474392029264     -0.880313695549
   146     15.883445751246     -9.699830014042      0.678799199854     -0.734323938244
   147     16.562544250210     -8.965782857039      0.679098498964      0.734047157003
   148     15.831111698501     -9.647696650931     -0.731432551710     -0.681913793892
   149     14.860731843786     -9.889280875509     -0.970379854714     -0.241584224578
   150     13.937583116582    -10.273723884889     -0.923148727204     -0.384443009381
   151     14.514570493657     -9.456970821414      0.576987377075      0.816753063476
   152     15.253847893395     -8.783569806983      0.739277399738      0.673401014431
   153     15.496409674118     -9.753705767832      0.242561780723     -0.970135960849
   154     16.340913568743    -10.289255179150      0.844503894625     -0.535549411318
   155     16.406554042460    -11.287098517661      0.065640473718     -0.997843338511
   156     17.399530873038    -11.405407494224      0.992976830578     -0.118308976563
   157     18.382491903524    -11.221593423637      0.982961030486      0.183814070587
   158     18.025387807813    -12.155658017135     -0.357104095711     -0.934064593498
   159     19.010745597149    -12.326157363161      0.985357789336     -0.170499346026
   160     19.138065578144    -13.318019058378      0.127319980995     -0.991861695217
   161     18.935135094990    -14.297212205314     -0.202930483155     -0.979193146936
   162     18.255582190720    -15.030838711309     -0.679552904269     -0.733626505995
   163     19.225925766109    -14.789108808935      0.970343575389      0.241729902374
   164     18.503945341385    -15.481022290749     -0.721980424724     -0.691913481813
   165     18.999455372825    -16.349624506232      0.495510031441     -0.868602215483
   166     18.234120528301    -15.705992176592     -0.765334844524      0.643632329639
   167     17.778247967323    -14.815947116976     -0.455872560978      0.890045059616
   168     18.771956779658    -14.927941743134      0.993708812335     -0.111994626158
   169     17.784073201096    -14.772744980253     -0.987883578561      0.155196762881
   170     17.224416898729    -15.601469797802     -0.559656302367     -0.828724817548
   171     17.526449888909    -16.554767271229      0.302032990180     -0.953297473427
   172     17.973678359308    -17.449187024625      0.447228470399     -0.894419753396
   173     17.628384082242    -16.510692558884     -0.345294277066      0.938494465740
   174     16.628533721923    -16.527991604241     -0.999850360319     -0.017299045357
   175     15.632790263615    -16.620159739927     -0.995743458309     -0.092168135685
   176     16.318183947188    -17.348332451938      0.685393683573     -0.728172712011
   177     15.540773214063    -16.719339167378     -0.777410733125      0.628993284561
   178     16.263393510864    -17.410584353003      0.722620296802     -0.691245185625
   179     15.263483093793    -17.397199367712     -0.999910417072      0.013384985291
   180     14.444668531263    -17.971257476433     -0.818814562530     -0.574058108721
   181     14.706132921745    -18.936470599277      0.261464390483     -0.965213122844
   182     14.083652227044    -19.719105753563     -0.622480694701     -0.782635154286
   183     13.262856169127    -19.147884403027     -0.820796057917      0.571221350536
   184     13.795444671723    -18.301510084595      0.532588502597      0.846374318432
   185     14.357411405275    -17.474350250959      0.561966733552      0.827159833636
   186     13.357412819585    -17.476032100547     -0.999998585690     -0.001681849588
   187     12.610043033101    -18.140440410437     -0.747369786484     -0.664408309890
   188     11.967260166100    -17.374391987757     -0.642782867001      0.766048422680
   189     11.207068792709    -16.724692768254     -0.760191373391      0.649699219502
   190     11.999415966071    -16.114622315876      0.792347173362      0.610070452378
   191     12.798672773126    -16.715611963356      0.799256807054     -0.600989647479
   192     13.693974888406    -17.161071414231      0.895302115281     -0.445459450875
   193     14.637506573440    -16.829789118691      0.943531685033      0.331282295540
   194     15.253821730220    -17.617288723467      0.616315156780     -0.787499604776
   195     14.274467283910    -17.819439331906     -0.979354446310     -0.202150608439
   196     15.274457553136    -17.815027818258      0.999990269226      0.004411513648
   197     14.302764127900    -17.578782421791     -0.971693425237      0.236245396467
   198     14.573282476500    -16.616067602610      0.270518348601      0.962714819181
   199     15.254972504643    -17.347708706930      0.681690028142     -0.731641104320
   200     14.321423584837    -16.989258690431     -0.933548919806      0.358450016499
   201     13.517739824496    -16.394202043241     -0.803683760341      0.595056647190
   202     12.808516021141    -17.099185445000     -0.709223803355     -0.704983401759
   203     11.962756714996    -17.632750057834     -0.845759306145     -0.533564612834
   204     11.327559514890    -16.860400061408     -0.635197200105      0.772349996425
   205     12.196910511101    -17.354595210503      0.869350996210     -0.494195149094
   206     11.209323629871    -17.511668925756     -0.987586881229     -0.157073715254
   207     12.039313671971    -18.069447134379      0.829990042100     -0.557778208623
   208     12.406935473016    -18.999422516525      0.367621801045     -0.929975382145
   209     11.407280912957    -19.025704840502     -0.999654560059     -0.026282323978
   210     11.322633520351    -20.022115809393     -0.084647392606     -0.996410968890
   211     10.389928355930    -20.382755624531     -0.932705164421     -0.360639815138
   212      9.398834102021    -20.249593393141     -0.991094253909      0.133162231390
   213     10.160551924068    -20.897502306165      0.761717822047     -0.647908913024
   214      9.162765463135    -20.964001767666     -0.997786460932     -0.066499461501
   215      9.259233316743    -19.968665667035      0.096467853608      0.995336100632
   216      8.548979752865    -20.672611598906     -0.710253563878     -0.703945931872
   217      8.447759296836    -21.667475619404     -0.101220456029     -0.994864020498
   218      9.437862294757    -21.527132990423      0.990102997920      0.140342628981
   219      9.471680945900    -20.527705004606      0.033818651144      0.999427985817
   220      9.887811543102    -19.618400145896      0.416130597201      0.909304858710
   221      9.888664699352    -20.618399781958      0.000853156251     -0.999999636062
   222     10.766888402661    -21.096649849336      0.878223703308     -0.478250067378
   223      9.805283764793    -20.822211294408     -0.961604637868      0.274438554929
   224      9.528228855568    -19.861357207007     -0.277054909224      0.960854087401
   225     10.140429367106    -19.070654649990      0.612200511538      0.790702557017
   226     10.037582780174    -18.075957419896     -0.102846586932      0.994697230094
   227     10.206576261277    -17.090340251141      0.168993481102      0.985617168755
   228      9.397680256181    -17.678291994858     -0.808896005096     -0.587951743717
   229      8.626219144455    -17.042015519500     -0.771461111726      0.636276475359
   230      8.859542374499    -18.014414753520      0.233323230044     -0.972399234020
   231      9.101347907286    -17.044090022147      0.241805532787      0.970324731373
   232     10.069863640673    -16.795137668909      0.968515733387      0.248952353237
   233     10.964393458172    -16.348129385312      0.894529817499      0.447008283597
   234     11.823725752218    -16.859547031088      0.859332294045     -0.511417645776
   235     12.496548948304    -16.119743714788      0.672823196087      0.739803316300
   236     12.264444213982    -17.092434514737     -0.232104734322     -0.972690799949
   237     11.655729365902    -16.299045433815     -0.608714848080      0.793389080922
   238     11.829287800342    -17.283869006764      0.173558434440     -0.984823572948
   239     10.969275181635    -16.773596240818     -0.860012618706      0.510272765946
   240     11.766212809363    -16.169534640059      0.796937627728      0.604061600759
   241     11.216862493632    -17.005126783755     -0.549350315731     -0.835592143696
   242     10.362007172835    -17.523993221775     -0.854855320797     -0.518866438021
   243     11.304605784712    -17.857921143470      0.942598611877     -0.333927921695
   244     11.537402859590    -18.830446475751      0.232797074878     -0.972525332281
   245     10.636670428996    -18.396072111318     -0.900732430594      0.434374364433
   246     11.077491624901    -19.293667049606      0.440821195905     -0.897594938288
   247     11.983554437869    -19.716810262900      0.906062812968     -0.423143213294
   248     10.987576566840    -19.627210706980     -0.995977871029      0.089599555920
   249     10.142929493211    -19.091887140331     -0.844647073629      0.535323566649
   250     10.920312544781    -19.720914636655      0.777383051570     -0.629027496324
   251     10.493032085471    -18.816795502309     -0.427280459311      0.904119134346
   252     11.015623036055    -19.669379045645      0.522590950584     -0.852583543336
   253     10.910470091015    -20.663835107092     -0.105152945040     -0.994456061447
   254     11.333718700786    -21.569848691056      0.423248609771     -0.906013583964
   255     10.371152496859    -21.298802010470     -0.962566203927      0.271046680586
   256     10.992073869529    -20.514929157922      0.620921372670      0.783872852548
   257     11.853963888849    -20.007833905926      0.861890019320      0.507095251996
   258     12.785910004713    -19.645237109020      0.931946115864      0.362596796907
   259     13.783409109317    -19.715916217066      0.997499104604     -0.070679108047
   260     14.290620506791    -20.577737891354      0.507211397474     -0.861821674288
   261     13.752255992950    -19.735025811082     -0.538364513841      0.842712080272
   262     13.491355498490    -20.700391509660     -0.260900494459     -0.965365698578
   263     14.491334293711    -20.706903737253      0.999978795221     -0.006512227593
   264     13.542653672630    -20.390667940442     -0.948680621081      0.316235796812
   265     14.079007501831    -19.546674711854      0.536353829201      0.843993228588
   266     13.485731828422    -20.351674075420     -0.593275673409     -0.804999363566
   267     12.797177211633    -19.626489588756     -0.688554616790      0.725184486664
   268     12.064677401732    -20.307256823937     -0.732499809900     -0.680767235181
   269     12.890443773553    -19.743244502112      0.825766371821      0.564012321825
   270     12.430672950201    -18.855206895930     -0.459770823352      0.888037606182
   271     11.848727771832    -18.041978877860     -0.581945178368      0.813228018070
   272     11.474259519289    -17.114739141957     -0.374468252543      0.927239735903
   273     10.559563715519    -16.710596114597     -0.914695803771      0.404143027360
   274     10.368232510798    -17.692121646664     -0.191331204721     -0.981525532067
   275      9.848165354281    -16.837996273717     -0.520067156517      0.854125372947
   276     10.843385012178    -16.935658101136      0.995219657897     -0.097661827419
   277     11.587152518054    -16.267219699185      0.743767505876      0.668438401951
   278     12.290400696594    -15.556275257348      0.703248178540      0.710944441838
   279     11.290909395642    -15.524382635633     -0.999491300953      0.031892621714
   280     10.819025414762    -16.406043289507     -0.471883980880     -0.881660653874
   281     10.066790721514    -15.747148027516     -0.752234693248      0.658895261991
   282      9.133525542956    -15.387959906204     -0.933265178558      0.359188121312
   283      8.728214993568    -14.473780843572     -0.405310549388      0.914179062632
   284      9.554757978563    -15.036654447462      0.826542984995     -0.562873603889
   285      8.939949408066    -14.247978074262     -0.614808570497      0.788676373200
   286      8.175179105044    -13.603675052683     -0.764770303022      0.644303021579
   287      9.171050736833    -13.694447807399      0.995871631789     -0.090772754716
   288      8.892459225176    -12.734038118968     -0.278591511656      0.960409688431
   289      7.901541028219    -12.868504199967     -0.990918196957     -0.134466080999
   290      7.304521427968    -13.670730849309     -0.597019600252     -0.802226649342
   291      6.761001136530    -14.510126877889     -0.543520291437     -0.839396028580
   292      6.965209237846    -15.489054378451      0.204208101316     -0.978927500562
   293      6.542484413519    -16.395312466910     -0.422724824327     -0.906258088459
   294      5.973888796568    -15.572695287182     -0.568595616951      0.822617179728
   295      6.876470886625    -16.003213080900      0.902582090057     -0.430517793718
   296      5.957752486757    -15.608299797074     -0.918718399869      0.394913283826
   297      6.797265368891    -16.151639580938      0.839512882135     -0.543339783864
   298      6.875830935169    -15.154730632340      0.078565566278      0.996908948598
   299      7.051893365442    -16.139109634882      0.176062430274     -0.984379002542
   300      6.704100338239    -15.201538298808     -0.347793027204      0.937571336074
   301      7.504905867370    -15.800462755240      0.800805529132     -0.598924456432
   302      8.078689636243    -14.981455925855      0.573783768872      0.819006829385
   303      7.977574784519    -13.986581166520     -0.101114851723      0.994874759335
   304      8.345113432134    -13.056572917896      0.367538647615      0.930008248624
   305      7.784718311810    -12.228347520364     -0.560395120324      0.828225397532
   306      7.844958597311    -13.226531425265      0.060240285501     -0.998183904901
   307      8.465789292163    -14.010476096992      0.620830694852     -0.783944671727
   308      8.082661777668    -14.934171559597     -0.383127514495     -0.923695462605
   309      8.095531698884    -13.934254380462      0.012869921216      0.999917179134
   310      8.561445846014    -14.819084311864      0.465914147130     -0.884829931402
   311      7.745880730420    -15.397749622926     -0.815565115594     -0.578665311062
   312      8.483999908086    -14.723079274117      0.738119177665      0.674670348809
   313      8.935286114407    -15.615458543253      0.451286206321     -0.892379269137
   314      9.793483349116    -16.128778625013      0.858197234709     -0.513320081759
   315     10.754678588861    -15.852909614265      0.961195239745      0.275869010748
   316     10.812485640743    -16.851237388472      0.057807051882     -0.998327774207
   317     10.085710904833    -16.164361502125     -0.726774735909      0.686875886346
   318      9.489423781461    -15.361590260425     -0.596287123372      0.802771241700
   319      9.727938043228    -16.332729255077      0.238514261767     -0.971138994652
   320     10.486711242896    -16.984084174814      0.758773199668     -0.651354919737
   321     10.538268790632    -17.982754200034      0.051557547736     -0.998670025219
   322     10.992189259586    -18.873796403223      0.453920468954     -0.891042203189
   323     11.278730086361    -17.915728370883      0.286540826775      0.958068032340
   324     10.454130940686    -17.350010906991     -0.824599145675      0.565717463892
   325     10.613729940180    -16.362828978793      0.159598999494      0.987181928198
   326      9.626615691245    -16.522846038973     -0.987114248935     -0.160017060180
   327     10.614650581171    -16.368615509282      0.988034889926      0.154230529691
   328     11.516928210315    -15.937459992158      0.902277629144      0.431155517124
   329     10.601549784659    -15.534865484192     -0.915378425655      0.402594507966
   330     10.348331372785    -14.567456348465     -0.253218411874      0.967409135727
   331     11.343730012153    -14.663276746832      0.995398639369     -0.095820398367
   332     10.710621628682    -13.889213587408     -0.633108383471      0.774063159425
   333      9.985330738024    -13.200771052457     -0.725290890658      0.688442534950
   334     10.768917164698    -13.822053847916      0.783586426673     -0.621282795459
   335     10.576636856294    -12.840713803385     -0.192280308404      0.981340044531
   336     10.007572258649    -12.018420982240     -0.569064597645      0.822292821145
   337      9.459787821366    -11.181801468799     -0.547784437282      0.836619513442
   338      8.720238251311    -11.854903566129     -0.739549570055     -0.673102097331
   339      9.706437781563    -12.020464692400      0.986199530251     -0.165561126271
   340      9.196284426364    -12.880548150083     -0.510153355199     -0.860083457683
   341     10.174347680167    -12.672240033199      0.978063253803      0.208308116884
   342     11.144890581369    -12.913168397920      0.970542901202     -0.240928364721
   343     10.198595930807    -12.589862916496     -0.946294650561      0.323305481424
   344      9.534903001742    -11.841857772190     -0.663692929066      0.748005144306
   345      9.094079107974    -12.739451385516     -0.440823893768     -0.897593613326
   346     10.030867400669    -13.089348076940      0.936788292695     -0.349896691424
   347      9.844109120033    -12.106942180879     -0.186758280636      0.982405896060
   348     10.463328538381    -11.321724178067      0.619219418348      0.785218002813
   349      9.843521062003    -12.106478083585     -0.619807476378     -0.784753905518
   350     10.099422766306    -13.073180890933      0.255901704303     -0.966702807348
   351      9.356334689660    -12.403987263986     -0.743088076646      0.669193626947
   352      9.415638795558    -11.405747301339      0.059304105898      0.998239962646
   353      9.521822180593    -10.411400737639      0.106183385036      0.994346563700
   354     10.448295147019    -10.787762056696      0.926472966426     -0.376361319056
   355     11.445628457539    -10.714780773291      0.997333310520      0.072981283405
   356     12.213478838506    -10.074151557246      0.767850380966      0.640629216044
   357     11.512112310897     -9.361350747799     -0.701366527609      0.712800809448
   358     11.842715242689    -10.305120688775      0.330602931792     -0.943769940976
   359     11.016621336182     -9.741588207340     -0.826093906507      0.563532481435
   360     11.365354285607     -8.804366072526      0.348732949426      0.937222134814
   361     12.301661705718     -9.155547528538      0.936307420110     -0.351181456011
   362     12.748425629022    -10.050199414376      0.446763923304     -0.894651885838
   363     12.348037056865     -9.133853960256     -0.400388572157      0.916345454120
   364     11.541640137723     -9.725228637426     -0.806396919142     -0.591374677170
   365     11.864360238600     -8.778734191330      0.322720100877      0.946494446096
   366     12.498098123650     -8.005186330463      0.633737885050      0.773547860867
   367     12.276269998048     -8.980272112685     -0.221828125602     -0.975085782222
   368     11.559956334433     -8.282493684158     -0.716313663616      0.697778428527
   369     11.622035426274     -9.280564917266      0.062079091841     -0.998071233107
   370     12.350177360255     -8.595138536114      0.728141933981      0.685426381151
   371     13.316313679713     -8.337106343889      0.966136319458      0.258032192225
   372     14.090782777712     -8.969718085990      0.774469098000     -0.632611742101
   373     15.065018232400     -8.744184765104      0.974235454688      0.225533320885
   374     15.794627322187     -9.428049207885      0.729609089787     -0.683864442781
   375     16.371270266948    -10.245045483432      0.576642944761     -0.816996275547
   376     15.965657075275     -9.331000660274     -0.405613191672      0.914044823158
   377     15.008760351475     -9.621429067941     -0.956896723801     -0.290428407666
   378     15.747844251407     -8.947815685606      0.739083899933      0.673613382335
   379     15.919641259471     -7.962683314794      0.171797008063      0.985132370811
   380     16.485080157821     -7.137893128000      0.565438898350      0.824790186795
   381     17.447849648869     -6.867569420002      0.962769491049      0.270323707998
   382     16.808744596094     -7.636688872049     -0.639105052775     -0.769119452047
   383     16.887591445156     -6.639802131043      0.078846849062      0.996886741006
   384     15.942763927684     -6.312233875214     -0.944827517472      0.327568255829
   385     15.565289885670     -7.238254041088     -0.377474042013     -0.926020165875
   386     14.578166559918     -7.078292984091     -0.987123325752      0.159961056998
   387     15.561283347432     -7.261272168998      0.983116787513     -0.182979184908
   388     16.541647726927     -7.458466700913      0.980364379495     -0.197194531915
   389     15.544630069520     -7.535640471191     -0.997017657407     -0.077173770278
   390     16.194228448303     -8.295918016750      0.649598378784     -0.760277545559
   391     16.980829076756     -7.678455911583      0.786600628453      0.617462105167
   392     15.997342960136     -7.497472325547     -0.983486116621      0.180983586036
   393     15.646337306462     -8.433845665134     -0.351005653674     -0.936373339587
   394     16.092508462226     -7.538898013165      0.446171155763      0.894947651969
   395     16.980023950991     -7.999675895882      0.887515488765     -0.460777882717
   396     16.000241376246     -7.799610640965     -0.979782574745      0.200065254918
   397     15.001684699470     -7.853318771318     -0.998556676776     -0.053708130353
   398     14.002848283260     -7.901545461576     -0.998836416210     -0.048226690258
   399     14.961620355654     -8.185721662546      0.958772072394     -0.284176200970
   400     15.361875488095     -7.269317914761      0.400255132441      0.916403747785
   401     14.636571050424     -7.957746177323     -0.725304437671     -0.688428262562
   402     15.579815387958     -8.289845740269      0.943244337534     -0.332099562947
   403     16.198272160623     -7.504026918692      0.618456772665      0.785818821577
   404     15.364331473136     -8.055881002444     -0.833940687487     -0.551854083752
   405     15.186393921363     -9.039922783909     -0.177937551773     -0.984041781465
   406     15.400977389367    -10.016628438270      0.214583468003     -0.976705654360
   407     14.672096304707    -10.701268755827     -0.728881084660     -0.684640317557
   408     14.165883968329     -9.838859879192     -0.506212336377      0.862408876635
   409     15.165777929039     -9.853422411140      0.999893960709     -0.014562531949
   410     16.123682627149    -10.140508790715      0.957904698111     -0.287086379575
   411     15.167609611269     -9.847380169960     -0.956073015880      0.293128620755
   412     14.374780876677    -10.456824669160     -0.792828734592     -0.609444499200
   413     14.431557279253    -11.455211588200      0.056776402576     -0.998386919040
   414     13.593109642201    -10.910229423427     -0.838447637053      0.544982164773
   415     12.594402544820    -10.859395048814     -0.998707097380      0.050834374613
   416     12.157636062720    -11.758969970716     -0.436766482100     -0.899574921901
   417     11.581954569684    -10.941295941181     -0.575681493036      0.817674029535
   418     12.415565976908    -10.388944584029      0.833611407223      0.552351357151
   419     11.698117244368     -9.692333274778     -0.717448732540      0.696611309251
   420     12.681176329393     -9.509044335259      0.983059085025      0.183288939519
   421     12.096322747100     -8.697905452404     -0.584853582293      0.811138882855
   422     11.406877381057     -7.973567763724     -0.689445366043      0.724337688680
   423     11.009992250202     -7.055699476384     -0.396885130855      0.917868287341
   424     10.274460295980     -6.378209443749     -0.735531954222      0.677490032634
   425      9.687097252182     -7.187533022289     -0.587363043798     -0.809323578539
   426     10.093891677559     -8.101052751404      0.406794425377     -0.913519729115
   427     10.101596869864     -7.101082436838      0.007705192304      0.999970314565
   428     10.563569070950     -7.987976841727      0.461972201087     -0.886894404889
   429     11.526645952874     -7.718750320922      0.963076881923      0.269226520805
   430     12.222642945177     -7.000705624051      0.695996992304      0.718044696871
   431     13.212308330501     -7.144101666854      0.989665385324     -0.143396042803
   432     12.826569689476     -8.066709763946     -0.385738641026     -0.922608097092
   433     12.563501601098     -9.031487034033     -0.263068088378     -0.964777270087
   434     11.757355871979     -9.623204080791     -0.806145729119     -0.591717046758
   435     12.576069083130     -9.049001435476      0.818713211151      0.574202645315
   436     11.690664351854     -9.513822327684     -0.885404731276     -0.464820892208
   437     12.201808199469    -10.373317509198      0.511143847615     -0.859495181514
   438     11.570374406175    -11.148747302723     -0.631433793294     -0.775429793525
   439     12.324644614578    -11.805311429611      0.754270208403     -0.656564126888
   440     12.798450562620    -12.685940706662      0.473805948043     -0.880629277051
   441     12.260032040137    -13.528618281210     -0.538418522484     -0.842677574548
   442     11.680093086278    -14.343278216273     -0.579938953859     -0.814659935063
   443     11.301570993363    -13.417685959837     -0.378522092915      0.925592256437
   444     10.305067218339    -13.501233708839     -0.996503775024     -0.083547749002
   445      9.305661709527    -13.535710207454     -0.999405508812     -0.034476498614
   446      9.669219757147    -14.467281753826      0.363558047619     -0.931571546373
   447     10.121918659794    -13.575618306363      0.452698902647      0.891663447463
   448     10.871412658816    -14.237629443301      0.749493999022     -0.662011136938
   449     11.670287305807    -13.636131896843      0.798874646991      0.601497546458
   450     11.000473355669    -14.378660867457     -0.669813950138     -0.742528970614
   451     10.082943739211    -13.980993414774     -0.917529616458      0.397667452682
   452     10.899844192377    -14.557772098168      0.816900453166     -0.576778683394
   453     11.888988152226    -14.704721840242      0.989143959848     -0.146949742074
   454     11.283744869005    -13.908681283413     -0.605243283221      0.796040556829
   455     12.115476128839    -13.353502833349      0.831731259834      0.555178450064
   456     11.118395409320    -13.429857523864     -0.997080719519     -0.076354690514
   457     11.146101411449    -14.429473638903      0.027706002130     -0.999616115039
   458     12.135373291084    -14.575559737368      0.989271879634     -0.146086098465
   459     11.521034636307    -15.364602205963     -0.614338654777     -0.789042468595
   460     12.322952425107    -14.767167807885      0.801917788800      0.597434398078
   461     12.281047841012    -15.766289425023     -0.041904584095     -0.999121617138
   462     13.277296550287    -15.679753251846      0.996248709275      0.086536173177
   463     13.975926182259    -16.395236750838      0.698629631973     -0.715483498992
   464     13.010718695510    -16.133751555229     -0.965207486750      0.261485195609
   465     14.002494783243    -16.261736678583      0.991776087734     -0.127985123354
   466     14.931989956344    -15.892902402543      0.929495173101      0.368834276040
   467     13.991951205134    -16.233970058914     -0.940038751210     -0.341067656372
   468     14.517156854045    -17.084945397189      0.525205648912     -0.850975338274
   469     14.622150586561    -18.079418280747      0.104993732516     -0.994472883558
   470     15.437078390226    -17.499855795062      0.814927803665      0.579562485685
   471     14.927977444891    -18.360562613589     -0.509100945335     -0.860706818527
   472     15.170079410089    -17.390311801455      0.242101965198      0.970250812134
   473     14.415221513419    -16.734423429980     -0.754857896670      0.655888371474
   474     14.215382319554    -15.754594722197     -0.199839193865      0.979828707783
   475     13.439083330198    -15.124229844428     -0.776298989356      0.630364877769
   476     14.002908548980    -15.950123979693      0.563825218782     -0.825894135265
   477     13.233666137317    -16.589081029970     -0.769242411663     -0.638957050277
   478     13.224821266991    -15.589120146601     -0.008844870325      0.999960883369
   479     13.241505655448    -14.589259340697      0.016684388457      0.999860805903
   480     14.166753556922    -14.968622386892      0.925247901474     -0.379363046195
   481     14.710055696263    -14.129085142103      0.543302139341      0.839537244789
   482     15.271734592958    -13.301729827255      0.561678896695      0.827355314848
   483     14.678658925125    -14.106876554395     -0.593075667833     -0.805146727140
   484     14.657665136555    -13.107096948261     -0.020993788570      0.999779606134
   485     15.113193073763    -12.216875459854      0.455527937209      0.890221488408
   486     14.874643952063    -13.188005892152     -0.238549121700     -0.971130432298
   487     14.592369592965    -14.147339612083     -0.282274359098     -0.959333719931
   488     15.587449514470    -14.048264136721      0.995079921505      0.099075475361
   489     14.738327741480    -13.520067000574     -0.849121772990      0.528197136147
   490     14.190294001730    -14.356523227819     -0.548033739750     -0.836456227244
   491     15.189397068289    -14.314178660375      0.999103066559      0.042344567444
   492     14.462381629082    -15.000799772163     -0.727015439208     -0.686621111789
   493     15.266593848192    -14.406457525108      0.804212219110      0.594342247055
   494     14.695934340895    -15.227644304551     -0.570659507297     -0.821186779443
   495     13.913395119544    -14.605043013958     -0.782539221351      0.622601290593
   496     14.022371992413    -15.599087299280      0.108976872869     -0.994044285321
   497     14.958002444209    -15.952068400291      0.935630451796     -0.352981101012
   498     15.211335986766    -16.919447393352      0.253333542557     -0.967378993061
   499     15.911777908072    -17.633156798417      0.700441921306     -0.713709405064
   500     15.369935695399    -16.792676568688     -0.541842212673      0.840480229729
   501     15.808997488082    -15.894219701495      0.439061792684      0.898456867193
   502     15.129364825455    -16.627772319846     -0.679632662627     -0.733552618351
   503     14.558990692798    -15.806387301237     -0.570374132657      0.821385018609
   504     13.802249057157    -16.460101380088     -0.756741635641     -0.653714078851
   505     13.654928958768    -17.449190247992     -0.147320098389     -0.989088867904
   506     14.387376583945    -18.130013629180      0.732447625177     -0.680823381189
   507     15.360250160143    -18.361351055325      0.972873576198     -0.231337426145
   508     14.548984839326    -18.946029239662     -0.811265320817     -0.584678184337
   509     15.144425412852    -19.749428594528      0.595440573526     -0.803399354866
   510     14.988713208401    -18.761626129768     -0.155712204452      0.987802464759
   511     15.751927783576    -19.407771246781      0.763214575176     -0.646145117013
   512     15.788278548371    -20.407110339331      0.036350764795     -0.999339092550
   513     14.804909166615    -20.225493547639     -0.983369381756      0.181616791693
   514     15.800796386921    -20.316095117332      0.995887220306     -0.090601569693
   515     15.588296129760    -21.293256127967     -0.212500257161     -0.977161010636
   516     16.339254310538    -20.632906364038      0.750958180779      0.660349763929
   517     15.753946248250    -19.822095367431     -0.585308062289      0.810810996607
   518     15.015750660402    -20.496682110617     -0.738195587847     -0.674586743186
   519     15.581462428270    -21.321285164028      0.565711767868     -0.824603053412
   520     15.834045204862    -22.288860453589      0.252582776592     -0.967575289561
   521     15.970847990125    -21.298262150570      0.136802785263      0.990598303019
   522     16.324264643561    -22.233728167631      0.353416653436     -0.935466017060
   523     15.484926305999    -22.777337544941     -0.839338337561     -0.543609377311
   524     15.383857242088    -21.782458132992     -0.101069063912      0.994879411949
   525     14.698109642475    -21.054618707277     -0.685747599612      0.727839425716
   526     15.615142848202    -20.655807850360      0.917033205727      0.398810856917
   527     16.598603855898    -20.474687872607      0.983461007696      0.181119977753
   528     17.149788674537    -21.309071055385      0.551184818639     -0.834383182777
   529     16.733976954458    -22.218521776119     -0.415811720079     -0.909450720735
   530     16.850734689251    -23.211682201915      0.116757734793     -0.993160425795
   531     17.698690832121    -22.681615810063      0.847956142869      0.530066391851
   532     17.353863337281    -21.742949735891     -0.344827494839      0.938666074173
   533     17.260735254593    -20.747295599047     -0.093128082688      0.995654136844
   534     16.333368075981    -21.121448129486     -0.927367178611     -0.374152530440
   535     16.505480471425    -22.106525447941      0.172112395443     -0.985077318455
   536     15.775742995489    -22.790252890871     -0.729737475935     -0.683727442930
   537     16.315416720019    -23.632127151703      0.539673724530     -0.841874260832
   538     16.888778458360    -24.451429487235      0.573361738340     -0.819302335532
   539     17.877412765278    -24.601769791822      0.988634306919     -0.150340304587
   540     18.244062899230    -23.671410893722      0.366650133952      0.930358898100
   541     18.979545290751    -24.348954731243      0.735482391521     -0.677543837521
   542     19.420093146812    -23.451225603655      0.440547856061      0.897729127588
   543     19.888508210610    -22.567717070585      0.468415063797      0.883508533070
   544     20.885366006035    -22.646929037489      0.996857795425     -0.079211966904
   545     21.021412651028    -21.656226604674      0.136046644994      0.990702432815
   546     21.641951291026    -22.440402475426      0.620538639998     -0.784175870752
   547     22.012807408035    -21.511712139266      0.370856117009      0.928690336160
   548     22.533956149006    -22.365178008404      0.521148740971     -0.853465869138
   549     21.647491006517    -21.902382642015     -0.886465142489      0.462795366389
   550     20.694801223318    -21.598438277058     -0.952689783198      0.303944364957
   551     21.482197248031    -22.214885760845      0.787396024712     -0.616447483787
   552     22.460933834364    -22.009764590382      0.978736586334      0.205121170463
   553     21.466112997572    -22.111408590121     -0.994820836793     -0.101643999739
   554     20.683362188218    -21.489073334446     -0.782750809354      0.622335255675
   555     19.766279563042    -21.887770536093     -0.917082625176     -0.398697201646
   556     19.969280889811    -20.908592073640      0.203001326769      0.979178462452
   557     19.714906869985    -21.875697992368     -0.254374019825     -0.967105918728
   558     18.859127166977    -21.358357582272     -0.855779703009      0.517340410096
   559     18.693086335478    -22.344476460640     -0.166040831499     -0.986118878369
   560     17.883892844706    -21.756934211528     -0.809193490772      0.587542249112
   561     18.056576222131    -20.771956825411      0.172683377426      0.984977386116
   562     17.068357749575    -20.618906995296     -0.988218472556      0.153049830115
   563     16.526993155922    -19.778119045371     -0.541364593653      0.840787949925
   564     15.672410463382    -20.297434384650     -0.854582692541     -0.519315339279
   565     16.023307133729    -19.361020199185      0.350896670347      0.936414185465
   566     15.621765707037    -18.445179338199     -0.401541426691      0.915840860986
   567     14.811100471696    -19.030689266560     -0.810665235341     -0.585509928361
   568     15.046986679319    -18.058908582942      0.235886207623      0.971780683618
   569     14.086435183736    -18.337010766203     -0.960551495582     -0.278102183261
   570     14.956775829199    -18.829460926986      0.870340645463     -0.492450160783
   571     14.008231671522    -19.146105808417     -0.948544157677     -0.316644881431
   572     13.372433002658    -19.917960751182     -0.635798668864     -0.771854942765
   573     14.033073072441    -20.668663554026      0.660640069783     -0.750702802844
   574     15.012890167232    -20.468767429113      0.979817094791      0.199896124913
   575     15.812561292825    -19.868329180088      0.799671125593      0.600438249025
   576     14.908756789266    -19.440383600199     -0.903804503559      0.427945579889
   577     14.198919911739    -20.144749703373     -0.709836877528     -0.704366103175
   578     14.064273666936    -21.135643435698     -0.134646244802     -0.990893732325
   579     13.613663828579    -20.242922441447     -0.450609838357      0.892720994251
   580     14.595181523805    -20.434293844635      0.981517695226     -0.191371403187
   581     14.321189706534    -21.396025867637     -0.273991817271     -0.961732023002
   582     15.178617132039    -21.910630774330      0.857427425505     -0.514604906692
   583     15.016358463229    -22.897379032193     -0.162258668811     -0.986748257863
   584     14.385687478063    -22.121328706202     -0.630670985166      0.776050325991
   585     15.079940973614    -22.841059269618      0.694253495551     -0.719730563416
   586     15.289284333933    -23.818901464192      0.209343360318     -0.977842194575
   587     14.488740352575    -23.219627458489     -0.800543981357      0.599274005704
   588     13.773175494298    -22.521081158234     -0.715564858277      0.698546300254
   589     12.979360659434    -23.129240683317     -0.793814834864     -0.608159525083
   590     13.828877435103    -23.656802289063      0.849516775669     -0.527561605745
   591     13.566864772205    -24.621866724466     -0.262012662898     -0.965064435404
   592     12.827916930091    -25.295629358214     -0.738947842114     -0.673762633747
   593     12.389485306722    -26.194393905596     -0.438431623368     -0.898764547382
   594     12.771110590601    -27.118711027965      0.381625283878     -0.924317122369
   595     13.534525011919    -27.764620016387      0.763414421318     -0.645908988422
   596     12.831390006268    -28.475676388152     -0.703135005651     -0.711056371766
   597     13.732607146394    -28.042308569385      0.901217140126      0.433367818768
   598     12.976486854332    -28.696741227442     -0.756120292062     -0.654432658058
   599     13.964816703497    -28.849070178237      0.988329849165     -0.152328950795
   600     14.797088102405    -29.403438574305      0.832271398909     -0.554368396068
   601     14.585422816785    -28.426096358465     -0.211665285621      0.977342215840
   602     13.585461942393    -28.434942243681     -0.999960874392     -0.008845885216
   603     13.170518749421    -29.344789564173     -0.414943192971     -0.909847320492
   604     12.754890584332    -30.254324186046     -0.415628165089     -0.909534621873
   605     12.749996607671    -29.254336161621     -0.004893976662      0.999988024425
   606     11.886169502068    -28.750547781817     -0.863827105603      0.503788379804
   607     10.957762447718    -28.378983061434     -0.928407054350      0.371564720383
   608     10.875675640427    -29.375608244775     -0.082086807291     -0.996625183341
   609      9.898723914256    -29.589068603464     -0.976951726171     -0.213460358689
   610     10.894083170142    -29.492839960518      0.995359255885      0.096228642946
   611     10.000041163509    -29.940823096782     -0.894042006633     -0.447983136263
   612      9.440001582071    -30.769288948355     -0.560039581438     -0.828465851573
   613      9.044945411401    -29.850631981900     -0.395056170670      0.918656966455
   614      9.602549862494    -30.680738767875      0.557604451093     -0.830106785975
   615      9.111723783197    -29.809481194088     -0.490826079297      0.871257573787
   616      8.950933421762    -28.822492612761     -0.160790361435      0.986988581327
   617      9.948999269443    -28.760326997733      0.998065847681      0.062165615028
   618      9.013807065402    -28.406186430302     -0.935192204041      0.354140567431
   619      8.397362439452    -27.618788168215     -0.616444625950      0.787398262087
   620      8.585644527499    -28.600903159100      0.188282088048     -0.982114990885
   621      7.617463067496    -28.350653962288     -0.968181460004      0.250249196811
   622      7.736741160279    -29.343514847096      0.119278092784     -0.992860884808
   623      8.085228171026    -28.406201237177      0.348487010747      0.937313609920
   624      7.605510536992    -27.528778310877     -0.479717634034      0.877422926300
   625      6.754628554738    -28.054135191744     -0.850881982254     -0.525356880868
   626      5.856059241205    -27.615303573949     -0.898569313533      0.438831617795
   627      6.816720192080    -27.337579722858      0.960660950874      0.277723851091
   628      6.107400400919    -26.632692899411     -0.709319791160      0.704886823446
   629      6.535940169118    -25.729169979352      0.428539768199      0.903522920059
   630      6.263241378774    -26.691269438735     -0.272698790344     -0.962099459383
   631      5.649185675231    -25.902006749293     -0.614055703543      0.789262689443
   632      5.407789462725    -24.931580106734     -0.241396212506      0.970426642559
   633      4.843474079858    -25.757139401187     -0.564315382868     -0.825559294454
   634      4.031189975122    -26.340401377656     -0.812284104736     -0.583261976468
   635      4.030571416394    -27.340401186348     -0.000618558728     -0.999999808693
   636      3.353602566561    -26.604389517720     -0.676968849833      0.736011668628
   637      4.350646699132    -26.681220486130      0.997044132570     -0.076830968410
   638      3.367740824537    -26.497111709350     -0.982905874595      0.184108776780
   639      2.935858523336    -25.595181735400     -0.431882301201      0.901929973950
   640      2.029312813969    -25.173074075167     -0.906545709368      0.422107660233
   641      1.937855030324    -24.177265120693     -0.091457783644      0.995808954474
   642      1.171607461274    -24.819810576614     -0.766247569050     -0.642545455921
   643      1.881043466772    -25.524580435578      0.709436005498     -0.704769858964
   644      2.065240146725    -26.507469840900      0.184196679953     -0.982889405322
   645      1.244568449228    -25.936069836588     -0.820671697497      0.571400004312
   646      1.547274110231    -24.982985746491      0.302705661003      0.953084090097
   647      0.583493459833    -25.249681936787     -0.963780650398     -0.266696190296
   648     -0.325492859319    -25.666507885588     -0.908986319152     -0.416825948802
   649     -1.071182348839    -25.000214267714     -0.745689489519      0.666293617875
   650     -1.304928458649    -24.027916599225     -0.233746109810      0.972297668489
   651     -0.380624238063    -23.646260068026      0.924304220586      0.381656531199
   652     -0.326722903545    -22.647713801628      0.053901334518      0.998546266398
   653      0.656687421192    -22.466318836979      0.983410324737      0.181394964649
   654      0.618469370686    -21.467049413542     -0.038218050506      0.999269423437
   655     -0.349049012051    -21.719850084161     -0.967518382737     -0.252800670619
   656     -0.735182952811    -20.797407359764     -0.386133940760      0.922442724397
   657     -1.314388187958    -19.982225603602     -0.579205235147      0.815181756162
   658     -0.542739024768    -20.618274005021      0.771649163190     -0.636048401419
   659     -0.850854231528    -21.569623057348     -0.308115206760     -0.951349052327
   660     -0.906000283905    -22.568101356015     -0.055146052377     -0.998478298666
   661      0.086859127855    -22.448811002343      0.992859411760      0.119290353672
   662     -0.208122534323    -21.493308088178     -0.294981662179      0.955502914165
   663     -1.022897638892    -22.073085225512     -0.814775104568     -0.579777137334
   664     -2.005678200376    -22.257861760732     -0.982780561485     -0.184776535220
   665     -1.707845613718    -21.303243643198      0.297832586659      0.954618117534
   666     -0.894446776479    -21.884950039568      0.813398837239     -0.581706396371
   667     -0.165185759642    -22.569185649079      0.729261016837     -0.684235609510
   668      0.451675227035    -21.782113528421      0.616860986677      0.787072120658
   669     -0.160999400007    -20.991778282225     -0.612674627042      0.790335246196
   670      0.456248249236    -20.205009358395      0.617247649243      0.786768923830
   671      0.309851258474    -19.215783438246     -0.146396990762      0.989225920150
   672      1.302653156127    -19.096015362300      0.992801897653      0.119768075945
   673      1.288639814112    -20.095917170602     -0.014013342016     -0.999901808302
   674      2.020402953228    -19.414358142909      0.731763139117      0.681559027693
   675      1.403247535355    -20.201199416731     -0.617155417873     -0.786841273822
   676      2.241513788710    -19.655938297187      0.838266253355      0.545261119544
   677      3.123905167269    -19.185422139074      0.882391378559      0.470516158113
   678      2.312090769751    -18.601506576700     -0.811814397518      0.583915562375
   679      1.312147790158    -18.612185413851     -0.999942979593     -0.010678837151
   680      0.389014909613    -18.227704354687     -0.923132880545      0.384481059164
   681     -0.369818762560    -17.576419886903     -0.758833672173      0.651284467784
   682     -1.186987923543    -17.000021966765     -0.817169160983      0.576397920138
   683     -1.917410480521    -17.683017492561     -0.730422556978     -0.682995525796
   684     -1.235073287695    -16.951979904412      0.682337192826      0.731037588148
   685     -1.452293785753    -17.928102465991     -0.217220498058     -0.976122561579
   686     -1.002123200123    -17.035159890103      0.450170585630      0.892942575888
   687     -0.150473444810    -16.511048552431      0.851649755312      0.524111337672
   688     -0.769654663776    -17.296296677600     -0.619181218965     -0.785248125169
   689      0.208228108647    -17.087142946104      0.977882772423      0.209153731496
   690      1.207538792050    -17.124266497076      0.999310683403     -0.037123550973
   691      2.172391698265    -17.387057039847      0.964852906214     -0.262790542771
   692      1.441151271218    -16.704937227899     -0.731240427047      0.682119811948
   693      0.833635193006    -17.499244608397     -0.607516078212     -0.794307380498
   694      1.803369956705    -17.743405391638      0.969734763699     -0.244160783242
   695      1.682658165527    -16.750717795529     -0.120711791178      0.992687596110
   696      1.834929157205    -17.739056576055      0.152270991678     -0.988338780527
   697      2.686466036152    -17.214761865236      0.851536878947      0.524294710819
   698      2.701091967618    -18.214654900580      0.014625931466     -0.999893035344
   699      2.285217977335    -17.305232653103     -0.415873990283      0.909422247477
   700      2.695283977418    -18.217288504230      0.410066000084     -0.912055851127
   701      3.140968148452    -17.322098234125      0.445684171033      0.895190270105
   702      4.138242619000    -17.395879196392      0.997274470548     -0.073780962267
   703      4.075338385453    -16.397859628748     -0.062904233547      0.998019567645
   704      3.466310178889    -17.191008192139     -0.609028206563     -0.793148563392
   705      3.631069713241    -16.204674427209      0.164759534351      0.986333764930
   706      4.112300408228    -15.328080440120      0.481230694987      0.876593987090
   707      3.117003353838    -15.424950319459     -0.995297054390     -0.096869879340
   708      2.620968632403    -14.556647633105     -0.496034721435      0.868302686355
   709      2.027024724702    -13.752141179119     -0.593943907701      0.804506453986
   710      2.747141652056    -14.445993909126      0.720116927354     -0.693852730007
   711      2.511774624488    -15.417900469621     -0.235367027569     -0.971906560495
   712      2.194394021608    -14.469602229131     -0.317380602880      0.948298240490
   713      3.117471253173    -14.084987584889      0.923077231566      0.384614644242
   714      2.221809893911    -13.640250888040     -0.895661359262      0.444736696849
   715      1.370384017580    -14.164725841793     -0.851425876331     -0.524474953753
   716      1.299362138354    -15.162200599705     -0.071021879226     -0.997474757912
   717      0.967137465449    -16.105400878921     -0.332224672905     -0.943200279216
   718      1.018342407545    -15.106712712422      0.051204942096      0.998688166499
   719      0.906518362753    -14.112984689769     -0.111824044792      0.993728022653
   720      0.275378332158    -14.888653602245     -0.631140030595     -0.775668912476
   721     -0.676199189734    -15.196062482774     -0.951577521893     -0.307408880530
   722     -1.231084756558    -16.027989166882     -0.554885566824     -0.831926684108
   723     -1.338127518752    -15.033734749209     -0.107042762194      0.994254417673
   724     -0.538814880700    -15.634650139801      0.799312638052     -0.600915390592
   725     -0.731791630746    -16.615853469362     -0.192976750046     -0.981203329561
   726     -0.302823657701    -15.712533770638      0.428967973044      0.903319698724
   727      0.408548150212    -16.415349643329      0.711371807913     -0.702815872691
   728      0.851622780886    -17.311834373625      0.443074630675     -0.896484730295
   729      0.065596203691    -17.930027078161     -0.786026577196     -0.618192704536
   730      0.623335533241    -18.760043246842      0.557739329551     -0.830016168681
   731     -0.079399445957    -19.471494966224     -0.702734979198     -0.711451719382
   732     -1.079395410526    -19.474335889638     -0.999995964569     -0.002840923414
   733     -1.817638446152    -18.799801071894     -0.738243035626      0.674534817744
   734     -2.302302713232    -17.925100809966     -0.484664267080      0.874700261927
   735     -2.251505177239    -16.926391838175      0.050797535993      0.998708971792
   736     -2.981553246574    -16.242996040367     -0.730048069334      0.683395797808
   737     -3.068163165769    -15.246753739570     -0.086609919195      0.996242300797
   738     -2.111225830705    -14.956459170623      0.956937335064      0.290294568947
   739     -2.127950209027    -15.956319308427     -0.016724378322     -0.999860137804
   740     -1.247596376051    -15.482001768414      0.880353832976      0.474317540013
   741     -1.262661801862    -14.482115258381     -0.015065425811      0.999886510033
   742     -1.934572474931    -13.741483063958     -0.671910673069      0.740632194423
   743     -1.052103878873    -13.271111745773      0.882468596058      0.470371318185
   744     -0.324421403301    -12.585197600455      0.727682475571      0.685914145317
   745     -1.262296069905    -12.932171821031     -0.937874666603     -0.346974220575
   746     -1.168427777422    -13.927756445091      0.093868292482     -0.995584624061
   747     -2.043048385609    -13.442948450381     -0.874620608187      0.484807994711
   748     -1.119904312110    -13.827402634340      0.923144073499     -0.384454183959
   749     -1.584557758277    -14.712895251455     -0.464653446168     -0.885492617115
   750     -0.632264493734    -15.018079684716      0.952293264544     -0.305184433261
   751     -0.099805893856    -14.171623637767      0.532458599877      0.846456046949
   752     -0.705943049204    -13.376263499901     -0.606137155348      0.795360137867
   753     -1.461705644681    -14.031109206367     -0.755762595477     -0.654845706466
   754     -2.363613150242    -13.599179985992     -0.901907505561      0.431929220375
   755     -3.214334290982    -13.073562691092     -0.850721140740      0.525617294900
   756     -3.754210507587    -13.915307112365     -0.539876216605     -0.841744421273
   757     -4.594714609810    -13.373501931377     -0.840504102224      0.541805180988
   758     -3.860667998091    -14.052601019746      0.734046611719     -0.679099088369
   759     -2.868345024395    -14.176274444035      0.992322973696     -0.123673424289
   760     -3.842537289156    -13.950554637016     -0.974192264761      0.225719807019
   761     -4.822193322768    -14.151238606997     -0.979656033612     -0.200683969982
   762     -3.827956438637    -14.044033111648      0.994236884131      0.107205495350
   763     -4.239531859885    -13.132657408315     -0.411575421248      0.911375703332
   764     -5.152499937341    -12.724626417401     -0.912968077456      0.408030990914
   765     -4.304582675607    -12.194497831817      0.847917261734      0.530128585584
   766     -3.308329487216    -12.280982423629      0.996253188391     -0.086484591812
   767     -3.740543731749    -11.379211473319     -0.432214244534      0.901770950309
   768     -4.473513529969    -12.059472654703     -0.732969798220     -0.680261181384
   769     -5.004394314851    -12.906919167613     -0.530880784882     -0.847446512910
   770     -5.376479204387    -11.978720463144     -0.372084889536      0.928198704469
   771     -6.043464209796    -12.723791602405     -0.666985005409     -0.745071139261
   772     -6.792855832846    -12.061664578864     -0.749391623049      0.662127023541
   773     -6.037909572232    -11.405877918748      0.754946260614      0.655786660116
   774     -5.293467819907    -12.073565328690      0.744441752325     -0.667687409942
   775     -4.550714204082    -12.743130162129      0.742753615825     -0.669564833439
   776     -3.850022877094    -13.456594712254      0.700691326988     -0.713464550124
   777     -4.364499401733    -12.599090248361     -0.514476524639      0.857504463893
   778     -4.741783708221    -13.525187733552     -0.377284306488     -0.926097485191
   779     -3.949439223725    -12.915113788945      0.792344484496      0.610073944608
   780     -3.262530859490    -13.641857828579      0.686908364235     -0.726744039634
   781     -2.372938296854    -13.185102891547      0.889592562636      0.456754937032
   782     -2.358185278716    -14.184994059853      0.014753018138     -0.999891168306
   783     -2.530850190040    -13.200013436491     -0.172664911324      0.984980623361
   784     -1.534580117056    -13.286303306566      0.996270072983     -0.086289870075
   785     -1.217914207967    -14.234840444490      0.316665909090     -0.948537137924
   786     -2.216818982374    -14.281629884181     -0.998904774407     -0.046789439692
   787     -1.492897359097    -13.591747659920      0.723921623277      0.689882224261
   788     -0.597103239319    -14.036216888295      0.895794119777     -0.444469228375
   789     -0.079952671661    -13.180322449494      0.517150567658      0.855894438801
   790      0.774535032597    -12.660850830181      0.854487704258      0.519471619313
   791      1.707876361236    -12.301860629404      0.933341328639      0.358990200777
   792      0.761705748417    -11.978192324752     -0.946170612820      0.323668304653
   793     -0.171464428673    -11.618757461959     -0.933170177090      0.359434862792
   794      0.581548285582    -12.276763428626      0.753012714255     -0.658005966667
   795     -0.287301560905    -12.771839124110     -0.868849846488     -0.495075695483
   796     -0.617754257073    -13.715661679252     -0.330452696168     -0.943822555142
   797     -0.404094910110    -14.692569905983      0.213659346963     -0.976908226731
   798      0.216090725641    -13.908114823006      0.620185635750      0.784455082977
   799     -0.084047999211    -12.954219259621     -0.300138724851      0.953895563384
   800     -0.580510808128    -13.822277252708     -0.496462808917     -0.868057993087
   801     -1.451554910420    -14.313482069321     -0.871044102292     -0.491204816612
   802     -0.688985583391    -14.960388570659      0.762569327029     -0.646906501339
   803      0.024887977817    -14.260113954092      0.713873561208      0.700274616567
   804     -0.473651427589    -13.393246916273     -0.498539405406      0.866867037819
   805     -1.256507923093    -12.771044611997     -0.782856495505      0.622202304276
   806     -0.405448810851    -12.245974723821      0.851059112242      0.525069888176
   807     -0.013907659908    -13.166135322368      0.391541150942     -0.920160598547
   808      0.820564043064    -12.615084528940      0.834471702973      0.551050793428
   809      1.018697835378    -13.595259513493      0.198133792314     -0.980174984553
   810      1.894175263291    -13.112000500939      0.875477427913      0.483259012554
   811      2.243009579750    -14.049184911640      0.348834316459     -0.937184410701
   812      2.985381881031    -13.379197324970      0.742372301280      0.669987586670
   813      2.389638239025    -12.576022678327     -0.595743642005      0.803174646643
   814      1.480485825593    -12.992486229134     -0.909152413432     -0.416463550807
   815      1.505099844511    -11.992789199993      0.024614018918      0.999697029141
   816      0.745463651989    -12.643137456707     -0.759636192522     -0.650348256714
   817      1.564174510172    -13.217343456931      0.818710858183     -0.574206000224
   818      1.845749586024    -12.257804256763      0.281575075852      0.959539200168
   819      2.257905111469    -11.346690749649      0.412155525444      0.911113507114
   820      1.892019331478    -10.416030985825     -0.365885779991      0.930659763824
   821      2.272980030847     -9.491439754233      0.380960699369      0.924591231592
   822      1.278283759082     -9.388583899096     -0.994696271765      0.102855855137
   823      0.326979120575     -9.080331592122     -0.951304638507      0.308252306975
   824     -0.617642653333     -8.752170497140     -0.944621773908      0.328161094982
   825     -0.068942607183     -7.916151203490      0.548700046149      0.836019293650
   826     -0.488778857714     -7.008551334197     -0.419836250531      0.907599869293
   827     -1.026954734725     -7.851383894913     -0.538175877011     -0.842832560716
   828     -1.438741262981     -6.940103556517     -0.411786528256      0.911280338396
   829     -2.438196493937     -6.973107212602     -0.999455230956     -0.033003656085
   830     -3.135678408606     -7.689709597966     -0.697481914669     -0.716602385364
   831     -3.948217286898     -8.272616598493     -0.812538878292     -0.582907000528
   832     -3.068426252699     -7.797255960511      0.879791034199      0.475360637982
   833     -4.057777844083     -7.942801240843     -0.989351591383     -0.145545280332
   834     -4.421032216135     -7.011111238114     -0.363254372052      0.931690002729
   835     -4.259410328662     -7.997963995870      0.161621887473     -0.986852757756
   836     -4.313354072383     -8.996507972124     -0.053943743721     -0.998543976254
   837     -5.266817196068     -9.298017626651     -0.953463123685     -0.301509654527
   838     -6.045481252112     -9.925458689879     -0.778664056044     -0.627441063228
   839     -6.953795421795    -10.343747309320     -0.908314169682     -0.418288619441
   840     -7.438881255179     -9.469280766650     -0.485085833385      0.874466542670
   841     -7.946952215486    -10.330595981477     -0.508070960307     -0.861315214827
   842     -8.443599337941    -11.198548535340     -0.496647122455     -0.867952553863
   843     -7.541262377480    -11.629579868059      0.902336960461     -0.431031332719
   844     -8.533102035009    -11.502088324212     -0.991839657529      0.127491543847
   845     -9.041930263205    -10.641220254069     -0.508828228196      0.860868070143
   846     -8.166427083083    -11.124432610696      0.875503180122     -0.483212356627
   847     -8.348441160954    -12.107728535358     -0.182014077870     -0.983295924662
   848     -7.991129326359    -13.041713681310      0.357311834594     -0.933985145952
   849     -7.098097727072    -13.491707639796      0.893031599288     -0.449993958486
   850     -6.310869575838    -12.875045789262      0.787228151234      0.616661850534
   851     -6.683909436754    -13.802861106104     -0.373039860916     -0.927815316843
   852     -5.683910347456    -13.801511512084      0.999999089298      0.001349594020
   853     -5.834124890295    -14.790164935241     -0.150214542839     -0.988653423157
   854     -6.641430197911    -14.200030933259     -0.807305307616      0.590134001981
   855     -6.163580404631    -15.078472493673      0.477849793280     -0.878441560414
   856     -6.779970206854    -15.865913673518     -0.616389802223     -0.787441179845
   857     -6.053011907799    -15.179232065030      0.726958299055      0.686681608488
   858     -6.349755722630    -16.134189188863     -0.296743814831     -0.954957123833
   859     -5.402958418371    -15.812358698314      0.946797304260      0.321830490549
   860     -6.398376366224    -15.907978304520     -0.995417947854     -0.095619606206
   861     -5.471709185858    -16.283861181002      0.926667180366     -0.375882876482
   862     -6.133820786186    -17.033266430991     -0.662111600328     -0.749405249989
   863     -6.905300070633    -17.669520871974     -0.771479284446     -0.636254440983
   864     -7.417690049755    -18.528273752199     -0.512389979122     -0.858752880225
   865     -6.970971013455    -17.633599452464      0.446719036300      0.894674299735
   866     -6.393508165487    -18.450016416531      0.577462847968     -0.816416964067
   867     -5.898741411188    -17.580990606304      0.494766754299      0.869025810227
   868     -6.809947333975    -17.169039436530     -0.911205922787      0.411951169774
   869     -6.160093337939    -17.929098502548      0.649853996036     -0.760059066018
   870     -7.082428478450    -18.315489352051     -0.922335140511     -0.386390849502
   871     -7.922197908385    -17.772546164833     -0.839769429935      0.542943187218
   872     -7.993775161182    -16.775111105853     -0.071577252797      0.997435058980
   873     -7.591478779469    -15.859601618594      0.402296381713      0.915509487259
   874     -6.800734515436    -15.247454978565      0.790744264033      0.612146640029
   875     -7.416933110365    -16.035045793397     -0.616198594929     -0.787590814832
   876     -6.951683888635    -15.149866059286      0.465249221730      0.885179734110
   877     -6.126789322335    -15.715152671978      0.824894566300     -0.565286612692
   878     -6.955111162585    -16.275405230174     -0.828321840250     -0.560252558195
   879     -7.360315529704    -15.361179097935     -0.405204367119      0.914226132239
   880     -7.832432556183    -14.479643214770     -0.472117026479      0.881535883165
   881     -8.135366407451    -15.432654800091     -0.302933851268     -0.953011585321
   882     -8.379536464443    -16.402387228789     -0.244170056992     -0.969732428698
   883     -8.070014244617    -17.353279438997      0.309522219826     -0.950892210208
   884     -8.796284724898    -16.665870398125     -0.726270480281      0.687409040872
   885     -8.562954342746    -15.693472880253      0.233330382152      0.972397517873
   886     -9.292981678151    -15.010054933779     -0.730027335404      0.683417946474
   887     -9.734220225957    -15.907444784362     -0.441238547806     -0.897389850583
   888    -10.711475197204    -15.695377056566     -0.977254971247      0.212067727795
   889    -11.594842443989    -16.164058512683     -0.883367246785     -0.468681456116
   890    -11.407527385998    -15.181758625149      0.187315057991      0.982299887534
   891    -10.979544507670    -16.085545467196      0.427982878328     -0.903786842047
   892    -10.145462555866    -16.637186018347      0.834081951804     -0.551640551151
   893    -10.925593836521    -17.262801862891     -0.780131280655     -0.625615844544
   894    -10.359326711958    -18.087023643506      0.566267124562     -0.824221780615
   895    -10.383894711668    -19.086721804648     -0.024567999710     -0.999698161142
   896     -9.722358334562    -18.336808728508      0.661536377106      0.749913076140
   897     -8.722359209038    -18.338131207505      0.999999125524     -0.001322478998
   898     -7.741264120413    -18.531657503072      0.981095088625     -0.193526295567
   899     -7.282663722194    -19.420300105446      0.458600398219     -0.888642602373
   900     -6.597863885554    -18.691568890430      0.684799836640      0.728731215016
   901     -6.985477910504    -17.769747124760     -0.387614024950      0.921821765670
   902     -7.647829233666    -18.518940507476     -0.662351323163     -0.749193382716
   903     -6.823315448887    -19.084782374705      0.824513784779     -0.565841867229
   904     -6.422351518558    -20.000876216282      0.400963930329     -0.916093841577
   905     -5.562995737305    -20.512254394567      0.859355781253     -0.511378178285
   906     -5.973553923048    -19.600419992869     -0.410558185743      0.911834401698
   907     -6.677188358451    -20.310982151526     -0.703634435403     -0.710562158657
   908     -6.266093537316    -19.399389562681      0.411094821134      0.911592588845
   909     -5.888433394128    -18.473445279127      0.377660143188      0.925944283554
   910     -6.144204317240    -17.506707861370     -0.255770923112      0.966737417757
   911     -5.967208757093    -16.522496211527      0.176995560147      0.984211649844
   912     -5.987836803778    -15.522708992319     -0.020628046685      0.999787219207
   913     -6.715415719097    -16.208732987514     -0.727578915319     -0.686023995195
   914     -6.105046071805    -17.000849704712      0.610369647292     -0.792116717198
   915     -6.847532670395    -17.670710623795     -0.742486598590     -0.669860919083
   916     -7.636128929641    -18.285621950656     -0.788596259247     -0.614911326861
   917     -6.651212843970    -18.112589282682      0.984916085671      0.173032667974
   918     -5.674534067587    -18.327295052892      0.976678776384     -0.214705770210
   919     -6.672530283530    -18.264021417284     -0.997996215943      0.063273635609
   920     -5.824042064509    -18.793235685972      0.848488219021     -0.529214268688
   921     -5.942768822236    -19.786162650556     -0.118726757728     -0.992926964585
   922     -6.241028312993    -18.831677828166     -0.298259490757      0.954484822390
   923     -5.263662893413    -19.043235944553      0.977365419580     -0.211558116387
   924     -4.668843802315    -19.847095539797      0.594819091098     -0.803859595244
   925     -5.620155024039    -20.155327529413     -0.951311221724     -0.308231989616
   926     -5.429505922736    -21.136985779606      0.190649101302     -0.981658250193
   927     -6.024594729116    -20.333325831294     -0.595088806380      0.803659948313
   928     -5.151488924330    -20.820856603296      0.873105804786     -0.487530772003
   929     -6.093147189055    -20.484286086946     -0.941658264725      0.336570516350
   930     -5.377649056381    -21.182900731898      0.715498132674     -0.698614644951
   931     -4.487307684886    -21.638194309938      0.890341371495     -0.455293578040
   932     -5.143481360996    -22.392804213650     -0.656173676110     -0.754609903712
   933     -4.615000794817    -21.543858814245      0.528480566179      0.848945399405
   934     -5.460829834339    -21.010404752585     -0.845829039522      0.533454061660
   935     -5.135146051683    -20.064925998876      0.325683782656      0.945478753709
   936     -5.929251391995    -20.672706147029     -0.794105340312     -0.607780148153
   937     -6.311132170853    -21.596917741167     -0.381880778858     -0.924211594138
   938     -6.700264314624    -20.675735796769     -0.389132143771      0.921181944398
   939     -7.378090512645    -21.410957970861     -0.677826198021     -0.735222174092
   940     -7.975529164131    -20.609043350898     -0.597438651486      0.801914619963
   941     -7.812913280707    -21.595732802782      0.162615883424     -0.986689451884
   942     -7.316341384985    -22.463728397459      0.496571895722     -0.867995594677
   943     -8.316015409741    -22.438197157222     -0.999674024756      0.025531240236
   944     -7.763784021179    -21.604506271170      0.552231388562      0.833690886053
   945     -7.218286982431    -22.442619020576      0.545497038749     -0.838112749406
   946     -7.040841500775    -21.458488388474      0.177445481656      0.984130632101
   947     -7.457618158868    -20.549479468129     -0.416776658094      0.909008920346
   948     -6.975841681307    -21.425773611478      0.481776477561     -0.876294143350
   949     -6.963701488527    -20.425847306334      0.012140192780      0.999926305144
   950     -7.838979771378    -20.909466916740     -0.875278282851     -0.483619610406
   951     -8.408210653456    -21.731644636512     -0.569230882078     -0.822177719772
   952     -7.639816027122    -21.091668310215      0.768394626334      0.639976326297
   953     -7.488173843629    -22.080103764954      0.151642183492     -0.988435454739
   954     -6.595286646122    -22.530384180392      0.892887197508     -0.450280415438
   955     -7.131875435440    -21.686540313804     -0.536588789318      0.843843866588
   956     -6.357884440715    -21.053343709198      0.773990994725      0.633196604606
   957     -7.038564231190    -20.320762640074     -0.680679790475      0.732581069124
   958     -6.505950027592    -21.167120785380      0.532614203598     -0.846358145306
   959     -5.827181728218    -20.432768284353      0.678768299375      0.734352501027
   960     -5.974003157952    -21.421931298103     -0.146821429734     -0.989163013750
   961     -5.864647103915    -20.427928655528      0.109356054037      0.994002642575
   962     -5.942368846249    -21.424903745873     -0.077721742334     -0.996975090345
   963     -5.763958953687    -22.408860000102      0.178409892562     -0.983956254229
   964     -4.918262464554    -21.875195828298      0.845696489134      0.533664171804
   965     -4.736334801603    -20.891883911634      0.181927662950      0.983311916664
   966     -5.397203537481    -21.642385419920     -0.660868735878     -0.750501508286
   967     -6.137519464001    -22.314644543281     -0.740315926519     -0.672259123361
   968     -7.110148749914    -22.547006915844     -0.972629285914     -0.232362372563
   969     -7.982113157437    -22.057437643918     -0.871964407522      0.489569271926
   970     -8.357050235446    -21.130387382317     -0.374937078009      0.927050261601
   971     -9.133343575432    -21.760759217263     -0.776293339986     -0.630371834946
   972    -10.007920445498    -22.245646109585     -0.874576870066     -0.484886892322
   973     -9.278629339528    -22.929849648565      0.729291105970     -0.684203538980
   974     -9.334489777347    -21.931411061827     -0.055860437819      0.998438586738
   975     -8.651510361621    -21.200973441155      0.682979415726      0.730437620673
   976     -9.555344614555    -21.628856185867     -0.903834252934     -0.427882744712
   977     -8.965470615469    -20.821360882350      0.589873999086      0.807495303517
   978     -9.022014358164    -19.822960759572     -0.056543742695      0.998400122777
   979     -9.724252945142    -20.534902447465     -0.702238586977     -0.711941687893
   980    -10.024454232344    -21.488778323647     -0.300201287202     -0.953875876182
   981    -10.074457320923    -20.490029260502     -0.050003088579      0.998749063145
   982    -11.069458373592    -20.390164826448     -0.995001052668      0.099864434055
   983    -11.555257239561    -21.264235453927     -0.485798865969     -0.874070627480
   984    -11.576019593115    -22.264019893032     -0.020762353554     -0.999784439104
   985    -11.457392694744    -23.256958792956      0.118626898371     -0.992938899924
   986    -10.517326467507    -23.597950711346      0.940066227238     -0.340991918390
   987    -11.426613894135    -24.014119398030     -0.909287426628     -0.416168686684
   988    -12.426546450833    -24.025733271427     -0.999932556698     -0.011613873397
   989    -11.680375584934    -23.359978782982      0.746170865898      0.665754488445
   990    -12.158478358334    -24.238282681452     -0.478102773400     -0.878303898470
   991    -11.227606924592    -23.872935758866      0.930871433742      0.365346922586
   992    -10.229442194591    -23.933492936653      0.998164730001     -0.060557177787
   993     -9.634831106567    -23.129479470348      0.594611088024      0.804013466305
   994    -10.286150085257    -23.888283521470     -0.651318978690     -0.758804051122
   995     -9.308692711888    -23.677150664607      0.977457373369      0.211132856863
   996     -8.316877542718    -23.804832574850      0.991815169171     -0.127681910243
   997     -7.440418373646    -23.323356381306      0.876459169072      0.481476193544
   998     -8.131381765300    -22.600466630795     -0.690963391654      0.722889750511
   999     -7.156686305398    -22.376929697727      0.974695459903      0.223536933068
  1000     -7.178189670087    -23.376698473649     -0.021503364690     -0.999768775921
