# File chua thong tin toa do tai lan chay thu 2
##########################################################################################
#  Step                   x                   y            delta_x            delta_y
     1      0.000000000000      0.000000000000      0.000000000000      0.000000000000
     2      0.080020013846     -0.996793257092      0.080020013846     -0.996793257092
     3      0.913667790924     -1.549089720754      0.833647777078     -0.552296463662
     4      0.881827517148     -2.548582690697     -0.031840273776     -0.999492969943
     5     -0.040406411282     -2.935215049990     -0.922233928430     -0.386632359292
     6     -0.799877891343     -3.585755649011     -0.759471480060     -0.650540599021
     7     -1.398357347700     -4.386893802089     -0.598479456358     -0.801138153078
     8     -0.647588019981     -3.726329333959      0.750769327719      0.660564468130
     9     -1.556388320523     -3.309097966807     -0.908800300542      0.417231367152
    10     -1.646201297746     -2.313139318508     -0.089812977223      0.995958648299
    11     -2.399070809176     -1.654969508536     -0.752869511431      0.658169809972
    12     -1.575786863038     -2.222599268177      0.823283946139     -0.567629759641
    13     -0.593467086432     -2.409809995675      0.982319776605     -0.187210727497
    14     -1.315208948194     -1.717647670074     -0.721741861762      0.692162325601
    15     -1.104861827762     -0.740020906464      0.210347120432      0.977626763610
    16     -0.482004781043     -1.522356575696      0.622857046719     -0.782335669232
    17      0.327286657164     -0.934949248499      0.809291438207      0.587407327197
    18     -0.367678853456     -1.653992320261     -0.694965510619     -0.719043071762
    19     -0.347869312399     -2.653796092050      0.019809541057     -0.999803771789
    20     -1.042042699385     -3.373603919738     -0.694173386986     -0.719807827688
    21     -1.917574271608     -3.856764830864     -0.875531572223     -0.483160911126
    22     -0.952157909010     -4.117477789554      0.965416362598     -0.260712958690
    23     -1.780438714587     -4.677791011879     -0.828280805577     -0.560313222326
    24     -0.979581256889     -4.078935993991      0.800857457698      0.598855017888
    25     -1.979305690845     -4.102410579233     -0.999724433956     -0.023474585242
    26     -1.996327671788     -3.102555463646     -0.017021980943      0.999855115587
    27     -0.997054356991     -3.140671632592      0.999273314797     -0.038116168945
    28     -1.705273567560     -2.434679033636     -0.708219210569      0.705992598956
    29     -0.739544460547     -2.175126935076      0.965729107014      0.259552098559
    30     -1.340546268996     -1.375879272434     -0.601001808450      0.799247662643
    31     -2.282330415299     -1.712097388801     -0.941784146302     -0.336218116367
    32     -1.736048011868     -0.874496328807      0.546282403431      0.837601059993
    33     -2.443770373749     -1.580986992931     -0.707722361881     -0.706490664123
    34     -3.133173322139     -2.305365053581     -0.689402948390     -0.724378060650
    35     -2.672660495122     -3.193018103005      0.460512827017     -0.887653049425
    36     -3.196088023666     -2.340947904980     -0.523427528544      0.852070198025
    37     -2.672272769091     -1.489116008961      0.523815254575      0.851831896019
    38     -2.849222504933     -2.473335898511     -0.176949735841     -0.984219889550
    39     -3.053288882284     -1.494378844481     -0.204066377351      0.978957054030
    40     -2.425375162661     -2.272661801194      0.627913719623     -0.778282956712
    41     -3.092654550129     -1.527854296492     -0.667279387468      0.744807504702
    42     -2.669967091019     -2.434129813049      0.422687459110     -0.906275516557
    43     -1.953201128937     -1.736815998759      0.716765962083      0.697313814290
    44     -1.081882899256     -2.227534393183      0.871318229681     -0.490718394424
    45     -1.890882780137     -1.639725586908     -0.808999880881      0.587808806275
    46     -1.868083785574     -0.639985517767      0.022798994563      0.999740069141
    47     -1.179120194041      0.084810432513      0.688963591533      0.724795950280
    48     -2.173540594823     -0.020679218676     -0.994420400782     -0.105489651189
    49     -1.776588749367      0.897160218475      0.396951845456      0.917839437151
    50     -2.452944627078      1.633735215801     -0.676355877711      0.736574997326
    51     -3.156436392040      2.344438625551     -0.703491764963      0.710703409750
    52     -2.368378394510      1.728837624472      0.788057997530     -0.615601001078
    53     -1.591676765226      2.358706324336      0.776701629284      0.629868699863
    54     -1.031907056046      3.187354544441      0.559769709180      0.828648220106
    55     -2.023789073034      3.060192976441     -0.991882016988     -0.127161568000
    56     -1.327494770627      3.777949372745      0.696294302407      0.717756396304
    57     -1.895006741613      4.601314518223     -0.567511970986      0.823365145478
    58     -2.108499707758      5.578259119215     -0.213492966145      0.976944600992
    59     -1.216323636791      6.029946907841      0.892176070967      0.451687788626
    60     -0.243075883834      5.800188749413      0.973247752957     -0.229758158428
    61     -1.216704965254      5.572051922456     -0.973629081420     -0.228136826957
    62     -0.358119756014      6.084722809552      0.858585209239      0.512670887096
    63     -0.661330606959      5.131799318463     -0.303210850945     -0.952923491089
    64     -1.030862593112      6.061017329056     -0.369531986153      0.929218010593
    65     -2.020917380178      5.920334996807     -0.990054787066     -0.140682332249
    66     -2.254013032123      6.892788809101     -0.233095651945      0.972453812294
    67     -1.547486495316      7.600475358914      0.706526536807      0.707686549814
    68     -0.732317078381      7.021252757755      0.815169416935     -0.579222601160
    69      0.246492488457      6.816480123189      0.978809566838     -0.204772634566
    70     -0.537202909514      6.195334791402     -0.783695397971     -0.621145331786
    71     -0.918892493631      7.119625363342     -0.381689584117      0.924290571940
    72     -1.751349436584      7.673715101678     -0.832456942953      0.554089738336
    73     -1.352947813569      8.590926171595      0.398401623015      0.917211069917
    74     -0.593739054282      9.241773357824      0.759208759287      0.650847186229
    75     -0.373531243593     10.217226339833      0.220207810690      0.975452982009
    76      0.171989588038      9.379129076828      0.545520831630     -0.838097263006
    77     -0.692051010824      8.875706944301     -0.864040598862     -0.503422132527
    78      0.165465374348      9.390163598609      0.857516385172      0.514456654308
    79     -0.397261295769     10.216806626003     -0.562726670117      0.826643027394
    80     -1.139398382090      9.546558503956     -0.742137086321     -0.670248122046
    81     -1.975980377953      8.998716771155     -0.836581995862     -0.547841732801
    82     -2.913057531121      9.347839112189     -0.937077153169      0.349122341034
    83     -3.906489104340      9.233411364976     -0.993431573219     -0.114427747212
    84     -3.068043108581      8.688426675103      0.838445995759     -0.544984689873
    85     -4.066401825199      8.631156500031     -0.998358716618     -0.057270175073
    86     -3.295781589290      9.268451135194      0.770620235909      0.637294635163
    87     -3.824501530800      8.419654797166     -0.528719941510     -0.848796338028
    88     -3.954822509153      9.411126653852     -0.130320978353      0.991471856686
    89     -4.799611852999      8.876027630750     -0.844789343845     -0.535099023102
    90     -5.609848491432      9.462130513988     -0.810236638433      0.586102883238
    91     -4.722561073907      9.923347424673      0.887287417525      0.461216910685
    92     -4.325796915100      9.005426838628      0.396764158807     -0.917920586045
    93     -5.128909401696      8.409599402306     -0.803112486596     -0.595827436322
    94     -6.128685871840      8.388456797282     -0.999776470144     -0.021142605024
    95     -5.430638739221      9.104508611499      0.698047132618      0.716051814217
    96     -4.750579715455      8.371351244903      0.680059023767     -0.733157366596
    97     -5.750495670823      8.358386593003     -0.999915955369     -0.012964651900
    98     -6.140926709983      9.279018769098     -0.390431039159      0.920632176095
    99     -5.258603258342      8.808375245096      0.882323451641     -0.470643524002
   100     -4.798559458384      7.920479022488      0.460043799958     -0.887896222607
   101     -4.764752103217      8.919907390475      0.033807355167      0.999428367987
   102     -4.278376006327      8.046157831177      0.486376096890     -0.873749559298
   103     -3.908651984295      7.117016212513      0.369724022031     -0.929141618664
   104     -3.152672544474      6.462420851571      0.755979439822     -0.654595360942
   105     -4.063431179599      6.049481741598     -0.910758635125     -0.412939109973
   106     -3.285612779412      5.420992651534      0.777818400187     -0.628489090065
   107     -2.949248516823      6.362724610667      0.336364262588      0.941731959133
   108     -2.596701620183      5.426930463609      0.352546896641     -0.935794147059
   109     -2.929850623461      4.484056271781     -0.333149003279     -0.942874191828
   110     -3.031501266320      5.478876429803     -0.101650642859      0.994820158022
   111     -2.230617834916      4.880056148497      0.800883431404     -0.598820281305
   112     -1.709905156382      4.026324161037      0.520712678534     -0.853731987461
   113     -2.094718242856      3.103329638584     -0.384813086475     -0.922994522453
   114     -2.959483973922      2.601154140999     -0.864765731065     -0.502175497585
   115     -3.074154615944      1.607750575544     -0.114670642022     -0.993403565455
   116     -3.864008679411      2.221045413632     -0.789854063467      0.613294838088
   117     -4.122959163267      3.186936011428     -0.258950483856      0.965890597796
   118     -3.716711816046      2.273172862206      0.406247347221     -0.913763149222
   119     -4.678071632059      1.997877921903     -0.961359816013     -0.275294940303
   120     -5.455469979961      1.368869330007     -0.777398347902     -0.629008591896
   121     -4.832475476133      0.586643117073      0.622994503828     -0.782226212933
   122     -4.507755779843     -0.359167180418      0.324719696290     -0.945810297492
   123     -5.265515327451      0.293366702233     -0.757759547608      0.652533882652
   124     -6.197471647059      0.655937272388     -0.931956319608      0.362570570155
   125     -5.840452663667      1.590034400902      0.357018983392      0.934097128514
   126     -6.510296052028      0.847531986718     -0.669843388361     -0.742502414184
   127     -7.060636617586      0.012591712267     -0.550340565558     -0.834940274452
   128     -7.357260751522     -0.942402593039     -0.296624133936     -0.954994305306
   129     -8.309266862151     -1.248481611147     -0.952006110628     -0.306079018108
   130     -7.539768845683     -1.887130812707      0.769498016468     -0.638649201559
   131     -7.008102711352     -1.040176787033      0.531666134331      0.846954025674
   132     -7.999943856467     -0.912696816623     -0.991841145116      0.127479970410
   133     -8.999467937631     -0.881848621002     -0.999524081164      0.030848195622
   134     -8.159140282253     -0.339769815286      0.840327655378      0.542078805716
   135     -7.282329565293      0.141065880793      0.876810716960      0.480835696079
   136     -7.080301098613      1.120445530699      0.202028466680      0.979379649907
   137     -7.988476387220      0.701855462539     -0.908175288608     -0.418590068160
   138     -6.992502455030      0.791498791335      0.995973932190      0.089643328796
   139     -6.019877723041      0.559117357645      0.972624731989     -0.232381433690
   140     -7.014203875375      0.452743005540     -0.994326152333     -0.106374352105
   141     -6.213028376430     -0.145686455541      0.801175498945     -0.598429461081
   142     -5.356029520275     -0.661004765472      0.856998856154     -0.515318309931
   143     -5.065662022276      0.295910442948      0.290367498000      0.956915208420
   144     -4.457177692525      1.089476332114      0.608484329750      0.793565889166
   145     -3.713559508929      1.758080846774      0.743618183597      0.668604514660
   146     -4.243194192392      0.909854991196     -0.529634683464     -0.848225855579
   147     -4.801036172097      1.739802173659     -0.557841979704      0.829947182464
   148     -5.272417114350      2.621731880201     -0.471380942253      0.881929706542
   149     -4.486692879505      3.240308817030      0.785724234845      0.618576936829
   150     -5.330956719496      3.776236581271     -0.844263839991      0.535927764240
   151     -6.239608153340      4.193792052762     -0.908651433845      0.417555471491
   152     -5.281377920800      3.907794113179      0.958230232540     -0.285997939583
   153     -6.259455027946      3.699551052127     -0.978077107146     -0.208243061052
   154     -6.127550112738      4.690813425742      0.131904915208      0.991262373615
   155     -6.886028944039      5.342511102942     -0.758478831301      0.651697677200
   156     -6.219711980141      6.088179731504      0.666316963898      0.745668628562
   157     -5.231888420139      6.243758053598      0.987823560002      0.155578322094
   158     -6.152582463317      6.634043178675     -0.920694043178      0.390285125077
   159     -5.601535929600      5.799568662780      0.551046533717     -0.834474515895
   160     -6.223810816302      5.016769860162     -0.622274886702     -0.782798802618
   161     -5.508305919405      5.715377577351      0.715504896897      0.698607717189
   162     -4.652767472957      5.197638292915      0.855538446448     -0.517739284436
   163     -5.401310796096      4.534552406031     -0.748543323139     -0.663085886884
   164     -4.601241824860      5.134460433371      0.800068971235      0.599908027340
   165     -5.399247517611      4.531810523110     -0.798005692751     -0.602649910261
   166     -4.762941117991      5.303246953286      0.636306399620      0.771436430176
   167     -3.906372766151      4.787213370439      0.856568351840     -0.516033582847
   168     -4.801613480023      4.341630533890     -0.895240713871     -0.445582836549
   169     -4.801055645405      5.341630378300      0.000557834617      0.999999844410
   170     -4.762610863375      4.342369652196      0.038444782030     -0.999260726104
   171     -5.532001030763      4.981148777032     -0.769390167388      0.638779124836
   172     -5.032237670985      5.847310762011      0.499763359778      0.866161984979
   173     -5.366693561221      6.789722167654     -0.334455890235      0.942411405643
   174     -4.371072110720      6.696245286543      0.995621450501     -0.093476881112
   175     -5.172887801765      6.098673870231     -0.801815691045     -0.597571416312
   176     -4.246099247945      5.723090355539      0.926788553820     -0.375583514691
   177     -3.246608047236      5.691194592427      0.999491200709     -0.031895763113
   178     -4.031864207395      6.310365621248     -0.785256160159      0.619171028822
   179     -3.430593422102      7.109410953350      0.601270785293      0.799045332102
   180     -2.547536218401      6.640145596657      0.883057203701     -0.469265356693
   181     -2.886577718990      5.699374178682     -0.339041500589     -0.940771417975
   182     -1.984909974910      6.131803686562      0.901667744080      0.432429507880
   183     -1.373309942424      6.922970799290      0.611600032486      0.791167112728
   184     -2.211082055569      6.376950757134     -0.837772113145     -0.546020042156
   185     -3.122013504512      5.964393009266     -0.910931448944     -0.412557747868
   186     -3.089282068738      6.963857192273      0.032731435774      0.999464183006
   187     -2.873379548505      5.987442269324      0.215902520234     -0.976414922949
   188     -2.422953651250      6.880256085907      0.450425897255      0.892813816583
   189     -1.842810487367      6.065741562157      0.580143163883     -0.814514523750
   190     -0.848784216011      6.174882626178      0.994026271355      0.109141064020
   191     -1.755240593660      5.752583164398     -0.906456377649     -0.422299461780
   192     -2.379126275264      4.971067549525     -0.623885681604     -0.781515614872
   193     -3.087020409356      4.264748998928     -0.707894134092     -0.706318550598
   194     -3.193976699135      5.259012722533     -0.106956289779      0.994263723605
   195     -4.101544382480      4.839106899583     -0.907567683345     -0.419905822950
   196     -5.081685031789      4.640803325304     -0.980140649309     -0.198303574279
   197     -5.155569288158      3.643536502101     -0.073884256369     -0.997266823203
   198     -5.122814749219      2.644073075968      0.032754538938     -0.999463426134
   199     -6.122511117222      2.668713932346     -0.999696368002      0.024640856378
   200     -6.827479102002      1.959474804523     -0.704967984781     -0.709239127822
   201     -7.621541449608      1.351638487646     -0.794062347606     -0.607836316877
   202     -8.601606377515      1.152961017643     -0.980064927907     -0.198677470003
   203     -9.440307939872      0.608369712810     -0.838701562358     -0.544591304832
   204    -10.274256958072      1.160211207303     -0.833949018200      0.551841494493
   205    -10.709036269877      2.060748241537     -0.434779311805      0.900537034233
   206    -10.034559329396      2.799044155625      0.674476940481      0.738295914088
   207    -10.614203912757      3.613913566623     -0.579644583361      0.814869410998
   208    -11.437677474418      4.181268211660     -0.823473561661      0.567354645037
   209    -11.595657784902      5.168710474023     -0.157980310485      0.987442262362
   210    -12.154647487033      4.339535876660     -0.558989702131     -0.829174597363
   211    -12.619312836001      3.454049505524     -0.464665348968     -0.885486371137
   212    -11.922448895366      2.736846153439      0.696863940636     -0.717203352085
   213    -12.057396209655      3.727698928762     -0.134947314289      0.990852775323
   214    -11.827253022137      4.700855706080      0.230143187518      0.973156777317
   215    -12.825749786386      4.755666396498     -0.998496764249      0.054810690418
   216    -13.597790663433      4.120093517774     -0.772040877047     -0.635572878723
   217    -12.597794935904      4.117170347538      0.999995727529     -0.002923170236
   218    -12.648165675755      5.115900936119     -0.050370739851      0.998730588581
   219    -12.170308733280      5.994338607515      0.477856942475      0.878437671396
   220    -11.250229517197      5.602606254840      0.920079216083     -0.391732352675
   221    -11.883456053985      4.828639748389     -0.633226536788     -0.773966506451
   222    -12.788556116107      5.253838381437     -0.905100062123      0.425198633048
   223    -12.028341639505      4.604166195204      0.760214476602     -0.649672186233
   224    -11.062876551646      4.864698657911      0.965465087860      0.260532462707
   225    -11.565364628449      4.000114519339     -0.502488076803     -0.864584138572
   226    -11.149298524214      3.090780149095      0.416066104234     -0.909334370244
   227    -10.261410631225      2.630720273118      0.887887892989     -0.460059875977
   228    -10.084509215798      3.614948848816      0.176901415427      0.984228575698
   229     -9.789520089929      2.659448238864      0.294989125869     -0.955500609952
   230     -8.850897346655      3.004393663256      0.938622743274      0.344945424392
   231     -9.362098806505      3.863854580021     -0.511201459850      0.859460916765
   232     -8.553188094076      3.275923070986      0.808910712430     -0.587931509035
   233     -7.921676269107      2.500556825316      0.631511824969     -0.775366245670
   234     -6.954091604227      2.753103684907      0.967584664880      0.252546859591
   235     -6.781404186765      1.768127007087      0.172687417462     -0.984976677820
   236     -7.341368912828      0.939610558509     -0.559964726064     -0.828516448578
   237     -7.571408184853      1.912791905086     -0.230039272025      0.973181346577
   238     -8.421914790030      1.386827538848     -0.850506605176     -0.525964366238
   239     -9.368513150703      1.064412366174     -0.946598360673     -0.322415172674
   240     -9.996563620211      1.842584974116     -0.628050469508      0.778172607942
   241     -9.060277861470      2.193824177479      0.936285758741      0.351239203362
   242     -9.168705503748      3.187928521293     -0.108427642278      0.994104343814
   243     -8.955489138012      4.164933527105      0.213216365736      0.977005005812
   244     -8.248115777212      3.458093426070      0.707373360799     -0.706840101035
   245     -9.209582857088      3.183173338927     -0.961467079876     -0.274920087143
   246     -9.512744945973      2.230234333605     -0.303162088885     -0.952939005321
   247    -10.512474519865      2.206979676290     -0.999729573891     -0.023254657315
   248    -11.470774579217      2.492743558271     -0.958300059353      0.285763881981
   249    -11.337737593106      3.483854631928      0.133036986112      0.991111073657
   250    -10.395970717049      3.147588143616      0.941766876057     -0.336266488313
   251    -11.027759980105      3.922728341959     -0.631789263056      0.775140198343
   252    -10.554181596541      3.041976666047      0.473578383564     -0.880751675912
   253    -10.116294788737      2.142946553342      0.437886807805     -0.899030112705
   254     -9.259218986084      1.627756230735      0.857075802653     -0.515190322606
   255    -10.246046092629      1.789534664985     -0.986827106545      0.161778434250
   256    -10.806340148131      0.961240893809     -0.560294055502     -0.828293771176
   257    -11.667108229857      1.470238250858     -0.860768081726      0.508997357049
   258    -11.109680686488      0.640012658688      0.557427543369     -0.830225592170
   259    -12.047012383445      0.291574299891     -0.937331696956     -0.348438358797
   260    -12.786275926063      0.964990526719     -0.739263542619      0.673416226828
   261    -13.587873244312      1.562854841908     -0.801597318248      0.597864315190
   262    -12.587916576459      1.553545576792      0.999956667853     -0.009309265117
   263    -13.445494074609      2.067900351891     -0.857577498150      0.514354775099
   264    -12.667234151964      2.695842620579      0.778259922645      0.627942268688
   265    -11.936922570487      3.378956808662      0.730311581476      0.683114188084
   266    -12.787970500914      2.853868796881     -0.851047930427     -0.525088011781
   267    -12.158606900020      2.076757828055      0.629363600894     -0.777110968826
   268    -12.844663842487      1.349209979668     -0.686056942467     -0.727547848387
   269    -12.058827793397      0.730775097121      0.785836049090     -0.618434882547
   270    -12.662239192257     -0.066654952304     -0.603411398860     -0.797430049425
   271    -13.443549061769     -0.690798275431     -0.781309869512     -0.624143323127
   272    -14.268884500589     -0.126155544646     -0.825335438820      0.564642730785
   273    -15.258756567493      0.015806743174     -0.989872066904      0.141962287819
   274    -14.309023612572     -0.297254455854      0.949732954921     -0.313061199028
   275    -13.473832789801     -0.847214717655      0.835190822771     -0.549960261801
   276    -14.036286729484     -0.020386098330     -0.562453939683      0.826828619325
   277    -13.037376340361     -0.067055515542      0.998910389123     -0.046669417213
   278    -13.301877719156      0.897329791591     -0.264501378795      0.964385307134
   279    -12.847727967650      0.006404428160      0.454149751507     -0.890925363432
   280    -13.671580745334      0.573208274919     -0.823852777684      0.566803846760
   281    -12.702867110960      0.325027102027      0.968713634374     -0.248181172892
   282    -11.857489207145      0.859195801729      0.845377903815      0.534168699702
   283    -12.583406164258      1.546978159292     -0.725916957113      0.687782357563
   284    -11.819781275892      0.901318008851      0.763624888366     -0.645660150441
   285    -10.878509116466      0.563669194416      0.941272159426     -0.337648814435
   286    -11.631731838413      1.221434753823     -0.753222721947      0.657765559407
   287    -10.951501021133      1.954432731462      0.680230817280      0.732997977639
   288    -11.479872888613      1.105419675228     -0.528371867480     -0.849013056234
   289    -10.616666258535      1.610270458915      0.863206630078      0.504850783687
   290    -10.340015261458      2.571240919343      0.276650997077      0.960970460429
   291    -11.125802744265      1.952744329325     -0.785787482807     -0.618496590018
   292    -11.131383834560      2.952728754919     -0.005581090295      0.999984425594
   293    -12.095827380554      2.688439809655     -0.964443545995     -0.264288945265
   294    -11.227392703138      3.184243410953      0.868434677417      0.495803601298
   295    -11.985931145826      3.835871702976     -0.758538442688      0.651628292023
   296    -12.129724278776      2.846263934759     -0.143793132950     -0.989607768217
   297    -11.382698984218      2.181468320084      0.747025294558     -0.664795614674
   298    -12.382685215942      2.176220809955     -0.999986231724     -0.005247510129
   299    -13.033835618608      1.417272094226     -0.651150402666     -0.758948715729
   300    -12.296355073901      2.092640472356      0.737480544707      0.675368378130
   301    -11.724979794398      1.271951560543      0.571375279503     -0.820688911813
   302    -10.725203830834      1.293118106773      0.999775963564      0.021166546229
   303    -11.431971607301      0.585672483316     -0.706767776467     -0.707445623456
   304    -10.841684548068     -0.221520918355      0.590287059234     -0.807193401671
   305    -10.614720815429      0.752382292476      0.226963732639      0.973903210831
   306    -11.083487038380      1.635704559953     -0.468766222951      0.883322267477
   307    -10.356652590327      2.322517260129      0.726834448053      0.686812700176
   308     -9.447806750747      2.739649421294      0.908845839580      0.417132161165
   309    -10.105029972014      1.985953436544     -0.657223221266     -0.753695984750
   310     -9.406498916332      2.701533176509      0.698531055682      0.715579739965
   311    -10.121112331542      2.002013579356     -0.714613415210     -0.699519597153
   312    -10.101705302850      1.002201913472      0.019407028692     -0.999811665884
   313    -11.058122456760      1.294205728014     -0.956417153910      0.292003814542
   314    -12.008712638599      1.604654284447     -0.950590181839      0.310448556433
   315    -11.570897139873      0.705589443028      0.437815498725     -0.899064841419
   316    -10.889588637775      1.437585839856      0.681308502099      0.731996396827
   317    -10.232099000502      2.191049426818      0.657489637273      0.753463586963
   318     -9.814355966567      3.099614646051      0.417743033935      0.908565219232
   319    -10.552435626920      3.774328226004     -0.738079660353      0.674713579953
   320    -11.226942943457      4.512596388624     -0.674507316536      0.738268162620
   321    -11.809437025654      5.325431331405     -0.582494082197      0.812834942781
   322    -12.521957358653      6.027082794072     -0.712520332999      0.701651462667
   323    -11.615141746194      5.605555280141      0.906815612459     -0.421527513931
   324    -12.415403937808      6.205205532100     -0.800262191614      0.599650251958
   325    -11.609656617650      5.612946082146      0.805747320157     -0.592259449954
   326    -12.539191139060      5.244210982775     -0.929534521409     -0.368735099371
   327    -11.547018821480      5.369087290491      0.992172317580      0.124876307716
   328    -10.796610218670      6.030061517543      0.750408602811      0.660974227053
   329     -9.923643089176      6.517840556477      0.872967129494      0.487779038933
   330    -10.519950138750      5.715084116062     -0.596307049575     -0.802756440415
   331    -11.323964916530      5.120474801375     -0.804014777779     -0.594609314687
   332    -12.184356835474      5.630107753425     -0.860391918944      0.509632952050
   333    -13.182047529159      5.698028882199     -0.997690693685      0.067921128773
   334    -12.182102705972      5.708533670666      0.999944823187      0.010504788467
   335    -12.266115945613      4.712069032274     -0.084013239641     -0.996464638392
   336    -11.812479273662      5.603255752250      0.453636671951      0.891186719976
   337    -10.854117830803      5.888813705808      0.958361442860      0.285557953558
   338     -9.881241511167      6.120139594313      0.972876319635      0.231325888505
   339    -10.748713066907      5.622652810585     -0.867471555739     -0.497486783727
   340    -11.541956618627      5.013748329033     -0.793243551720     -0.608904481552
   341    -12.137022442078      5.817425295083     -0.595065823452      0.803676966050
   342    -12.638857736722      6.682388494908     -0.501835294643      0.864963199824
   343    -13.508944727198      6.189490301562     -0.870086990476     -0.492898193346
   344    -14.215366480341      6.897281447795     -0.706421753143      0.707791146233
   345    -13.569726915326      6.133639154515      0.645639565016     -0.763642293280
   346    -12.667723129884      5.701911032835      0.902003785442     -0.431728121680
   347    -13.350696951006      6.432353884578     -0.682973821122      0.730442851743
   348    -12.585448065254      5.788619356332      0.765248885752     -0.643734528245
   349    -11.894790718863      6.511801511723      0.690657346391      0.723182155391
   350    -11.912649226320      7.511642035863     -0.017858507457      0.999840524139
   351    -12.709056488020      8.116402710438     -0.796407261700      0.604760674575
   352    -11.826671093674      8.586930090985      0.882385394346      0.470527380548
   353    -12.597851009629      9.223547352162     -0.771179915955      0.636617261176
   354    -12.465911233208      8.232289618069      0.131939776421     -0.991257734092
   355    -12.086988650569      7.306861243549      0.378922582639     -0.925428374520
   356    -12.606433618359      8.161365149590     -0.519444967790      0.854503906040
   357    -13.209347415811      8.959171487520     -0.602913797452      0.797806337931
   358    -12.216107243513      8.843094098961      0.993240172297     -0.116077388559
   359    -11.358091437973      8.329470815373      0.858015805540     -0.513623283587
   360    -11.372519680550      9.329366722864     -0.014428242577      0.999895907490
   361    -10.841795438615     10.176911281588      0.530724241935      0.847544558724
   362    -11.823179051504     10.368969096719     -0.981383612889      0.192057815131
   363    -12.016311445623      9.387796391054     -0.193132394119     -0.981172705665
   364    -11.612244860245     10.302525965617      0.404066585378      0.914729574564
   365    -12.545396946887     10.662007791578     -0.933152086642      0.359481825961
   366    -13.453955554048     11.079765206058     -0.908558607161      0.417757414480
   367    -14.171640767838     10.383397534560     -0.717685213790     -0.696367671498
   368    -13.530808075820      9.615716962421      0.640832692019     -0.767680572139
   369    -13.551380128819      8.615928589496     -0.020572052999     -0.999788372925
   370    -12.891429910859      7.864619259184      0.659950217960     -0.751309330312
   371    -11.896533702349      7.965522848279      0.994896208510      0.100903589095
   372    -12.294540335546      7.048140310876     -0.398006633197     -0.917382537403
   373    -13.293164961962      7.100569839921     -0.998624626416      0.052429529044
   374    -12.366255955926      6.725283689723      0.926909006036     -0.375286150198
   375    -11.991655342657      7.652469960403      0.374600613269      0.927186270680
   376    -12.285288973721      8.608387995963     -0.293633631064      0.955918035560
   377    -11.345465416967      8.950048181192      0.939823556754      0.341660185229
   378    -11.858388170618      8.091613414429     -0.512922753651     -0.858434766763
   379    -11.089999147139      8.731596467796      0.768389023479      0.639983053367
   380    -11.269012214112      9.715443164113     -0.179013066973      0.983846696316
   381    -12.224500271738      9.420413383015     -0.955488057626     -0.295029781098
   382    -12.564051039818      8.479825654041     -0.339550768080     -0.940587728974
   383    -13.551642698095      8.322781976986     -0.987591658276     -0.157043677054
   384    -14.546049326132      8.217162574815     -0.994406628038     -0.105619402172
   385    -15.362431549810      7.639650614018     -0.816382223678     -0.577511960797
   386    -16.310491435563      7.957742508014     -0.948059885753      0.318091893996
   387    -16.187542865381      8.950155551606      0.122948570182      0.992413043591
   388    -16.072117731879      9.943471734176      0.115425133502      0.993316182570
   389    -16.237216554157     10.929748763657     -0.165098822278      0.986277029481
   390    -17.175586939697     10.584117428935     -0.938370385540     -0.345631334723
   391    -17.905186347798     11.267992200876     -0.729599408101      0.683874771941
   392    -17.445642963271     12.156147523856      0.459543384527      0.888155322980
   393    -17.510783028753     13.154023654380     -0.065140065482      0.997876130524
   394    -16.662158847444     12.625027436153      0.848624181309     -0.528996218226
   395    -15.819740317396     12.086203698525      0.842418530048     -0.538823737628
   396    -16.066663234565     11.117168573787     -0.246922917169     -0.969035124738
   397    -15.226768394795     11.659917740647      0.839894839770      0.542749166860
   398    -15.951488357627     10.970874218457     -0.724719962832     -0.689043522190
   399    -16.870774747138     11.364463514628     -0.919286389511      0.393589296171
   400    -17.560179633580     12.088839730796     -0.689404886442      0.724376216168
   401    -16.720389656826     11.545928324631      0.839789976753     -0.542911406165
   402    -17.082528656432     10.613804220788     -0.362138999605     -0.932124103843
   403    -16.997135069916     11.610151517358      0.085393586516      0.996347296570
   404    -16.630069216401     10.679956559736      0.367065853514     -0.930194957621
   405    -15.942124373786      9.954193586363      0.687944842615     -0.725762973373
   406    -16.649740812221     10.660790342694     -0.707616438434      0.706596756331
   407    -16.193715935598     11.550757371242      0.456024876623      0.889967028547
   408    -15.435320075228     12.202551601789      0.758395860370      0.651794230547
   409    -15.933508607600     11.335482869673     -0.498188532372     -0.867068732116
   410    -16.776160424334     10.797024035818     -0.842651816733     -0.538458833855
   411    -17.363226949636      9.987485343185     -0.587066525302     -0.809538692633
   412    -18.311755442568      9.670793540171     -0.948528492932     -0.316691803015
   413    -19.245189835667     10.029541688290     -0.933434393099      0.358748148120
   414    -20.239806697124     10.133162626832     -0.994616861458      0.103620938542
   415    -19.247749359395     10.007376146411      0.992057337730     -0.125786480421
   416    -19.182244309006      9.009523908666      0.065505050388     -0.997852237745
   417    -18.478394960159      8.299174632515      0.703849348847     -0.710349276150
   418    -19.089590472422      9.090654288470     -0.611195512263      0.791479655955
   419    -18.309044331439      9.715752458198      0.780546140982      0.625098169728
   420    -19.300295344763      9.847742717627     -0.991251013324      0.131990259429
   421    -18.712503528428     10.656754942905      0.587791816336      0.809012225278
   422    -17.804097588838     11.074844226334      0.908405939589      0.418089283430
   423    -18.716220675579     11.484760650298     -0.912123086740      0.409916423964
   424    -19.641902274758     11.106457098978     -0.925681599179     -0.378303551320
   425    -20.056110426098     10.196274915367     -0.414208151340     -0.910182183611
   426    -20.193743040887     11.186758263711     -0.137632614789      0.990483348344
   427    -20.823449585629     10.409925162260     -0.629706544742     -0.776833101450
   428    -21.145221396051      9.463107913781     -0.321771810422     -0.946817248479
   429    -21.606769652984      8.575992810470     -0.461548256933     -0.887115103311
   430    -22.059530513997      9.467624798869     -0.452760861013      0.891631988398
   431    -22.186124294608     10.459579442343     -0.126593780611      0.991954643475
   432    -21.846612597195      9.518977609834      0.339511697412     -0.940601832509
   433    -22.514447521278     10.263287030825     -0.667834924083      0.744309420991
   434    -21.524549477896     10.121505989392      0.989898043381     -0.141781041433
   435    -21.203890052792      9.174311430132      0.320659425105     -0.947194559260
   436    -20.331676103592      9.663435981572      0.872213949200      0.489124551440
   437    -19.778432524500      8.830416448671      0.553243579092     -0.833019532900
   438    -20.659428297836      9.303540583929     -0.880995773337      0.473124135257
   439    -20.890400309574     10.276500978700     -0.230972011738      0.972960394771
   440    -21.782185231184     10.728960538870     -0.891784921610      0.452459560170
   441    -21.943410659883      9.742042932816     -0.161225428699     -0.986917606055
   442    -21.933446449702      8.742092576790      0.009964210181     -0.999950356025
   443    -21.446705878495      7.868546003137      0.486740571207     -0.873546573653
   444    -21.716406501946      6.905601781642     -0.269700623451     -0.962944221495
   445    -22.604496898252      7.365270627648     -0.888090396306      0.459668846006
   446    -23.200350172078      6.562177310485     -0.595853273826     -0.803093317163
   447    -22.482164470449      7.258028801808      0.718185701629      0.695851491323
   448    -22.298510608550      6.275037825751      0.183653861900     -0.982990976057
   449    -23.295372444676      6.195876726246     -0.996861836126     -0.079161099506
   450    -24.181347249392      6.659610103746     -0.885974804716      0.463733377500
   451    -23.938650162418      5.689507983361      0.242697086974     -0.970102120384
   452    -24.402699488527      6.575317343742     -0.464049326109      0.885809360381
   453    -25.014422075929      7.366389702039     -0.611722587402      0.791072358297
   454    -24.957581574098      8.364772973810      0.056840501832      0.998383271771
   455    -25.465795853877      7.503542316071     -0.508214279779     -0.861230657738
   456    -26.148564628416      6.772907796962     -0.682768774540     -0.730634519109
   457    -25.583076256240      5.948151529369      0.565488372176     -0.824756267593
   458    -24.897606404377      5.220050518392      0.685469851863     -0.728101010978
   459    -23.910899304574      5.382559284918      0.986707099803      0.162508766526
   460    -23.951224246405      4.383372666179     -0.040324941832     -0.999186618739
   461    -23.403494749620      3.546717182511      0.547729496785     -0.836655483668
   462    -22.606952151525      4.151299591634      0.796542598095      0.604582409122
   463    -23.467366110145      3.641703850077     -0.860413958620     -0.509595741556
   464    -22.694008383156      3.007733956386      0.773357726989     -0.633969893691
   465    -22.692444616861      2.007735179070      0.001563766295     -0.999998777317
   466    -21.919866661923      2.642655098069      0.772577954939      0.634919919000
   467    -22.765940615595      2.109589562777     -0.846073953673     -0.533065535292
   468    -22.149826103477      1.321932970120      0.616114512119     -0.787656592657
   469    -21.166641601577      1.504547961906      0.983184501899      0.182614991786
   470    -20.449196117275      2.201162616542      0.717445484302      0.696614654637
   471    -20.122524051631      3.146300363925      0.326672065644      0.945137747383
   472    -21.085825704136      2.877879190615     -0.963301652505     -0.268421173310
   473    -21.259902582780      3.862611255860     -0.174076878644      0.984732065245
   474    -21.675924363725      2.953256606793     -0.416021780946     -0.909354649067
   475    -20.706638823495      3.199194691482      0.969285540230      0.245938084688
   476    -20.865009618984      2.211814981777     -0.158370795489     -0.987379709705
   477    -21.151935407286      1.253862168739     -0.286925788302     -0.957952813038
   478    -22.069149512558      0.855467533873     -0.917214105272     -0.398394634866
   479    -22.074816233189     -0.144516410137     -0.005666720631     -0.999983944010
   480    -21.182254953363      0.306409705490      0.892561279826      0.450926115627
   481    -20.831594448569     -0.630092942866      0.350660504793     -0.936502648356
   482    -20.708964155179     -1.622545365475      0.122630293390     -0.992452422609
   483    -21.661421245742     -1.317872605555     -0.952457090562      0.304672759920
   484    -21.497450478644     -2.304337803895      0.163970767097     -0.986465198341
   485    -20.808570126749     -1.579462738265      0.688880351895      0.724875065631
   486    -20.463108529352     -2.517895625969      0.345461597397     -0.938432887704
   487    -20.489329074528     -1.518239443568     -0.026220545175      0.999656182400
   488    -19.738947518159     -2.179244375367      0.750381556368     -0.661004931799
   489    -19.460630371351     -3.139733607890      0.278317146808     -0.960489232523
   490    -18.667910412395     -2.530147628169      0.792719958956      0.609585979721
   491    -19.642426003453     -2.754467406128     -0.974515591059     -0.224319777959
   492    -19.310010189712     -3.697600337784      0.332415813741     -0.943132931656
   493    -19.485481957524     -4.682084801197     -0.175471767812     -0.984484463413
   494    -20.325321706397     -5.224919210767     -0.839839748873     -0.542834409570
   495    -20.013563602808     -6.175080715379      0.311758103589     -0.950161504612
   496    -20.908782980374     -6.620706417097     -0.895219377565     -0.445625701718
   497    -20.041480058181     -6.122925701162      0.867302922192      0.497780715935
   498    -20.251691730627     -7.100581598074     -0.210211672446     -0.977655896912
   499    -19.552204312742     -6.385936684694      0.699487417885      0.714644913381
   500    -20.373591483356     -5.815565651110     -0.821387170614      0.570371033583
   501    -19.459915381440     -5.409122566795      0.913676101916      0.406443084316
   502    -20.145285664958     -6.137317303435     -0.685370283517     -0.728194736641
   503    -19.342697658527     -5.540783572676      0.802588006431      0.596533730759
   504    -19.640788845579     -6.495320970687     -0.298091187052     -0.954537398011
   505    -18.655438053079     -6.324781193160      0.985350792500      0.170539777527
   506    -17.946976857097     -5.619031426041      0.708461195981      0.705749767119
   507    -18.429833105942     -6.494731056594     -0.482856248845     -0.875699630553
   508    -19.169551513099     -5.821814510421     -0.739718407157      0.672916546173
   509    -18.313797038833     -5.304432369471      0.855754474266      0.517382140950
   510    -17.358347907028     -5.009276552090      0.955449131805      0.295155817381
   511    -17.163667270769     -4.028409869067      0.194680636259      0.980866683024
   512    -17.951738790321     -3.412826178516     -0.788071519552      0.615583690550
   513    -18.895801074221     -3.742593375364     -0.944062283900     -0.329767196848
   514    -19.877683401707     -3.932085050565     -0.981882327486     -0.189491675201
   515    -20.856685874822     -4.135933419788     -0.979002473115     -0.203848369223
   516    -21.632614095473     -3.505112211839     -0.775928220651      0.630821207949
   517    -21.709582369774     -4.502145754280     -0.076968274301     -0.997033542440
   518    -20.981446813158     -3.816712598391      0.728135556616      0.685433155888
   519    -21.291955188061     -2.866141954454     -0.310508374903      0.950570643937
   520    -21.429885918711     -3.856583832376     -0.137930730650     -0.990441877922
   521    -20.554099241000     -3.373885484395      0.875786677711      0.482698347981
   522    -21.411701945552     -2.859572737960     -0.857602704552      0.514312746435
   523    -20.874070668034     -3.702752795501      0.537631277518     -0.843180057541
   524    -21.569824615171     -4.421032995035     -0.695753947137     -0.718280199534
   525    -21.591660237724     -3.421271420664     -0.021835622553      0.999761574370
   526    -20.889047985619     -2.709698498757      0.702612252105      0.711572921908
   527    -20.669338697428     -1.734133109517      0.219709288191      0.975565389240
   528    -20.366298250137     -2.687110804589      0.303040447292     -0.952977695072
   529    -20.103556076049     -1.722244725822      0.262742174088      0.964866078767
   530    -19.213562917493     -1.266270847487      0.889993158556      0.455973878335
   531    -18.874070407657     -2.206879605561      0.339492509837     -0.940608758074
   532    -18.227003299322     -1.444446554525      0.647067108335      0.762433051035
   533    -19.066721038381     -0.901423425451     -0.839717739059      0.543023129075
   534    -18.747035786703     -1.848947219273      0.319685251678     -0.947523793822
   535    -18.145402279074     -2.647719478743      0.601633507629     -0.798772259470
   536    -17.404332588626     -1.976291363530      0.741069690449      0.671428115213
   537    -16.956791109989     -2.870554537825      0.447541478636     -0.894263174295
   538    -17.675773949887     -3.565582361680     -0.718982839897     -0.695027823855
   539    -16.758316090993     -3.963415338133      0.917457858894     -0.397832976453
   540    -17.522794003853     -3.318765417053     -0.764477912861      0.644649921080
   541    -17.947830688591     -4.223941541699     -0.425036684737     -0.905176124645
   542    -17.035578819268     -4.633571285389      0.912251869323     -0.409629743691
   543    -16.036396935503     -4.593129189052      0.999181883765      0.040442096337
   544    -16.809021611259     -5.227992253353     -0.772624675756     -0.634863064301
   545    -17.727557698789     -5.623329395427     -0.918536087531     -0.395337142075
   546    -17.797176533046     -4.625755730019     -0.069618834257      0.997573665409
   547    -17.550927871888     -5.594962414312      0.246248661158     -0.969206684293
   548    -17.014396252108     -6.438842631509      0.536531619779     -0.843880217197
   549    -16.064203669361     -6.127179262322      0.950192582747      0.311663369187
   550    -15.085015948029     -5.924222600959      0.979187721332      0.202956661363
   551    -14.094600298937     -5.786103659342      0.990415649092      0.138118941617
   552    -14.255912637499     -6.773007063647     -0.161312338562     -0.986903404304
   553    -15.198567624685     -6.439238318654     -0.942654987186      0.333768744993
   554    -16.073689575232     -6.923140758895     -0.875121950547     -0.483902440241
   555    -16.981210359933     -7.343147931852     -0.907520784701     -0.420007172958
   556    -17.405635172991     -8.248611116118     -0.424424813059     -0.905463184265
   557    -17.095192086206     -7.298019147991      0.310443086786      0.950591968127
   558    -17.326880300039     -6.325229051634     -0.231688213834      0.972790096357
   559    -18.162192102916     -6.875005544378     -0.835311802877     -0.549776492744
   560    -18.833367647682     -7.616303991772     -0.671175544766     -0.741298447394
   561    -19.310863287670     -8.494938110045     -0.477495639988     -0.878634118273
   562    -18.397173437629     -8.901350287436      0.913689850041     -0.406412177391
   563    -18.672681884200     -9.862648938152     -0.275508446571     -0.961298650716
   564    -17.975593188936    -10.579633841017      0.697088695263     -0.716984902865
   565    -18.973981466886    -10.636386342750     -0.998388277950     -0.056752501733
   566    -19.848954467070    -11.120558057072     -0.874973000184     -0.484171714322
   567    -18.980525380518    -11.616371451032      0.868429086552     -0.495813393960
   568    -17.984508573544    -11.705537140766      0.996016806974     -0.089165689734
   569    -17.790459762717    -12.686529015868      0.194048810827     -0.980991875102
   570    -17.368817421958    -11.779766788777      0.421642340759      0.906762227091
   571    -18.268077786589    -12.217180547825     -0.899260364630     -0.437413759049
   572    -19.202464784213    -11.860920897189     -0.934386997624      0.356259650636
   573    -18.256469578529    -11.536740282679      0.945995205683      0.324180614511
   574    -19.237994672305    -11.728073735816     -0.981525093775     -0.191333453138
   575    -19.719431468390    -10.851592925202     -0.481436796085      0.876480810614
   576    -18.921321462424    -11.454104683077      0.798110005966     -0.602511757875
   577    -18.175837564114    -12.120628319087      0.745483898310     -0.666523636011
   578    -18.686991758708    -11.261139291031     -0.511154194594      0.859489028056
   579    -18.282738368660    -12.175786324938      0.404253390048     -0.914647033907
   580    -18.656205636033    -11.248142966637     -0.373467267373      0.927643358302
   581    -19.231800844650    -12.065877737707     -0.575595208617     -0.817734771070
   582    -18.434290011236    -11.462573112674      0.797510833415      0.603304625033
   583    -19.058680954690    -10.681461117034     -0.624390943455      0.781111995639
   584    -20.052960828526    -10.788267167818     -0.994279873836     -0.106806050784
   585    -20.755819506613    -10.076937653009     -0.702858678086      0.711329514809
   586    -19.932505153498     -9.509351997839      0.823314353115      0.567585655170
   587    -19.421607669622     -8.649710351007      0.510897483876      0.859641646833
   588    -18.455798794627     -8.908965470494      0.965808874995     -0.259255119488
   589    -18.215110493503     -9.879567933762      0.240688301124     -0.970602463268
   590    -17.524161035640     -9.156664865102      0.690949457863      0.722903068661
   591    -18.343330333970     -9.730216659339     -0.819169298330     -0.573551794237
   592    -17.842087608694    -10.595523385511      0.501242725276     -0.865306726172
   593    -17.049424548401     -9.985863420575      0.792663060294      0.609659964936
   594    -17.842692901843    -10.594735590597     -0.793268353442     -0.608872170022
   595    -18.816016033539    -10.824174212685     -0.973323131696     -0.229438622088
   596    -18.808209474792    -11.824143741041      0.007806558746     -0.999969528356
   597    -19.153541251153    -12.762624409055     -0.345331776361     -0.938480668014
   598    -19.814341925138    -13.513185845089     -0.660800673985     -0.750561436033
   599    -18.935710612669    -13.990686647967      0.878631312469     -0.477500802878
   600    -17.975165238326    -13.712563323115      0.960545374344      0.278123324852
   601    -17.001311168071    -13.485388831042      0.973854070255      0.227174492073
   602    -17.951545110838    -13.796926074422     -0.950233942767     -0.311537243380
   603    -16.958430204201    -13.914070353900      0.993114906637     -0.117144279479
   604    -16.389021472716    -14.736124912010      0.569408731485     -0.822054558109
   605    -17.085630430860    -15.453575927365     -0.696608958144     -0.717451015355
   606    -16.260599321747    -16.018663238314      0.825031109113     -0.565087310950
   607    -16.994823629130    -15.339756273814     -0.734224307383      0.678906964501
   608    -16.090577368084    -15.766767631255      0.904246261046     -0.427011357442
   609    -15.281644002044    -15.178867291650      0.808933366040      0.587900339605
   610    -14.308030204853    -15.407069337914      0.973613797191     -0.228202046264
   611    -14.456881125461    -14.418209689918     -0.148850920608      0.988859647996
   612    -15.194846522688    -13.743371137007     -0.737965397227      0.674838552911
   613    -14.474285692369    -14.436762865981      0.720560830319     -0.693391728974
   614    -14.789912138900    -15.385646392158     -0.315626446531     -0.948883526177
   615    -14.479795503425    -14.434947874014      0.310116635475      0.950698518144
   616    -15.373352309112    -14.883898021592     -0.893556805687     -0.448950147577
   617    -15.236550146724    -13.893299632553      0.136802162388      0.990598389039
   618    -14.545247172683    -13.170734619504      0.691302974041      0.722565013049
   619    -15.239645203155    -13.890325736234     -0.694398030472     -0.719591116730
   620    -14.720871953434    -13.035413860440      0.518773249721      0.854911875794
   621    -14.066719634067    -13.791776698677      0.654152319368     -0.756362838237
   622    -14.757573952962    -14.514770689014     -0.690854318896     -0.722993990337
   623    -13.913606274192    -15.051164720665      0.843967678770     -0.536394031652
   624    -13.490723082657    -15.957348921762      0.422883191535     -0.906184201096
   625    -12.493420928184    -15.883943113520      0.997302154473      0.073405808242
   626    -11.921910891617    -16.704538189122      0.571510036567     -0.820595075602
   627    -11.078470222059    -17.241760523855      0.843440669558     -0.537222334733
   628    -11.466952071887    -18.163216899575     -0.388481849828     -0.921456375720
   629    -12.461615804576    -18.266386947901     -0.994663732690     -0.103170048326
   630    -11.721697089126    -17.593690660914      0.739918715450      0.672696286987
   631    -11.021427149014    -16.879812512365      0.700269940112      0.713878148548
   632    -11.839558338498    -16.304780898631     -0.818131189484      0.575031613734
   633    -12.797536812193    -16.591621000320     -0.957978473695     -0.286840101689
   634    -13.763890051504    -16.848839617206     -0.966353239311     -0.257218616885
   635    -13.013030354761    -16.188377872812      0.750859696743      0.660461744393
   636    -12.022124677849    -16.053819560311      0.990905676912      0.134558312502
   637    -12.859855338668    -15.507735922098     -0.837730660819      0.546083638212
   638    -12.223190293307    -16.278876389208      0.636665045361     -0.771140467110
   639    -11.933844683612    -17.236101084957      0.289345609695     -0.957224695748
   640    -11.800433405715    -18.227161845420      0.133411277897     -0.991060760463
   641    -12.578211103140    -17.598622384934     -0.777777697425      0.628539460486
   642    -11.663193181333    -18.002035576057      0.915017921807     -0.403413191123
   643    -11.606305048698    -19.000416134945      0.056888132635     -0.998380558888
   644    -12.011354581155    -19.914710877496     -0.405049532457     -0.914294742551
   645    -12.128401156470    -18.921584450899     -0.117046575315      0.993126426598
   646    -11.765464284438    -17.989770721165      0.362936872033      0.931813729733
   647    -12.404699846255    -18.758781707113     -0.639235561817     -0.769010985948
   648    -12.030099174270    -17.831595460155      0.374600671985      0.927186246958
   649    -12.040264115438    -16.831647124504     -0.010164941168      0.999948335651
   650    -11.537575365877    -17.696114602819      0.502688749561     -0.864467478315
   651    -10.957370191038    -18.510584955312      0.580205174839     -0.814470352493
   652     -9.970314979977    -18.670965784334      0.987055211061     -0.160380829021
   653    -10.447761044588    -19.549626842642     -0.477446064611     -0.878661058308
   654    -10.251180085164    -18.569139246396      0.196580959424      0.980487596246
   655     -9.498707202088    -19.227762477261      0.752472883076     -0.658623230865
   656     -9.992927926338    -20.097098934406     -0.494220724251     -0.869336457145
   657     -9.068110571142    -20.477510368945      0.924817355196     -0.380411434539
   658     -8.172672317372    -20.922696098370      0.895438253771     -0.445185729425
   659     -8.724666682434    -21.756543938770     -0.551994365062     -0.833847840400
   660     -7.934469057199    -22.369396052312      0.790197625235     -0.612852113542
   661     -6.935489403211    -22.324233557727      0.998979653988      0.045162494585
   662     -6.716861267553    -21.348425308993      0.218628135657      0.975808248735
   663     -6.928931628568    -20.371170909167     -0.212070361015      0.977254399826
   664     -7.122150129175    -21.352326661850     -0.193218500606     -0.981155752683
   665     -6.417393754933    -22.061776063122      0.704756374242     -0.709449401272
   666     -7.193252922088    -22.692682199359     -0.775859167155     -0.630906136237
   667     -6.871334669419    -23.639449667431      0.321918252669     -0.946767468072
   668     -7.843167979185    -23.403780369412     -0.971833309766      0.235669298019
   669     -6.901925880363    -23.741512972820      0.941242098822     -0.337732603409
   670     -6.104993731463    -23.137444143919      0.796932148900      0.604068828901
   671     -5.300591736227    -22.543358771216      0.804401995236      0.594085372703
   672     -5.705771163331    -21.629121585442     -0.405179427104      0.914237185774
   673     -6.704500119434    -21.578718487909     -0.998728956103      0.050403097533
   674     -7.434599616533    -22.262059343073     -0.730099497098     -0.683340855164
   675     -6.437209622356    -22.189856853400      0.997389994177      0.072202489674
   676     -5.886079307378    -23.024276038170      0.551130314977     -0.834419184771
   677     -6.491303297071    -22.228220812511     -0.605223989693      0.796055225660
   678     -7.445208580733    -21.928112982219     -0.953905283662      0.300107830292
   679     -8.401447371898    -22.220700361085     -0.956238791165     -0.292587378866
   680     -8.304329192395    -23.215973217748      0.097118179502     -0.995272856663
   681     -9.302313923485    -23.279427740935     -0.997984731089     -0.063454523187
   682     -8.878956283954    -22.373465098741      0.423357639531      0.905962642194
   683     -8.835337077092    -21.374416869279      0.043619206862      0.999048229463
   684     -8.114112882063    -22.067118580338      0.721224195029     -0.692701711059
   685     -7.382894267971    -21.384975385395      0.731218614091      0.682143194942
   686     -6.587747679942    -21.991392653904      0.795146588029     -0.606417268509
   687     -5.594118026249    -21.878697883390      0.993629653693      0.112694770514
   688     -4.777551580672    -21.301446430418      0.816566445577      0.577251452972
   689     -5.616584888605    -21.845526487192     -0.839033307933     -0.544080056774
   690     -6.616470665207    -21.830412462302     -0.999885776602      0.015114024890
   691     -6.869229149987    -22.797941866698     -0.252758484780     -0.967529404396
   692     -7.682327134047    -22.215815017706     -0.813097984060      0.582126848993
   693     -8.619014015232    -22.565983101083     -0.936686881185     -0.350168083378
   694     -9.462398849214    -22.028673114382     -0.843384833982      0.537309986702
   695    -10.411750154170    -22.342889759034     -0.949351304957     -0.314216644652
   696    -10.389764173767    -21.343131479915      0.021985980403      0.999758279118
   697     -9.461512368796    -21.715083878170      0.928251804971     -0.371952398255
   698     -8.466234867450    -21.812154446912      0.995277501345     -0.097070568743
   699     -8.844988121010    -22.737652136223     -0.378753253559     -0.925497689310
   700     -9.334845229251    -21.865849398497     -0.489857108241      0.871802737726
   701    -10.234919952976    -22.301584973944     -0.900074723726     -0.435735575447
   702    -10.430391647755    -21.320875630387     -0.195471694779      0.980709343557
   703    -11.051658304428    -20.537276408012     -0.621266656673      0.783599222375
   704    -10.534287364992    -19.681515161503      0.517370939436      0.855761246509
   705     -9.711113701138    -19.113725482892      0.823173663854      0.567789678611
   706     -8.987814678133    -18.423190528440      0.723299023005      0.690534954452
   707     -8.222693445689    -17.779304280983      0.765121232443      0.643886247457
   708     -9.218440487937    -17.687174872781     -0.995747042247      0.092129408202
   709     -9.383803585458    -18.673407627245     -0.165363097522     -0.986232754464
   710    -10.379131088489    -18.576851106437     -0.995327503031      0.096556520809
   711     -9.498533149436    -18.102986917311      0.880597939053      0.473864189126
   712    -10.059909643920    -18.930547447690     -0.561376494484     -0.827560530379
   713    -10.814844047559    -19.586347757390     -0.754934403639     -0.655800309700
   714    -10.165934123541    -18.825482519315      0.648909924018      0.760865238075
   715    -10.605631932218    -17.927336742147     -0.439697808677      0.898145777168
   716    -11.564364551748    -18.211646017847     -0.958732619530     -0.284309275699
   717    -12.469793511356    -18.636143837751     -0.905428959608     -0.424497819904
   718    -11.866199690251    -19.433435816341      0.603593821105     -0.797291978590
   719    -11.187288926226    -18.699215022239      0.678910764025      0.734220794101
   720    -10.633427863541    -17.866605916331      0.553861062685      0.832609105908
   721    -10.315224379186    -18.814628354116      0.318203484355     -0.948022437785
   722     -9.503603128758    -18.230444354118      0.811621250428      0.584183999998
   723     -9.633492842577    -19.221972801640     -0.129889713819     -0.991528447521
   724     -9.464962130156    -20.207669204682      0.168530712421     -0.985696403042
   725    -10.406052656965    -20.545823933100     -0.941090526808     -0.338154728418
   726    -11.234433280885    -21.105989571026     -0.828380623920     -0.560165637926
   727    -11.119709108422    -22.099386955889      0.114724172463     -0.993397384863
   728    -11.273561472774    -23.087480802638     -0.153852364352     -0.988093846749
   729    -12.126043863353    -23.610236743543     -0.852482390580     -0.522755940905
   730    -11.209173329600    -24.009421443069      0.916870533753     -0.399184699526
   731    -10.885085635581    -23.063394399806      0.324087694019      0.946027043263
   732    -11.627790689472    -22.393775700153     -0.742705053891      0.669618699653
   733    -10.656810206149    -22.632934436155      0.970980483323     -0.239158736002
   734    -10.897834308208    -21.662415305881     -0.241024102059      0.970519130273
   735     -9.910910764338    -21.501226228843      0.986923543869      0.161189077038
   736    -10.910731980322    -21.482317604665     -0.999821215984      0.018908624178
   737    -11.910661156167    -21.494219003503     -0.999929175845     -0.011901398838
   738    -12.881011863586    -21.735920274935     -0.970350707419     -0.241701271432
   739    -13.852184382369    -21.974297997805     -0.971172518783     -0.238377722870
   740    -14.834447751708    -22.161804459708     -0.982263369339     -0.187506461903
   741    -14.471042837867    -21.230173165366      0.363404913840      0.931631294342
   742    -14.500075610520    -20.230594705158     -0.029032772653      0.999578460208
   743    -14.118843754214    -19.306115245280      0.381231856306      0.924479459879
   744    -14.220380728867    -20.300947011348     -0.101536974653     -0.994831766068
   745    -15.215446075455    -20.400168763096     -0.995065346588     -0.099221751748
   746    -16.112415050368    -19.958075268410     -0.896968974913      0.442093494687
   747    -15.677370010209    -20.858483960634      0.435045040159     -0.900408692225
   748    -15.298688608619    -19.932956869680      0.378681401590      0.925527090954
   749    -16.178455796240    -19.457552099421     -0.879767187621      0.475404770259
   750    -16.652802587823    -20.337890171592     -0.474346791583     -0.880338072171
   751    -17.617421224984    -20.601539341594     -0.964618637160     -0.263649170002
   752    -16.925976675259    -19.879109805477      0.691444549725      0.722429536118
   753    -16.503922052025    -20.785680208152      0.422054623234     -0.906570402675
   754    -15.692070500891    -21.369544112604      0.811851551134     -0.583863904452
   755    -14.718674900836    -21.598675092161      0.973395600055     -0.229130979557
   756    -14.337871513120    -20.674019058868      0.380803387716      0.924656033293
   757    -14.024614745536    -21.623687526052      0.313256767584     -0.949668467183
   758    -14.892036634610    -22.121260903912     -0.867421889074     -0.497573377861
   759    -14.333263166324    -21.291940573075      0.558773468286      0.829320330837
   760    -15.007829516051    -22.030154796601     -0.674566349727     -0.738214223526
   761    -14.013764324765    -22.138940804313      0.994065191286     -0.108786007712
   762    -14.628536253670    -22.927645739907     -0.614771928905     -0.788704935594
   763    -14.213018943721    -22.018060468955      0.415517309948      0.909585270952
   764    -13.523765185316    -22.742580486983      0.689253758406     -0.724520018028
   765    -12.817619364085    -22.034514050017      0.706145821231      0.708066436966
   766    -12.217923919916    -22.834742376336      0.599695444169     -0.800228326319
   767    -11.325564248394    -22.383417419523      0.892359671521      0.451324956813
   768    -10.355918760561    -22.627932506838      0.969645487833     -0.244515087315
   769    -10.972289041180    -21.840476046346     -0.616370280619      0.787456460492
   770     -9.972606149361    -21.815294390228      0.999682891819      0.025181656118
   771    -10.916233701839    -21.484285263158     -0.943627552478      0.331009127070
   772    -11.914649580211    -21.428020408987     -0.998415878372      0.056264854171
   773    -11.259526250745    -22.183542363127      0.655123329466     -0.755521954141
   774    -10.551729732172    -21.477125992779      0.707796518573      0.706416370348
   775     -9.556651545054    -21.576218886179      0.995078187118     -0.099092893400
   776     -8.935747282367    -20.792332480775      0.620904262686      0.783886405404
   777     -8.095185682275    -21.334048454741      0.840561600092     -0.541715973967
   778     -7.364426908023    -22.016684238929      0.730758774252     -0.682635784188
   779     -7.286518333535    -21.019723731175      0.077908574488      0.996960507754
   780     -8.218814305040    -21.381420042347     -0.932295971505     -0.361696311172
   781     -9.211840942344    -21.263529849355     -0.993026637305      0.117890192992
   782    -10.211048598818    -21.223729607591     -0.999207656474      0.039800241765
   783    -10.770695334958    -22.052460885344     -0.559646736140     -0.828731277754
   784    -10.062128655921    -21.346817022366      0.708566679037      0.705643862978
   785     -9.184107163201    -20.868195816901      0.878021492720      0.478621205466
   786     -9.569669474263    -19.945514016772     -0.385562311062      0.922681800129
   787     -9.224439716223    -19.006995815476      0.345229758040      0.938518201296
   788     -9.862034630388    -18.236624005613     -0.637594914165      0.770371809863
   789    -10.320413170763    -19.125381066751     -0.458378540375     -0.888757061138
   790     -9.876525728135    -20.021463617791      0.443887442628     -0.896082551039
   791    -10.462273698773    -20.831956871861     -0.585747970637     -0.810493254071
   792     -9.986879589831    -19.952183923207      0.475394108942      0.879772948654
   793     -9.227263042544    -20.602555125743      0.759616547287     -0.650371202536
   794     -8.337970249728    -21.059893434487      0.889292792816     -0.457338308744
   795     -7.811505422919    -20.209696524276      0.526464826809      0.850196910211
   796     -7.173169461432    -20.979454408466      0.638335961487     -0.769757884190
   797     -8.004541525121    -21.535170605564     -0.831372063689     -0.555716197098
   798     -7.069053175724    -21.181813069714      0.935488349397      0.353357535850
   799     -7.721740228178    -20.424185449073     -0.652687052454      0.757627620642
   800     -8.519403525650    -19.821082419844     -0.797663297472      0.603103029229
   801     -9.370008277669    -19.295276794311     -0.850604752019      0.525805625533
   802     -9.404716180100    -20.294674293561     -0.034707902430     -0.999397499251
   803     -9.924668630426    -19.440479087886     -0.519952450326      0.854195205676
   804     -9.011352066103    -19.847729444956      0.913316564323     -0.407250357070
   805     -9.843302137954    -20.402579945494     -0.831950071851     -0.554850500538
   806    -10.315691625374    -21.283969854771     -0.472389487420     -0.881389909277
   807     -9.371579819950    -20.954344463062      0.944111805424      0.329625391709
   808    -10.367100178782    -20.859797040299     -0.995520358832      0.094547422762
   809     -9.776593181327    -21.666829558824      0.590506997455     -0.807032518525
   810    -10.648834570753    -22.155905175240     -0.872241389426     -0.489075616416
   811     -9.719320988715    -21.787117294735      0.929513582038      0.368787880505
   812     -8.723481819622    -21.878245497285      0.995839169093     -0.091128202550
   813     -7.998527491350    -22.567042435373      0.724954328272     -0.688796938088
   814     -8.877012697206    -23.044811985567     -0.878485205856     -0.477769550194
   815     -9.838610509677    -23.319274454861     -0.961597812471     -0.274462469293
   816     -9.296572217709    -22.478920666246      0.542038291968      0.840353788615
   817     -8.304720219806    -22.606316169529      0.991851997903     -0.127395503283
   818     -8.993997900604    -21.881818910214     -0.689277680798      0.724497259314
   819     -8.302810541119    -21.159143302429      0.691187359485      0.722675607785
   820     -8.862076443591    -20.330154972999     -0.559265902473      0.828988329430
   821     -8.128815104458    -21.010101888965      0.733261339133     -0.679946915967
   822     -8.043248304453    -22.006434324820      0.085566800006     -0.996332435855
   823     -7.424484519915    -21.220857225521      0.618763784538      0.785577099300
   824     -6.779681737091    -21.985206210777      0.644802782824     -0.764348985257
   825     -5.816656020801    -22.254615694210      0.963025716290     -0.269409483433
   826     -5.769052965411    -21.255749362253      0.047603055390      0.998866331957
   827     -6.161558605769    -20.335999764652     -0.392505640358      0.919749597601
   828     -5.412048476502    -19.674006889973      0.749510129267      0.661992874679
   829     -5.756925241548    -20.612654862820     -0.344876765046     -0.938647972848
   830     -4.763217722018    -20.500648766428      0.993707519530      0.112006096392
   831     -3.786599842397    -20.285666168981      0.976617879621      0.214982597447
   832     -4.143196942597    -21.219924435270     -0.356597100200     -0.934258266289
   833     -3.528029530029    -22.008320943706      0.615167412569     -0.788396508436
   834     -3.767707283742    -22.979173442480     -0.239677753713     -0.970852498774
   835     -2.960131433952    -23.568937163673      0.807575849790     -0.589763721194
   836     -3.683205210329    -24.259707975098     -0.723073776377     -0.690770811425
   837     -2.983241564150    -24.973886450010      0.699963646179     -0.714178474912
   838     -2.412613044819    -25.795094762758      0.570628519331     -0.821208312748
   839     -1.746274600728    -25.049445329092      0.666338444091      0.745649433666
   840     -2.657004072726    -25.462448753816     -0.910729471998     -0.413003424724
   841     -2.619868750420    -24.463138507777      0.037135322306      0.999310246038
   842     -1.969189331409    -25.222491056779      0.650679419011     -0.759352549002
   843     -2.695933018698    -24.535582319766     -0.726743687289      0.686908737013
   844     -1.975743439738    -23.841804999326      0.720189578961      0.693777320440
   845     -2.956686272286    -24.036101574881     -0.980942832548     -0.194296575555
   846     -2.726984329449    -23.062840552618      0.229701942837      0.973261022263
   847     -1.925404340926    -23.660728102245      0.801579988523     -0.597887549628
   848     -1.452160282291    -22.779796742282      0.473244058635      0.880931359963
   849     -0.701470877397    -23.440452036199      0.750689404894     -0.660655293917
   850     -1.575825135297    -23.925740230669     -0.874354257900     -0.485288194470
   851     -2.116414549653    -24.767026796048     -0.540589414355     -0.841286565379
   852     -1.401121157438    -25.465851067989      0.715293392215     -0.698824271941
   853     -2.335045097772    -25.108379287744     -0.933923940334      0.357471780245
   854     -3.179312869224    -25.644300858580     -0.844267771452     -0.535921570836
   855     -3.953817591242    -26.276868985798     -0.774504722017     -0.632568127218
   856     -4.834040722167    -26.751429034458     -0.880223130926     -0.474560048659
   857     -5.834036956149    -26.748684581517     -0.999996233982      0.002744452941
   858     -4.868118079164    -26.489839602651      0.965918876985      0.258844978866
   859     -4.308273858058    -25.661241721834      0.559844221106      0.828597880817
   860     -4.959727159350    -26.419930456583     -0.651453301292     -0.758688734749
   861     -4.300332495541    -25.668133491080      0.659394663809      0.751796965503
   862     -3.300853082753    -25.700396525865      0.999479412788     -0.032263034785
   863     -3.459441010089    -26.687741384211     -0.158587927335     -0.987344858347
   864     -3.509570963546    -25.688998680726     -0.050129953457      0.998742703486
   865     -4.269313481437    -25.038774637407     -0.759742517891      0.650224043318
   866     -4.066777430455    -26.018049444626      0.202536050982     -0.979274807218
   867     -4.750956511023    -26.747363496125     -0.684179080568     -0.729314051499
   868     -5.699347964845    -26.430261540412     -0.948391453822      0.317101955713
   869     -5.075802497337    -27.212048627763      0.623545467508     -0.781787087352
   870     -4.751730000528    -26.266016378412      0.324072496809      0.946032249351
   871     -5.673699015411    -25.878752727142     -0.921969014883      0.387263651271
   872     -6.522761440963    -26.407045257389     -0.849062425552     -0.528292530248
   873     -7.248505654702    -25.719080624415     -0.725744213739      0.687964632975
   874     -8.224475103358    -25.936988025139     -0.975969448656     -0.217907400724
   875     -7.552951284384    -25.196005056002      0.671523818974      0.740982969136
   876     -8.380043001741    -24.633938075048     -0.827091717358      0.562066980954
   877     -7.428557059087    -24.941630292909      0.951485942654     -0.307692217860
   878     -6.818150422018    -25.733718506066      0.610406637069     -0.792088213157
   879     -6.926929910456    -26.727784410770     -0.108779488438     -0.994065904704
   880     -7.925334395833    -26.784251069776     -0.998404485377     -0.056466659006
   881     -6.928579803116    -26.864751267900      0.996754592717     -0.080500198124
   882     -6.519990665622    -27.777469689277      0.408589137495     -0.912718421377
   883     -7.485077962010    -28.039398134373     -0.965087296388     -0.261928445096
   884     -7.929849444563    -28.935042220105     -0.444771482554     -0.895644085732
   885     -7.946989629377    -29.934895316347     -0.017140184813     -0.999853096242
   886     -8.905631242978    -30.219511297404     -0.958641613601     -0.284615981057
   887     -9.897898750448    -30.343628957781     -0.992267507471     -0.124117660378
   888    -10.793179716517    -29.898127002909     -0.895280966069      0.445501954872
   889     -9.799582670217    -29.785145103548      0.993597046300      0.112981899361
   890     -9.470627222834    -28.840799661648      0.328955447383      0.944345441900
   891     -8.653150033843    -29.416760637305      0.817477188991     -0.575960975657
   892     -9.552558720257    -28.979651938235     -0.899408686414      0.437108699070
   893     -9.375399872413    -27.995469667195      0.177158847844      0.984182271041
   894     -9.990760978456    -27.207224331547     -0.615361106043      0.788245335647
   895    -10.770691892336    -27.833089947773     -0.779930913881     -0.625865616226
   896     -9.815973213129    -28.130600020832      0.954718679208     -0.297510073059
   897    -10.350626073986    -27.285528237859     -0.534652860857      0.845071782973
   898    -10.228028746949    -28.277984733330      0.122597327036     -0.992456495472
   899     -9.243613586153    -28.102124586637      0.984415160796      0.175860146693
   900     -9.106742040706    -27.111535781912      0.136871545447      0.990588804725
   901     -8.414328613557    -26.390034814551      0.692413427149      0.721500967361
   902     -7.945431732235    -27.273287731153      0.468896881322     -0.883252916602
   903     -7.694162049874    -26.305370613459      0.251269682362      0.967917117694
   904     -7.835492828131    -27.295333042603     -0.141330778257     -0.989962429144
   905     -6.886606005891    -27.610949579843      0.948886822240     -0.315616537240
   906     -7.443434273395    -28.441577222357     -0.556828267504     -0.830627642514
   907     -8.100440557671    -27.687692123405     -0.657006284276      0.753885098952
   908     -7.223086602877    -28.167535887569      0.877353954794     -0.479843764164
   909     -7.978731522795    -27.512554395463     -0.755644919918      0.654981492106
   910     -8.940819913765    -27.785292232886     -0.962088390969     -0.272737837423
   911     -9.312500477008    -28.713652916514     -0.371680563243     -0.928360683629
   912     -9.388399874057    -29.710768397052     -0.075899397049     -0.997115480538
   913     -9.554959053203    -30.696799856916     -0.166559179147     -0.986031459864
   914     -9.935180684933    -31.621695262227     -0.380221631729     -0.924895405311
   915    -10.823323004281    -32.081263777884     -0.888142319348     -0.459568515657
   916    -11.361416712868    -32.924148800161     -0.538093708587     -0.842885022277
   917    -12.010941373590    -33.684489325922     -0.649524660722     -0.760340525761
   918    -12.981683320415    -33.924614444710     -0.970741946826     -0.240125118788
   919    -13.864223486965    -33.454377425298     -0.882540166550      0.470237019413
   920    -12.965430790622    -33.016003510699      0.898792696343      0.438373914599
   921    -12.466316845588    -33.882539874548      0.499113945034     -0.866536363849
   922    -11.592967495500    -34.369634231630      0.873349350088     -0.487094357082
   923    -11.095200943407    -33.502323180382      0.497766552093      0.867311051248
   924    -10.601616714776    -34.372021179257      0.493584228631     -0.869697998875
   925    -10.445151697885    -33.384337678084      0.156465016891      0.987683501173
   926    -11.444000004271    -33.432317474143     -0.998848306386     -0.047979796060
   927    -12.184778602741    -32.760568214338     -0.740778598470      0.671749259805
   928    -12.537657361718    -31.824899158815     -0.352878758976      0.935669055523
   929    -11.629396910061    -31.406493910333      0.908260451656      0.418405248482
   930    -11.774222469699    -32.395951113691     -0.144825559638     -0.989457203357
   931    -10.924145180531    -31.869293157858      0.850077289168      0.526657955832
   932    -10.087149130432    -31.322084228730      0.836996050099      0.547208929129
   933    -10.762077204127    -32.059967752966     -0.674928073695     -0.737883524236
   934    -11.225871087440    -31.174024620591     -0.463793883314      0.885943132374
   935    -10.311094442740    -31.577984631374      0.914776644700     -0.403960010783
   936    -10.775532521276    -30.692379035634     -0.464438078535      0.885605595740
   937    -11.754067758928    -30.898458604422     -0.978535237653     -0.206079568788
   938    -10.974841286685    -31.525201059467      0.779226472243     -0.626742455045
   939    -11.522930282975    -32.361621080835     -0.548088996290     -0.836420021368
   940    -11.981936790915    -33.250053985262     -0.459006507939     -0.888432904428
   941    -12.938477704842    -33.541652133374     -0.956540913928     -0.291598148112
   942    -13.827997891226    -33.084756261194     -0.889520186384      0.456895872180
   943    -14.304509700772    -32.205588191162     -0.476511809545      0.879168070032
   944    -15.011813772831    -32.912497626414     -0.707304072059     -0.706909435252
   945    -14.609550041146    -31.996973792661      0.402263731685      0.915523833754
   946    -13.703463951286    -32.420067160327      0.906086089860     -0.423093367666
   947    -13.471946174652    -31.447236486930      0.231517776635      0.972830673397
   948    -13.026932390675    -30.551712767494      0.445013783976      0.895523719435
   949    -12.051418668070    -30.771651343028      0.975513722606     -0.219938575534
   950    -12.989350857945    -31.118470038019     -0.937932189876     -0.346818694991
   951    -12.344532112179    -31.882805556695      0.644818745766     -0.764335518676
   952    -11.359544228096    -32.055429043537      0.984987884083     -0.172623486842
   953    -11.444073640321    -31.059008058978     -0.084529412224      0.996420984559
   954    -10.825210650228    -31.844507008368      0.618862990093     -0.785498949390
   955    -10.249012987256    -31.027196630858      0.576197662972      0.817310377510
   956    -11.151149292736    -31.458647771005     -0.902136305481     -0.431451140146
   957    -10.599121651575    -30.624821959822      0.552027641161      0.833825811182
   958     -9.640176077086    -30.908412130965      0.958945574489     -0.283590171143
   959     -9.290843740744    -31.845411020391      0.349332336342     -0.936998889426
   960     -9.246752437144    -32.844438525992      0.044091303601     -0.999027505601
   961     -9.859764983009    -32.054365353044     -0.613012545866      0.790073172947
   962     -9.395515836666    -31.168660701301      0.464249146343      0.885704651743
   963     -8.622186326355    -30.534656388633      0.773329510311      0.634004312668
   964     -7.775796614388    -31.067220427483      0.846389711967     -0.532564038850
   965     -6.835008300381    -30.728225813618      0.940788314006      0.338994613865
   966     -7.419782464551    -31.539421953229     -0.584774164170     -0.811196139611
   967     -6.707205401202    -32.241015802111      0.712577063349     -0.701593848882
   968     -6.689523413102    -31.241172140683      0.017681988100      0.999843661428
   969     -7.678379831557    -31.092299766888     -0.988856418455      0.148872373795
   970     -7.784647202530    -30.097962175390     -0.106267370973      0.994337591498
   971     -7.390722399670    -29.178819504369      0.393924802860      0.919142671021
   972     -8.059946390382    -28.435758773166     -0.669223990712      0.743060731203
   973     -8.325981875524    -27.471795537018     -0.266035485142      0.963963236148
   974     -7.498268790740    -26.910643998414      0.827713084784      0.561151538604
   975     -8.490364128424    -26.785157581038     -0.992095337684      0.125486417375
   976     -7.584257454323    -27.208206863214      0.906106674101     -0.423049282176
   977     -8.179995815041    -28.011385427151     -0.595738360718     -0.803178563937
   978     -7.721853746483    -28.900264409363      0.458142068558     -0.888878982211
   979     -7.858753305084    -29.890849343053     -0.136899558601     -0.990584933691
   980     -7.386344660753    -29.009469701377      0.472408644331      0.881379641676
   981     -8.373098445789    -29.171694754061     -0.986753785035     -0.162225052684
   982     -8.393801661356    -28.171909088598     -0.020703215567      0.999785665463
   983     -9.393082090792    -28.133979900016     -0.999280429436      0.037929188582
   984     -9.185076792837    -27.155852200774      0.208005297954      0.978127699241
   985     -8.934246530114    -26.187821116923      0.250830262723      0.968031083851
   986     -9.933623239400    -26.152519658916     -0.999376709286      0.035301458007
   987    -10.931362747827    -26.085319410968     -0.997739508427      0.067200247948
   988    -11.367457544559    -26.985220143418     -0.436094796732     -0.899900732450
   989    -10.992974205724    -26.057986500297      0.374483338834      0.927233643121
   990    -11.894174282782    -26.491389801059     -0.901200077058     -0.433403300762
   991    -12.860395771693    -26.233676715696     -0.966221488911      0.257713085362
   992    -13.685900051304    -26.798072573533     -0.825504279611     -0.564395857837
   993    -12.947462401013    -27.472394333995      0.738437650291     -0.674321760462
   994    -11.947465944054    -27.475056301313      0.999996456959     -0.002661967318
   995    -12.604783803076    -28.228669751439     -0.657317859022     -0.753613450126
   996    -12.889845407646    -29.187178948891     -0.285061604570     -0.958509197452
   997    -12.141253037489    -29.850209463530      0.748592370157     -0.663030514640
   998    -11.297297821373    -30.386623103542      0.843955216116     -0.536413640012
   999    -10.342488572412    -30.089403827422      0.954809248962      0.297219276120
  1000     -9.796757725782    -30.927364353364      0.545730846630     -0.837960525942
