# File chua thong tin toa do tai lan chay thu 10
##########################################################################################
#  Step                   x                   y            delta_x            delta_y
     1      0.000000000000      0.000000000000      0.000000000000      0.000000000000
     2      0.641050739871     -0.767498500918      0.641050739871     -0.767498500918
     3     -0.195976430386     -0.220337175300     -0.837027170257      0.547161325618
     4     -0.633187608526     -1.119696050116     -0.437211178140     -0.899358874816
     5     -0.250112569248     -2.043413276480      0.383075039278     -0.923717226364
     6      0.580201172322     -2.600709508802      0.830313741570     -0.557296232322
     7      0.991682551248     -3.512127675615      0.411481378926     -0.911418166813
     8      0.246361850474     -4.178833797530     -0.745320700773     -0.666706121915
     9      0.602733056916     -5.113178253938      0.356371206442     -0.934344456407
    10     -0.109840349772     -4.411580691170     -0.712573406688      0.701597562767
    11      0.696272634916     -3.819819036518      0.806112984688      0.591761654653
    12      1.608926577487     -4.228552178200      0.912653942571     -0.408733141682
    13      1.506450717989     -3.233816686614     -0.102475859498      0.994735491586
    14      2.127755511541     -4.017385671139      0.621304793552     -0.783568984525
    15      1.179870618247     -4.335998648062     -0.947884893295     -0.318612976922
    16      1.084788909497     -3.340529176575     -0.095081708749      0.995469471486
    17      1.199151890255     -2.347090145415      0.114362980758      0.993439031160
    18      2.198624760326     -2.379555234251      0.999472870070     -0.032465088836
    19      3.071474815199     -1.891566728539      0.872850054874      0.487988505712
    20      4.063228271282     -2.019727105993      0.991753456082     -0.128160377454
    21      5.039219559292     -2.237536668981      0.975991288010     -0.217809562987
    22      5.606605151280     -1.414084429926      0.567385591988      0.823452239055
    23      6.606604694182     -1.415040565213      0.999999542903     -0.000956135287
    24      5.676035972004     -1.048923298066     -0.930568722178      0.366117267147
    25      6.563038439178     -0.587158614241      0.887002467174      0.461764683825
    26      7.561034268563     -0.650438346620      0.997995829385     -0.063279732379
    27      6.808808582737      0.008467198646     -0.752225685826      0.658905545267
    28      6.500822042582      0.959857912855     -0.307986540155      0.951390714209
    29      6.895235080642      0.040924642477      0.394413038060     -0.918933270378
    30      6.188866895333     -0.666919963904     -0.706368185309     -0.707844606381
    31      7.188668739128     -0.647013353344      0.999801843795      0.019906610560
    32      7.245660392756     -1.645388008179      0.056991653628     -0.998374654835
    33      6.370334172631     -1.161855167142     -0.875326220125      0.483532841037
    34      7.091046827399     -0.468621246119      0.720712654768      0.693233921023
    35      7.482099211498      0.451747176248      0.391052384099      0.920368422367
    36      7.108790368957      1.379454300334     -0.373308842541      0.927707124086
    37      6.389315593180      0.684935728213     -0.719474775777     -0.694518572121
    38      5.585837120713      0.089601919092     -0.803478472467     -0.595333809121
    39      6.259973235562      0.828209053269      0.674136114849      0.738607134176
    40      5.310026148542      1.140619891529     -0.949947087020      0.312410838260
    41      4.501937479989      0.551559025611     -0.808088668553     -0.589060865918
    42      3.868209988988      1.325115401804     -0.633727491001      0.773556376193
    43      3.472261778315      0.406842558655     -0.395948210673     -0.918272843149
    44      2.574260780550     -0.033150859492     -0.898000997765     -0.439993418147
    45      1.578295708313      0.056590852571     -0.995965072237      0.089741712062
    46      0.670789219219      0.476628913052     -0.907506489094      0.420038060482
    47     -0.256611440270      0.102559378368     -0.927400659489     -0.374069534685
    48      0.593853686701      0.628590810705      0.850465126971      0.526031432337
    49     -0.095975003414      1.352563447131     -0.689828690115      0.723972636427
    50     -0.114220621201      2.352396981992     -0.018245617787      0.999833534860
    51     -1.103717603238      2.496950510271     -0.989496982038      0.144553528280
    52     -0.841861268133      3.462057374699      0.261856335106      0.965106864427
    53     -1.102353075261      2.496581316778     -0.260491807128     -0.965476057921
    54     -1.553133722633      3.389216072965     -0.450780647372      0.892634756188
    55     -1.110445650163      2.492540395537      0.442688072470     -0.896675677429
    56     -0.772693610500      1.551305270978      0.337752039663     -0.941235124559
    57     -0.643190201472      0.559726294269      0.129503409028     -0.991578976708
    58      0.342658117107      0.727366065074      0.985848318579      0.167639770804
    59      1.119737787348      1.356768310143      0.777079670241      0.629402245069
    60      1.427714213666      2.308162298369      0.307976426317      0.951393988226
    61      1.081322883048      3.246252403888     -0.346391330618      0.938090105519
    62      0.151447012211      2.878378967994     -0.929875870836     -0.367873435894
    63      0.263316872861      3.872101833927      0.111869860650      0.993722865933
    64     -0.675990214394      3.529024297744     -0.939307087255     -0.343077536183
    65     -0.234130214288      2.631940276982      0.441860000106     -0.897084020762
    66     -0.131755305850      3.626686163187      0.102374908438      0.994745886205
    67      0.393127783526      4.477860494619      0.524883089376      0.851174331431
    68     -0.589871143364      4.294249193947     -0.982998926889     -0.183611300671
    69     -1.199301395114      3.501409507597     -0.609430251750     -0.792839686350
    70     -0.203171759517      3.413513267145      0.996129635597     -0.087896240452
    71     -0.927761136868      4.102694110052     -0.724589377351      0.689180842907
    72     -1.560467519534      3.328302327210     -0.632706382666     -0.774391782842
    73     -2.517857055352      3.617102044500     -0.957389535818      0.288799717290
    74     -3.368242812957      4.143261776200     -0.850385757605      0.526159731699
    75     -2.788741378241      3.328290557590      0.579501434716     -0.814971218610
    76     -2.680366268149      2.334180485459      0.108375110092     -0.994110072131
    77     -1.799678110637      2.807876980292      0.880688157512      0.473696494833
    78     -1.031580170029      3.448209357761      0.768097940607      0.640332377469
    79     -1.682924588852      4.206991571619     -0.651344418823      0.758782213859
    80     -1.654290542490      3.207401609991      0.028634046363     -0.999589961629
    81     -0.919292467785      2.529332417223      0.734998074704     -0.678069192768
    82     -0.706557553030      1.552222466376      0.212734914755     -0.977109950847
    83     -1.169602896447      2.438557058920     -0.463045343417      0.886334592544
    84     -0.752206285674      1.529832640124      0.417396610773     -0.908724418795
    85      0.241800342392      1.639152461569      0.994006628066      0.109319821444
    86     -0.500197656606      2.309554556943     -0.741997998999      0.670402095374
    87     -0.010955921388      1.437406333003      0.489241735218     -0.872148223940
    88      0.293208149545      0.484786672303      0.304164070933     -0.952619660701
    89     -0.456360171182     -0.177140312011     -0.749568320726     -0.661926984314
    90      0.170635001802      0.601882828245      0.626995172984      0.779023140256
    91      1.165353704921      0.499244133465      0.994718703119     -0.102638694780
    92      0.667105841947     -0.367790506582     -0.498247862974     -0.867034640047
    93      1.301638919147     -1.140686213607      0.634533077200     -0.772895707026
    94      1.163118706489     -0.150326606856     -0.138520212658      0.990359606752
    95      2.147490577610     -0.326428904814      0.984371871121     -0.176102297958
    96      1.227171284166      0.064739087378     -0.920319293444      0.391167992192
    97      0.601440459644     -0.715299972697     -0.625730824522     -0.780039060075
    98      1.133932037376     -1.561735274208      0.532491577732     -0.846435301511
    99      0.337117455831     -2.165959175289     -0.796814581545     -0.604223901080
   100     -0.594682022922     -1.802985717036     -0.931799478753      0.362973458253
   101     -0.079869210256     -2.660288328671      0.514812812666     -0.857302611635
   102      0.073823339645     -3.648407046287      0.153692549901     -0.988118717617
   103      0.927188404298     -3.127093257452      0.853365064653      0.521313788835
   104      1.726023860837     -2.525543664006      0.798835456539      0.601549593446
   105      2.340558003094     -3.314433889576      0.614534142257     -0.788890225571
   106      3.175690580923     -2.764385184962      0.835132577830      0.550048704614
   107      2.201383441120     -2.989608623639     -0.974307139803     -0.225223438677
   108      1.767437391619     -2.088669765491     -0.433946049502      0.900938858148
   109      2.664867633574     -1.647513375054      0.897430241956      0.441156390437
   110      2.836988273706     -2.632589252964      0.172120640132     -0.985075877910
   111      1.971146765621     -3.132907634475     -0.865841508084     -0.500318381511
   112      0.982577318809     -3.283673840335     -0.988569446812     -0.150766205859
   113      1.932879246701     -3.595003642705      0.950301927892     -0.311329802371
   114      0.950648790787     -3.407324844024     -0.982230455914      0.187678798682
   115      0.184942038591     -4.050514683528     -0.765706752196     -0.643189839504
   116      0.521690733487     -4.992109244093      0.336748694896     -0.941594560565
   117     -0.217229573939     -4.318316412969     -0.738920307426      0.673792831124
   118     -0.303172914749     -5.314616439151     -0.085943340810     -0.996300026182
   119      0.289565758571     -6.120011289614      0.592738673319     -0.805394850463
   120     -0.628150187553     -6.517248551498     -0.917715946124     -0.397237261885
   121     -1.239086906710     -5.725569118151     -0.610936719157      0.791679433348
   122     -1.670557710488     -4.823442217162     -0.431470803778      0.902126900988
   123     -1.247702845132     -5.729639636517      0.422854865356     -0.906197419355
   124     -0.326780677814     -5.339893101265      0.920922167319      0.389746535252
   125      0.609262892326     -5.691777222532      0.936043570140     -0.351884121268
   126      0.350654377628     -4.725795009381     -0.258608514698      0.965982213152
   127     -0.647528196301     -4.786057345083     -0.998182573929     -0.060262335702
   128     -1.456211881305     -4.197813605117     -0.808683685003      0.588243739966
   129     -0.660381888031     -3.592293480096      0.795829993274      0.605520125021
   130     -0.072860179857     -4.401501884911      0.587521708174     -0.809208404816
   131      0.919650791726     -4.523657405818      0.992510971583     -0.122155520907
   132      1.860343514637     -4.862917189850      0.940692722911     -0.339259784033
   133      1.552042106653     -3.911628462999     -0.308301407984      0.951288726852
   134      0.735941951378     -4.489538954822     -0.816100155276     -0.577910491823
   135      0.272426279701     -5.375627676176     -0.463515671676     -0.886088721354
   136      0.518941399696     -6.344766621639      0.246515119994     -0.969138945464
   137      0.033937811688     -5.470254460706     -0.485003588008      0.874512160933
   138     -0.791776640028     -6.034342790870     -0.825714451716     -0.564088330164
   139     -1.744418112611     -6.338438540126     -0.952641472583     -0.304095749256
   140     -0.965737500881     -6.965859056939      0.778680611729     -0.627420516812
   141     -1.601424016963     -7.737806369436     -0.635686516081     -0.771947312498
   142     -0.995957395674     -6.941935669821      0.605466621288      0.795870699615
   143     -1.371774540278     -7.868629510214     -0.375817144603     -0.926693840393
   144     -1.222092999539     -8.857363769943      0.149681540738     -0.988734259729
   145     -2.127840668473     -8.433546403355     -0.905747668933      0.423817366588
   146     -3.038369342411     -8.020100477102     -0.910528673939      0.413445926254
   147     -2.109199242810     -7.650448037631      0.929170099602      0.369652439470
   148     -1.197456229438     -7.239686942142      0.911743013372      0.410761095489
   149     -2.130583592175     -7.599232940467     -0.933127362737     -0.359545998325
   150     -2.845924771990     -6.900457585677     -0.715341179815      0.698775354789
   151     -2.144991635633     -6.187230596313      0.700933136356      0.713226989364
   152     -1.194355788093     -6.497539289990      0.950635847540     -0.310308693677
   153     -1.724826883085     -7.345242314272     -0.530471094992     -0.847703024282
   154     -0.732505081379     -7.221559486614      0.992321801707      0.123682827658
   155     -0.258594266468     -6.340986639252      0.473910814910      0.880572847362
   156     -0.582087412074     -7.287217152788     -0.323493145606     -0.946230513536
   157      0.227607218537     -7.874068586422      0.809694630611     -0.586851433635
   158     -0.721453888228     -7.558976511585     -0.949061106765      0.315092074837
   159     -1.420943904185     -8.273618881989     -0.699490015957     -0.714642370404
   160     -1.912912924348     -7.403006176362     -0.491969020163      0.870612705628
   161     -2.505880050763     -8.208232844444     -0.592967126415     -0.805226668082
   162     -2.177870686392     -7.263558373060      0.328009364371      0.944674471384
   163     -2.992352881522     -6.683369822832     -0.814482195131      0.580188550228
   164     -2.770781216791     -7.658513913410      0.221571664731     -0.975144090578
   165     -2.987170621375     -8.634821050321     -0.216389404583     -0.976307136911
   166     -3.932621712194     -8.960585128863     -0.945451090820     -0.325764078542
   167     -4.930992991776     -8.903534378597     -0.998371279582      0.057050750266
   168     -4.458314682730     -9.784769430190      0.472678309046     -0.881235051594
   169     -5.446152249533     -9.629280068461     -0.987837566804      0.155489361729
   170     -6.220348430387     -8.996334357083     -0.774196180853      0.632945711378
   171     -6.024693445462     -8.015661564112      0.195654984925      0.980672792971
   172     -5.653106268498     -7.087263497593      0.371587176964      0.928398066519
   173     -4.826110660630     -7.649471879394      0.826995607868     -0.562208381801
   174     -3.886695239609     -7.306691094128      0.939415421021      0.342780785267
   175     -4.627655474237     -7.978239998304     -0.740960234627     -0.671548904177
   176     -5.507954787580     -8.452658715187     -0.880299313343     -0.474418716882
   177     -6.359456843277     -8.977009980221     -0.851502055697     -0.524351265035
   178     -6.626641744239     -9.940655261794     -0.267184900962     -0.963645281573
   179     -7.524770332375     -9.500922343795     -0.898128588136      0.439732918000
   180     -6.722671982210    -10.098114303438      0.802098350165     -0.597191959644
   181     -7.426297915346    -10.808684881368     -0.703625933136     -0.710570577929
   182     -8.360458226194    -10.451831250817     -0.934160310848      0.356853630550
   183     -7.679984933419     -9.719058367982      0.680473292775      0.732772882836
   184     -8.394349168188     -9.019284304385     -0.714364234770      0.699774063596
   185     -9.386263869974     -9.146190665067     -0.991914701786     -0.126906360681
   186    -10.137694864149     -9.806002351075     -0.751430994175     -0.659811686008
   187     -9.155839017687     -9.616373511581      0.981855846462      0.189628839494
   188     -8.416823560633    -10.290061981303      0.739015457053     -0.673688469722
   189     -9.411352863351    -10.185604018292     -0.994529302717      0.104457963011
   190     -8.519472539359     -9.733332542654      0.891880323992      0.452271475638
   191     -8.271814145125    -10.702179960861      0.247658394233     -0.968847418207
   192     -7.779813181243    -11.572774614841      0.492000963882     -0.870594653980
   193     -7.577620150582    -10.593428925949      0.202193030662      0.979345688892
   194     -6.671780166605    -11.017048948410      0.905839983976     -0.423620022461
   195     -6.840215018564    -10.031336160299     -0.168434851959      0.985712788111
   196     -7.798890601968    -10.315837699463     -0.958675583403     -0.284501539164
   197     -8.216282341906     -9.407111043404     -0.417391739939      0.908726656058
   198     -7.815055732328     -8.491132218449      0.401226609579      0.915978824955
   199     -7.379647992504     -9.391365577141      0.435407739823     -0.900233358692
   200     -8.306278807618     -9.767338092736     -0.926630815113     -0.375972515595
   201     -9.303759661202     -9.838274308683     -0.997480853584     -0.070936215946
   202     -9.985310628368     -9.106503662131     -0.681550967166      0.731770646552
   203     -9.620122352194     -8.175569978700      0.365188276174      0.930933683430
   204    -10.273646561608     -7.418664365226     -0.653524209414      0.756905613475
   205     -9.668351318854     -8.214665413654      0.605295242755     -0.796001048428
   206     -9.969719391807     -9.168173297525     -0.301368072953     -0.953507883871
   207    -10.528286753015     -9.997632460469     -0.558567361208     -0.829459162945
   208     -9.848402485029     -9.264313033382      0.679884267986      0.733319427088
   209     -9.331077823246    -10.120102256445      0.517324661782     -0.855789223064
   210    -10.184220751925     -9.598425015955     -0.853142928679      0.521677240490
   211     -9.518697363058     -8.852048020818      0.665523388867      0.746376995138
   212     -8.782084571929     -8.175733304177      0.736612791130      0.676314716640
   213     -9.768375519199     -8.340748962020     -0.986290947270     -0.165015657843
   214    -10.604642445319     -8.889071520627     -0.836266926120     -0.548322558607
   215    -10.384607908316     -9.864563602874      0.220034537002     -0.975492082247
   216     -9.465500186002    -10.258569941379      0.919107722314     -0.394006338505
   217     -9.092770563698     -9.330629949430      0.372729622304      0.927939991949
   218     -8.525807146317    -10.154372921085      0.566963417381     -0.823742971655
   219     -9.340206695446     -9.574068367959     -0.814399549128      0.580304553127
   220     -8.701474403642     -8.804639320282      0.638732291803      0.769429047676
   221     -7.773614202770     -8.431711113201      0.927860200873      0.372928207081
   222     -8.055114998923     -7.472150118910     -0.281500796153      0.959560994291
   223     -7.813970570223     -8.442639358679      0.241144428699     -0.970489239769
   224     -6.813970579968     -8.442778961104      0.999999990256     -0.000139602425
   225     -7.812622827722     -8.494679713071     -0.998652247755     -0.051900751967
   226     -6.936469006980     -8.976711332780      0.876153820742     -0.482031619708
   227     -6.736022242975     -9.956415928461      0.200446764005     -0.979704595682
   228     -6.258357193437     -9.077873897338      0.477665049538      0.878542031123
   229     -6.673287469038     -8.168020685886     -0.414930275601      0.909853211452
   230     -6.851597725094     -7.184046370883     -0.178310256055      0.983974315003
   231     -5.853518039333     -7.122103325499      0.998079685761      0.061943045384
   232     -6.452885230362     -7.922577541397     -0.599367191029     -0.800474215898
   233     -6.240264022312     -8.899712241368      0.212621208050     -0.977134699971
   234     -6.964587532154     -9.589172503523     -0.724323509842     -0.689460262155
   235     -6.066584436567     -9.149183366933      0.898003095587      0.439989136590
   236     -6.906342245995     -9.692144527152     -0.839757809427     -0.542961160218
   237     -6.255070699395     -8.933299765300      0.651271546600      0.758844761851
   238     -5.591944673372     -9.681807529864      0.663126026023     -0.748507764563
   239     -4.897866107494     -8.961908269975      0.694078565878      0.719899259889
   240     -3.941639529428     -9.254535560911      0.956226578066     -0.292627290937
   241     -4.722424858833     -8.629736177600     -0.780785329405      0.624799383311
   242     -4.879458624948     -7.642142943369     -0.157033766115      0.987593234231
   243     -5.273359059763     -6.722989829109     -0.393900434815      0.919153114259
   244     -4.525064824816     -7.386356799907      0.748294234947     -0.663366970798
   245     -4.053511084699     -8.268194126279      0.471553740117     -0.881837326371
   246     -4.149471635186     -7.272808988380     -0.095960550487      0.995385137899
   247     -5.140455333624     -7.138826491645     -0.990983698437      0.133982496735
   248     -5.873043224530     -6.458154043181     -0.732587890906      0.680672448464
   249     -6.859101155558     -6.291751649398     -0.986057931028      0.166402393783
   250     -6.312943378875     -7.129433977592      0.546157776683     -0.837682328194
   251     -5.343508620184     -7.374783215703      0.969434758691     -0.245349238111
   252     -4.343681052371     -7.393352939501      0.999827567813     -0.018569723798
   253     -3.477352521833     -7.892827540633      0.866328530538     -0.499474601132
   254     -4.333782066274     -7.376563620327     -0.856429544441      0.516263920305
   255     -4.869419116646     -6.532115309139     -0.535637050372      0.844448311188
   256     -5.533159899317     -5.784152627304     -0.663740782672      0.747962681835
   257     -6.013758872807     -4.907212135206     -0.480598973489      0.876940492098
   258     -5.070753430447     -5.239989441644      0.943005442359     -0.332777306439
   259     -4.679546239517     -4.319686810026      0.391207190931      0.920302631619
   260     -4.061690542143     -3.533395300963      0.617855697373      0.786291509062
   261     -4.354770964744     -4.489483092899     -0.293080422601     -0.956087791936
   262     -5.186509312044     -5.044650924848     -0.831738347300     -0.555167831949
   263     -6.109432088216     -4.659665796276     -0.922922776173      0.384985128572
   264     -6.741358269651     -5.434694377179     -0.631926181435     -0.775028580904
   265     -6.710771504525     -4.435162261738      0.030586765126      0.999532115442
   266     -7.556517083167     -4.968748633572     -0.845745578642     -0.533586371834
   267     -8.418717059717     -4.462180572560     -0.862199976550      0.506568061012
   268     -8.483210124134     -5.460098727842     -0.064493064416     -0.997918155282
   269     -8.757071961108     -6.421867771973     -0.273861836975     -0.961769044131
   270     -8.095442017012     -7.171698297542      0.661629944097     -0.749830525569
   271     -9.094881997244     -7.138235991686     -0.999439980232      0.033462305856
   272     -8.810403220881     -8.096918330002      0.284478776363     -0.958682338316
   273     -7.812146016055     -8.155931489652      0.998257204827     -0.059013159650
   274     -7.520749660190     -7.199329083326      0.291396355865      0.956602406326
   275     -8.338636796836     -7.774707768808     -0.817887136647     -0.575378685483
   276     -9.085759163003     -7.110021248730     -0.747122366166      0.664686520079
   277     -8.101476419463     -6.933421473049      0.984282743539      0.176599775681
   278     -8.858102475952     -6.279573623284     -0.756626056489      0.653847849765
   279     -8.126962120187     -6.961800697045      0.731140355765     -0.682227073761
   280     -7.634632321032     -6.091391960379      0.492329799155      0.870408736666
   281     -8.563576536830     -6.461611684241     -0.928944215798     -0.370219723862
   282     -8.316577255222     -7.430627347110      0.246999281608     -0.969015662869
   283     -7.846666011371     -8.313341016938      0.469911243851     -0.882713669829
   284     -8.515722107665     -7.570129109060     -0.669056096294      0.743211907878
   285     -9.277024138948     -8.218526531298     -0.761302031283     -0.648397422237
   286     -8.376555829410     -8.653448160464      0.900468309538     -0.434921629167
   287     -8.460356987843     -9.649930656971     -0.083801158433     -0.996482496507
   288     -9.325191579716    -10.151987554842     -0.864834591873     -0.502056897871
   289     -9.670907796946    -11.090326671124     -0.345716217230     -0.938339116282
   290     -8.937210234703    -11.769802856989      0.733697562244     -0.679476185865
   291     -8.022077431144    -11.366650340128      0.915132803558      0.403152516861
   292     -7.039102377203    -11.550389403285      0.982975053941     -0.183739063157
   293     -7.458040947481    -10.642374825024     -0.418938570278      0.908014578260
   294     -8.211000104451     -9.984307573190     -0.752959156969      0.658067251834
   295     -7.803109098323     -9.071276945489      0.407891006127      0.913030627701
   296     -8.371943104175     -9.893729298995     -0.568834005852     -0.822452353505
   297     -8.958912076414     -9.084119871166     -0.586968972239      0.809609427829
   298     -8.651150944623    -10.035583525626      0.307761131791     -0.951463654460
   299     -7.652324002977    -10.084006047679      0.998826941646     -0.048422522052
   300     -7.267748145413    -11.007099439367      0.384575857565     -0.923093391688
   301     -6.365986179012    -10.574866451323      0.901761966401      0.432232988044
   302     -7.339938908043    -10.348115306646     -0.973952729031      0.226751144677
   303     -6.425253910251     -9.943947823029      0.914684997792      0.404167483617
   304     -5.823921395059     -9.144948945574      0.601332515191      0.798998877455
   305     -6.524366755033     -9.858654975877     -0.700445359974     -0.713706030303
   306     -7.496397101763    -10.093510261185     -0.972030346730     -0.234855285307
   307     -6.516563249650    -10.293324230299      0.979833852113     -0.199813969114
   308     -5.533334422313    -10.110948044642      0.983228827336      0.182376185657
   309     -6.361077886644    -10.672054770013     -0.827743464331     -0.561106725372
   310     -7.277558294740    -11.072134339070     -0.916480408096     -0.400079569057
   311     -8.252845449672    -11.293075429464     -0.975287154932     -0.220941090394
   312     -7.887515660586    -10.362197271375      0.365329789086      0.930878158089
   313     -8.884158688920    -10.280327410780     -0.996643028334      0.081869860595
   314     -7.981467269629     -9.850038901128      0.902691419291      0.430288509652
   315     -8.500104373036    -10.705033377700     -0.518637103407     -0.854994476572
   316     -8.001338290441     -9.838296742469      0.498766082595      0.866736635232
   317     -8.041411706785     -8.839100004432     -0.040073416344      0.999196738036
   318     -7.216739128484     -8.273489592048      0.824672578302      0.565610412384
   319     -8.120071138013     -7.844547544027     -0.903332009529      0.428942048021
   320     -8.819676627561     -8.559076870923     -0.699605489548     -0.714529326896
   321     -7.820863272018     -8.607778829718      0.998813355542     -0.048701958795
   322     -7.234727771010     -9.417991872354      0.586135501009     -0.810213042636
   323     -8.174423298379     -9.075979714905     -0.939695527369      0.342012157449
   324     -8.423018485336     -8.107372243830     -0.248595186957      0.968607471075
   325     -8.909044440292     -7.233427868536     -0.486025954956      0.873944375294
   326     -8.875341987729     -8.232859779519      0.033702452563     -0.999431910983
   327     -8.745260573510     -9.224363095537      0.130081414219     -0.991503316018
   328     -9.168308094926    -10.130470591712     -0.423047521416     -0.906107496175
   329     -8.937714669954     -9.157420401660      0.230593424971      0.973050190052
   330     -8.040568574016     -9.599154351614      0.897146095939     -0.441733949954
   331     -7.190627998506    -10.126032912671      0.849940575510     -0.526878561057
   332     -8.154750314589    -10.391491307963     -0.964122316083     -0.265458395292
   333     -7.874564378646     -9.431545558819      0.280185935943      0.959945749144
   334     -8.787921697805     -9.838704505100     -0.913357319160     -0.407158946281
   335     -9.234321225355    -10.733538267205     -0.446399527550     -0.894833762105
   336     -9.879703904642    -11.497397676571     -0.645382679286     -0.763859409366
   337     -9.593426099416    -10.539251018572      0.286277805226      0.958146657999
   338    -10.237510551342     -9.774296628568     -0.644084451926      0.764954390004
   339     -9.546259980859    -10.496911774276      0.691250570483     -0.722615145708
   340    -10.514767992082    -10.247929380931     -0.968508011224      0.248982393345
   341    -10.585081253252     -9.250404421191     -0.070313261169      0.997524959740
   342     -9.743766295329     -9.790949647399      0.841314957923     -0.540545226208
   343     -8.948935730132    -10.397781067669      0.794830565198     -0.606831420270
   344     -9.283115393832    -11.340290458800     -0.334179663700     -0.942509391130
   345    -10.221147562177    -11.686838653357     -0.938032168345     -0.346548194557
   346     -9.402116336208    -12.260587597485      0.819031225968     -0.573748944129
   347     -9.173355841043    -13.234070332746      0.228760495165     -0.973482735261
   348    -10.163047233687    -13.090853897491     -0.989691392644      0.143216435256
   349    -10.444870591197    -14.050320204956     -0.281823357510     -0.959466307466
   350     -9.959128258298    -13.176218159409      0.485742332898      0.874102045548
   351     -9.332942936199    -13.955892413433      0.626185322099     -0.779674254024
   352     -8.346099490301    -14.117571148238      0.986843445898     -0.161678734805
   353     -9.209773917813    -13.613521068124     -0.863674427512      0.504050080113
   354     -9.232699496103    -12.613783893733     -0.022925578290      0.999737174391
   355     -9.899506262105    -13.359014553874     -0.666806766002     -0.745230660141
   356    -10.661214510572    -12.711094385784     -0.761708248467      0.647920168090
   357    -10.349465554585    -13.661258891772      0.311748955987     -0.950164505989
   358     -9.571513089449    -14.289582026783      0.777952465136     -0.628323135010
   359     -9.264940075670    -13.337734881899      0.306573013779      0.951847144883
   360     -8.331315867419    -13.695988755246      0.933624208251     -0.358253873347
   361     -9.016467567812    -14.424389158492     -0.685151700393     -0.728400403246
   362     -9.463766071114    -15.318773890553     -0.447298503302     -0.894384732061
   363    -10.296300991684    -15.872746458494     -0.832534920570     -0.553972567941
   364    -11.157443484698    -15.364382802510     -0.861142493014      0.508363655985
   365    -11.871540221969    -14.664335768505     -0.714096737271      0.700047034004
   366    -12.681904103504    -14.078408828091     -0.810363881535      0.585926940414
   367    -13.579172405180    -14.519894495819     -0.897268301675     -0.441485667727
   368    -13.944553250736    -13.589036376823     -0.365380845557      0.930858118996
   369    -13.322938335434    -14.372359360702      0.621614915303     -0.783322983879
   370    -12.656206911752    -13.627061293701      0.666731423682      0.745298067001
   371    -11.861724432680    -14.234348367866      0.794482479072     -0.607287074165
   372    -12.657349010201    -13.628558361638     -0.795624577521      0.605790006227
   373    -11.659537588685    -13.694682238516      0.997811421515     -0.066123876878
   374    -11.275188211704    -12.771494523902      0.384349376981      0.923187714614
   375    -11.980614425086    -12.062711159627     -0.705426213382      0.708783364276
   376    -12.547640433710    -11.239011271595     -0.567026008625      0.823699888032
   377    -13.358318924646    -11.824502846542     -0.810678490936     -0.585491574947
   378    -14.245663404671    -12.285609963999     -0.887344480024     -0.461107117458
   379    -13.389048038357    -11.769654428904      0.856615366314      0.515955535095
   380    -14.323511805372    -11.413596191901     -0.934463767014      0.356058237003
   381    -13.604845173113    -10.718241410744      0.718666632258      0.695354781157
   382    -12.759542616520    -10.183953484794      0.845302556594      0.534287925950
   383    -12.022588342114    -10.859896084011      0.736954274405     -0.675942599217
   384    -12.982446470081    -11.140382044758     -0.959858127967     -0.280485960748
   385    -12.365440659143    -10.353423450378      0.617005810938      0.786958594380
   386    -11.396017861872    -10.108026954618      0.969422797271      0.245396495760
   387    -10.648681774427    -10.772473169448      0.747336087445     -0.664446214831
   388    -11.321904380331    -11.511913040500     -0.673222605904     -0.739439871051
   389    -11.755839161330    -10.610968754853     -0.433934780999      0.900944285646
   390    -10.985164217257    -11.248197230816      0.770674944074     -0.637228475962
   391    -10.342452890274    -10.482088785380      0.642711326983      0.766108445436
   392    -10.859030617376    -11.338329085682     -0.516577727102     -0.856240300303
   393    -11.615975881774    -10.684850802412     -0.756945264398      0.653478283270
   394    -12.593664308857    -10.474790478819     -0.977688427083      0.210060323593
   395    -12.276751700601    -11.423245221402      0.316912608256     -0.948454742583
   396    -11.595772319311    -10.690942632128      0.680979381290      0.732302589275
   397    -10.709557085176    -11.154216372790      0.886215234135     -0.463273740662
   398    -10.107644470576    -11.952778333056      0.601912614601     -0.798561960266
   399     -9.334950650752    -11.317999426030      0.772693819824      0.634778907026
   400     -8.523786675979    -10.733180645524      0.811163974772      0.584818780505
   401     -9.510522782031    -10.570848094831     -0.986736106051      0.162332550694
   402     -8.752262642143    -11.222800209834      0.758260139888     -0.651952115004
   403     -8.234791653276    -12.078500961079      0.517470988867     -0.855700751245
   404     -8.917795755955    -12.808915497985     -0.683004102679     -0.730414536906
   405     -8.099749898435    -12.233762496606      0.818045857519      0.575153001379
   406     -7.157889090661    -12.569765798343      0.941860807775     -0.336003301737
   407     -7.588999434251    -13.472065012379     -0.431110343590     -0.902299214036
   408     -8.108001578580    -14.326837949586     -0.519002144329     -0.854772937207
   409     -7.343571303424    -13.682131540106      0.764430275156      0.644706409480
   410     -6.447701449050    -14.126448098454      0.895869854375     -0.444316558348
   411     -5.686963922087    -13.477388459383      0.760737526962      0.649059639071
   412     -6.295252054591    -12.683672170111     -0.608288132503      0.793716289272
   413     -6.017198053729    -11.723106725904      0.278054000862      0.960565444207
   414     -5.280867249724    -12.399728442281      0.736330804005     -0.676621716377
   415     -4.466749959708    -11.819027970354      0.814117290016      0.580700471928
   416     -3.884898369029    -12.632322951541      0.581851590679     -0.813294981187
   417     -3.542679684020    -11.692702617773      0.342218685009      0.939620333768
   418     -3.129562072386    -12.603380298929      0.413117611635     -0.910677681157
   419     -3.865845558248    -11.926707092391     -0.736283485862      0.676673206538
   420     -4.668438228563    -11.330179636563     -0.802592670315      0.596527455828
   421     -5.488252733799    -10.757550457247     -0.819814505237      0.572629179316
   422     -5.665812279491     -9.773440398497     -0.177559545692      0.984110058750
   423     -6.591837242803    -10.150902671213     -0.926024963312     -0.377462272716
   424     -6.699942876694     -9.156763258494     -0.108105633890      0.994139412719
   425     -7.648693625653     -9.472788599801     -0.948750748960     -0.316025341307
   426     -8.629790466905     -9.666306010094     -0.981096841251     -0.193517410293
   427     -9.436347871830     -9.075150233195     -0.806557404925      0.591155776899
   428     -8.856944199115     -8.260109507805      0.579403672715      0.815040725390
   429     -8.731835751888     -7.267966435243      0.125108447227      0.992143072562
   430     -8.029888579530     -7.980195448425      0.701947172358     -0.712229013182
   431     -8.763160448004     -7.300259887579     -0.733271868474      0.679935560847
   432     -8.118312818233     -6.535948737340      0.644847629771      0.764311150239
   433     -7.517044917497     -5.736901234657      0.601267900736      0.799047502683
   434     -6.939890706204     -4.920266055163      0.577154211293      0.816635179494
   435     -7.938093843181     -4.980186813910     -0.998203136977     -0.059920758747
   436     -7.000845754299     -5.328850003662      0.937248088882     -0.348663189751
   437     -7.640950625207     -4.560562457075     -0.640104870908      0.768287546587
   438     -8.391854002926     -5.220974538529     -0.750903377719     -0.660412081454
   439     -8.727347482527     -4.278932010219     -0.335493479601      0.942042528310
   440     -9.726821641951     -4.246506639847     -0.999474159424      0.032425370372
   441    -10.128216955039     -5.162411549011     -0.401395313088     -0.915904909164
   442     -9.268154644019     -4.652222543679      0.860062311021      0.510189005332
   443     -9.224475847932     -5.651268169651      0.043678796087     -0.999045625971
   444    -10.218865925687     -5.757043276654     -0.994390077755     -0.105775107004
   445     -9.499862953935     -5.062036279127      0.719002971752      0.695006997527
   446     -9.900340690647     -4.145729789792     -0.400477736713      0.916306489335
   447    -10.717742848198     -3.569662334687     -0.817402157551      0.576067455105
   448     -9.720180166026     -3.639438370233      0.997562682173     -0.069776035546
   449     -9.171348923908     -2.803505198457      0.548831242118      0.835933171776
   450     -9.062483542013     -3.797561700184      0.108865381895     -0.994056501727
   451     -8.184019670679     -3.319752923829      0.878463871334      0.477808776355
   452     -7.498418759538     -4.047730526948      0.685600911141     -0.727977603119
   453     -7.727487701739     -3.074320325789     -0.229068942201      0.973410201158
   454     -8.718754385707     -2.942447806832     -0.991266683967      0.131872518957
   455     -7.748410773954     -2.700718050431      0.970343611753      0.241729756401
   456     -7.944612707839     -3.681281562468     -0.196201933885     -0.980563512038
   457     -8.866195938571     -3.293100742702     -0.921583230731      0.388180819767
   458     -8.973311151542     -2.298854127847     -0.107115212971      0.994246614855
   459     -8.346069680119     -1.520029284556      0.627241471423      0.778824843291
   460     -9.334401637131     -1.367714010376     -0.988331957012      0.152315274181
   461     -9.707935959423     -2.295330369691     -0.373534322293     -0.927616359315
   462     -9.157102532107     -3.129945571656      0.550833427317     -0.834615201965
   463     -9.982024553790     -3.695192117989     -0.824922021683     -0.565246546333
   464    -10.979918235228     -3.630321473272     -0.997893681438      0.064870644716
   465    -10.522390203314     -4.519516671197      0.457528031914     -0.889195197925
   466    -11.230490089515     -5.225628950628     -0.708099886200     -0.706112279431
   467    -11.691223303974     -4.338090272545     -0.460733214459      0.887538678083
   468    -11.562811880269     -3.346369290483      0.128411423706      0.991720982062
   469    -12.421605495365     -2.834047588162     -0.858793615097      0.512321702321
   470    -13.408226297537     -2.997079464561     -0.986620802172     -0.163031876399
   471    -14.402804857441     -2.893091541328     -0.994578559905      0.103987923232
   472    -13.850644811699     -3.726829680006      0.552160045743     -0.833738138678
   473    -14.234756951317     -4.650116127539     -0.384112139618     -0.923286447533
   474    -14.885779941508     -5.409174139974     -0.651022990191     -0.759058012435
   475    -15.558239511111     -6.149307997631     -0.672459569603     -0.740133857657
   476    -16.369891837593     -6.733448820478     -0.811652326482     -0.584140822847
   477    -17.062468921072     -7.454792693703     -0.692577083479     -0.721343873225
   478    -18.050724542098     -7.607602469274     -0.988255621026     -0.152809775571
   479    -19.000556893989     -7.920361966814     -0.949832351891     -0.312759497541
   480    -18.256861264956     -8.588880337060      0.743695629033     -0.668518370246
   481    -19.168878796031     -8.999031556749     -0.912017531075     -0.410151219688
   482    -19.952247690284     -8.377474499419     -0.783368894253      0.621557057329
   483    -18.966623796526     -8.546428753739      0.985623893758     -0.168954254320
   484    -18.331787109010     -7.773782405023      0.634836687516      0.772646348716
   485    -17.626617474642     -7.064743769429      0.705169634369      0.709038635593
   486    -17.691657991379     -8.062626393380     -0.065040516737     -0.997882623951
   487    -16.978422965698     -7.361701434385      0.713235025681      0.700924958995
   488    -16.482084688296     -6.493572230645      0.496338277402      0.868129203739
   489    -17.456755029956     -6.717218659384     -0.974670341660     -0.223646428739
   490    -16.459405709161     -6.789980822011      0.997349320795     -0.072762162627
   491    -17.247481775679     -6.174402952541     -0.788076066518      0.615577869471
   492    -16.833335847340     -5.264192454886      0.414145928339      0.910210497654
   493    -17.545246583654     -5.966462419729     -0.711910736314     -0.702269964843
   494    -17.854776793455     -6.917352029106     -0.309530209801     -0.950889609377
   495    -17.619269729974     -7.889224666364      0.235507063481     -0.971872637258
   496    -17.165808866024     -8.780500855245      0.453460863950     -0.891276188881
   497    -16.596406896366     -7.958441613492      0.569401969658      0.822059241752
   498    -17.527941836458     -7.594789780843     -0.931534940091      0.363651832649
   499    -18.476543286358     -7.278316576216     -0.948601449900      0.316473204627
   500    -18.129726119073     -6.340383821443      0.346817167285      0.937932754773
   501    -19.129476626384     -6.318047234158     -0.999750507311      0.022336587285
   502    -18.490935782956     -5.548459298134      0.638540843428      0.769587936024
   503    -17.537146078790     -5.247984340397      0.953789704166      0.300474957737
   504    -17.648634553468     -4.254218613471     -0.111488474679      0.993765726927
   505    -17.273147030645     -3.327391164479      0.375487522824      0.926827448991
   506    -18.088864312562     -2.748940374885     -0.815717281917      0.578450789594
   507    -18.998055980360     -2.332562528205     -0.909191667798      0.416377846680
   508    -19.511982051183     -1.474728048991     -0.513926070822      0.857834479214
   509    -19.631364409805     -0.481879695792     -0.119382358623      0.992848353199
   510    -20.567083929398     -0.834624618722     -0.935719519593     -0.352744922931
   511    -19.898179636073     -1.577973154990      0.668904293325     -0.743348536268
   512    -20.873566520717     -1.798473552415     -0.975386884644     -0.220500397425
   513    -20.429624978018     -2.694529302169      0.443941542699     -0.896055749754
   514    -20.850407764289     -3.601690724838     -0.420782786271     -0.907161422669
   515    -21.147402002206     -4.556569996078     -0.296994237917     -0.954879271240
   516    -20.679404369796     -3.672840277182      0.467997632410      0.883729718895
   517    -21.553426158735     -3.186953549168     -0.874021788938      0.485886728015
   518    -22.552334985269     -3.140250698373     -0.998908826534      0.046702850795
   519    -23.510209344781     -2.853063109174     -0.957874359512      0.287187589199
   520    -22.730790766302     -3.479566644297      0.779418578479     -0.626503535123
   521    -23.504119558967     -4.113571832316     -0.773328792665     -0.634005188019
   522    -23.417162958353     -3.117359731602      0.086956600614      0.996212100714
   523    -22.422193771461     -3.217541152708      0.994969186892     -0.100181421106
   524    -21.513315930727     -2.800478722580      0.908877840733      0.417062430128
   525    -21.266865614612     -1.831323295578      0.246450316116      0.969155427001
   526    -22.252010148858     -2.003050540490     -0.985144534246     -0.171727244911
   527    -21.969495260253     -2.962313454250      0.282514888605     -0.959262913761
   528    -22.112601945597     -1.972606186110     -0.143106685344      0.989707268140
   529    -23.107673584318     -2.071764815659     -0.995071638721     -0.099158629549
   530    -22.344045461365     -2.717421140523      0.763628122952     -0.645656324864
   531    -21.471251161736     -2.229332920489      0.872794299629      0.488088220034
   532    -22.376068873402     -1.803533779277     -0.904817711665      0.425799141212
   533    -21.404196376696     -1.568026135777      0.971872496706      0.235507643500
   534    -21.030523354132     -2.495586630951      0.373673022564     -0.927560495174
   535    -20.336645919311     -1.775493508191      0.693877434821      0.720093122760
   536    -21.335519079779     -1.728033953873     -0.998873160468      0.047459554318
   537    -21.921691727560     -2.538220121981     -0.586172647781     -0.810186168108
   538    -22.908952719011     -2.697329313290     -0.987260991451     -0.159109191309
   539    -23.293181670512     -1.774091471329     -0.384228951500      0.923237841961
   540    -23.479050705397     -0.791516943941     -0.185869034886      0.982574527387
   541    -24.411439819975     -1.152973081000     -0.932389114578     -0.361456137058
   542    -25.288379961362     -1.633572694424     -0.876940141387     -0.480599613425
   543    -26.178232040081     -2.089821834698     -0.889852078719     -0.456249140274
   544    -26.808178659308     -2.866460268542     -0.629946619227     -0.776638433844
   545    -27.804394247217     -2.779543627976     -0.996215587909      0.086916640566
   546    -27.263985987351     -3.620946571083      0.540408259866     -0.841402943107
   547    -27.100134797759     -2.634461503953      0.163851189592      0.986485067129
   548    -27.643173325904     -1.794753723264     -0.543038528145      0.839707780689
   549    -28.395274254616     -2.453801667674     -0.752100928712     -0.659047944410
   550    -27.445632425453     -2.140464155870      0.949641829163      0.313337511804
   551    -27.736609200694     -1.183734039133     -0.290976775241      0.956730116736
   552    -26.772541024079     -0.918079092184      0.964068176615      0.265654946949
   553    -25.891508516111     -0.445023366183      0.881032507969      0.473055726001
   554    -26.395012916378      0.418969295193     -0.503504400267      0.863992661376
   555    -25.703827943432     -0.303708595138      0.691184972946     -0.722677890331
   556    -26.473267753262     -0.942427922424     -0.769439809830     -0.638719327286
   557    -26.735512876224     -1.907429215419     -0.262245122962     -0.965001292995
   558    -27.205515786451     -1.024764350152     -0.470002910227      0.882664865268
   559    -26.205812946105     -1.000387496308      0.999702840346      0.024376853844
   560    -25.978371177677     -1.974179179356      0.227441768428     -0.973791683049
   561    -26.363363819750     -1.051259537378     -0.384992642072      0.922919641979
   562    -27.174273686531     -0.466088461574     -0.810909866781      0.585171075803
   563    -28.170712837537     -0.381773466810     -0.996439151006      0.084314994764
   564    -27.370459263982      0.217888286190      0.800253573555      0.599661753001
   565    -26.512420739986      0.731473616334      0.858038523996      0.513585330144
   566    -27.480010532010      0.478946401223     -0.967589792024     -0.252527215111
   567    -27.035432159143     -0.416793555673      0.444578372866     -0.895739956896
   568    -27.016928377139      0.583035234697      0.018503782005      0.999828790369
   569    -27.833413878148      0.005669296456     -0.816485501010     -0.577365938241
   570    -26.884088550422      0.319964415951      0.949325327726      0.314295119495
   571    -27.782471238859      0.759177968926     -0.898382688437      0.439213552975
   572    -28.090200973003      1.710651778719     -0.307729734144      0.951473809794
   573    -27.938166389287      2.699026953111      0.152034583716      0.988375174392
   574    -28.928222075155      2.558350946339     -0.990055685867     -0.140676006773
   575    -29.368419613144      3.456251902764     -0.440197537989      0.897900956425
   576    -29.886153470109      2.600710171840     -0.517733856965     -0.855541730924
   577    -29.047137920373      2.056602730887      0.839015549736     -0.544107440953
   578    -29.765701567550      1.361141527831     -0.718563647177     -0.695461203056
   579    -30.531184596093      0.717685443073     -0.765483028543     -0.643456084758
   580    -29.785061796983      0.051877085775      0.746122799110     -0.665808357298
   581    -29.167103393011      0.838087878731      0.617958403972      0.786210792956
   582    -28.169056901130      0.900563474322      0.998046491881      0.062475595591
   583    -27.169200261982      0.883631222528      0.999856639148     -0.016932251794
   584    -28.093435814537      0.501808431964     -0.924235552555     -0.381822790564
   585    -27.103569763599      0.359804202446      0.989866050938     -0.142004229518
   586    -28.096623369781      0.242141399280     -0.993053606182     -0.117662803166
   587    -27.367315725833      0.926327310037      0.729307643948      0.684185910757
   588    -26.633386113885      0.247101777017      0.733929611948     -0.679225533020
   589    -27.387195097589      0.904195389896     -0.753808983704      0.657093612879
   590    -26.740403378823      1.666862074979      0.646791718766      0.762666685083
   591    -26.955885707371      0.690354335080     -0.215482328547     -0.976507739900
   592    -27.697004878288      0.018980836572     -0.741119170917     -0.671373498508
   593    -27.889385295396     -0.962339587710     -0.192380417108     -0.981320424282
   594    -28.132069924566     -1.932444824664     -0.242684629170     -0.970105236953
   595    -28.498163545542     -1.001866799628     -0.366093620976      0.930578025036
   596    -29.138692095276     -0.233932442423     -0.640528549734      0.767934357205
   597    -28.486924197675     -0.992350933532      0.651767897602     -0.758418491109
   598    -27.607251304302     -1.467930160017      0.879672893373     -0.475579226485
   599    -28.528253813477     -1.078373517034     -0.921002509176      0.389556642982
   600    -27.663668040028     -1.580858780847      0.864585773449     -0.502485263813
   601    -26.679592001534     -1.758606777914      0.984076038494     -0.177747997067
   602    -27.363838560489     -1.029356034645     -0.684246558955      0.729250743269
   603    -26.437906486881     -1.407046112704      0.925932073608     -0.377690078059
   604    -26.738226619128     -0.453207647257     -0.300320132247      0.953838465447
   605    -27.654216226617     -0.854409639989     -0.915989607489     -0.401201992732
   606    -27.664564922664     -1.854356090800     -0.010348696047     -0.999946450811
   607    -28.565643329861     -2.288012295742     -0.901078407196     -0.433656204942
   608    -29.110787627888     -1.449670065904     -0.545144298027      0.838342229837
   609    -29.463652093359     -0.513995619846     -0.352864465472      0.935674446059
   610    -28.543093441154     -0.123391257544      0.920558652206      0.390604362302
   611    -27.898676073375     -0.888065211661      0.644417367778     -0.764673954117
   612    -27.867539437262      0.111449925739      0.031136636114      0.999515137400
   613    -27.342961103136      0.962812111513      0.524578334125      0.851362185774
   614    -26.848628976272      1.832085226449      0.494332126864      0.869273114936
   615    -26.206159347279      1.065774078271      0.642469628993     -0.766311148177
   616    -26.983823528668      0.437094174835     -0.777664181389     -0.628679903437
   617    -26.370809481611      1.227166183016      0.613014047057      0.790072008181
   618    -27.049138035471      1.961924900567     -0.678328553861      0.734758717551
   619    -26.081356231154      2.213715248342      0.967781804317      0.251790347775
   620    -26.913190969119      1.658691853596     -0.831834737965     -0.555023394745
   621    -27.745682796654      1.104654528962     -0.832491827535     -0.554037324634
   622    -26.749903074513      1.196430042983      0.995779722141      0.091775514020
   623    -27.268613262763      2.051380182234     -0.518710188250      0.854950139251
   624    -27.977710522266      2.756490866145     -0.709097259503      0.705110683911
   625    -28.659164042041      3.488352260391     -0.681453519775      0.731861394245
   626    -29.021498916658      2.556304279525     -0.362334874618     -0.932047980866
   627    -30.010668586888      2.703080856326     -0.989169670230      0.146776576801
   628    -30.844668988529      3.254844691733     -0.834000401641      0.551763835407
   629    -31.607715628464      3.901188118468     -0.763046639935      0.646343426735
   630    -30.607986963099      3.924481801016      0.999728665365      0.023293682548
   631    -31.388533751879      4.549579161853     -0.780546788780      0.625097360837
   632    -31.751956795357      3.617954939611     -0.363423043478     -0.931624222242
   633    -32.612683479689      3.108887581711     -0.860726684332     -0.509067357900
   634    -32.105383723280      2.247117915763      0.507299756409     -0.861769665948
   635    -33.010360260537      2.672579391123     -0.904976537256      0.425461475360
   636    -33.663714345758      1.915526923111     -0.653354085221     -0.757052468013
   637    -34.276895121195      2.705469539149     -0.613180775437      0.789942616039
   638    -33.824237154674      3.597153768765      0.452657966521      0.891684229616
   639    -33.019491316479      4.190773289929      0.804745838195      0.593619521164
   640    -32.214315739660      3.597736789792      0.805175576819     -0.593036500137
   641    -32.240819945286      2.598088087956     -0.026504205626     -0.999648701837
   642    -31.788627303664      3.490008384206      0.452192641622      0.891920296250
   643    -30.933570693149      2.971473724984      0.855056610515     -0.518534659222
   644    -31.897962366741      2.706995559711     -0.964391673592     -0.264478165273
   645    -31.833389084275      1.709082591967      0.064573282466     -0.997912967744
   646    -32.231285604912      2.626512893879     -0.397896520637      0.917430301911
   647    -31.575941515313      1.871182420359      0.655344089599     -0.755330473520
   648    -30.683174533603      2.321701139578      0.892766981711      0.450518719219
   649    -30.190379023747      3.191846291530      0.492795509856      0.870145151952
   650    -29.677418342605      2.333434187933      0.512960681142     -0.858412103597
   651    -29.724005691843      1.334519967946     -0.046587349238     -0.998914219986
   652    -30.155624761492      0.432463994786     -0.431619069650     -0.902055973161
   653    -29.163467102558      0.557456713841      0.992157658935      0.124992719055
   654    -28.173771586502      0.700644651528      0.989695516056      0.143187937687
   655    -28.115703878715     -0.297667995548      0.058067707786     -0.998312647076
   656    -27.472464168657      0.467996862862      0.643239710058      0.765664858410
   657    -27.043311607748     -0.435235155761      0.429152560909     -0.903232018623
   658    -26.086111064448     -0.145809656010      0.957200543300      0.289425499751
   659    -26.989526454724     -0.574576063991     -0.903415390276     -0.428766407981
   660    -27.366987812272      0.351449272357     -0.377461357549      0.926025336348
   661    -28.348215601195      0.158596929242     -0.981227788923     -0.192852343114
   662    -29.000865248823      0.916256772082     -0.652649647627      0.757659842840
   663    -28.277346924840      1.606561947249      0.723518323983      0.690305175166
   664    -27.382048990127      1.161094094201      0.895297934713     -0.445467853047
   665    -28.213827412305      0.605986306111     -0.831778422179     -0.555107788090
   666    -27.930401273619     -0.353007762645      0.283426138686     -0.958994068756
   667    -28.710943108197      0.272095784356     -0.780541834578      0.625103547001
   668    -28.316123563690     -0.646662903916      0.394819544507     -0.918758688272
   669    -27.392741255524     -0.262781264649      0.923382308166      0.383881639267
   670    -26.694612035564      0.453190517084      0.698129219960      0.715971781733
   671    -26.175076776855     -0.401258495413      0.519535258710     -0.854449012497
   672    -27.021102163138     -0.934401108382     -0.846025386284     -0.533142612969
   673    -26.343061998315     -0.199376255138      0.678040164823      0.735024853244
   674    -27.339911110181     -0.120055084124     -0.996849111866      0.079321171014
   675    -26.407012623673     -0.480194520831      0.932898486508     -0.360139436706
   676    -25.552924837803      0.039934361301      0.854087785870      0.520128882132
   677    -26.552313813798      0.074886824164     -0.999388975995      0.034952462863
   678    -27.552118015544      0.094674653012     -0.999804201746      0.019787828848
   679    -28.405413616811      0.616102132974     -0.853295601267      0.521427479961
   680    -27.587044337150      0.041409413247      0.818369279661     -0.574692719726
   681    -27.193014742772     -0.877688339309      0.394029594377     -0.919097752557
   682    -27.119140937853      0.119579258152      0.073873804920      0.997267597462
   683    -26.432479198272      0.846556324775      0.686661739581      0.726977066623
   684    -27.349752297713      1.244815111298     -0.917273099441      0.398258786522
   685    -26.567055293008      1.867218034512      0.782697004705      0.622402923215
   686    -26.400445302209      2.853240909990      0.166609990799      0.986022875478
   687    -26.190935185414      1.875434430691      0.209510116795     -0.977806479300
   688    -25.706576112623      2.750303728704      0.484359072790      0.874869298013
   689    -25.446319662323      3.715843256676      0.260256450300      0.965539527972
   690    -24.573080132589      4.203134467052      0.873239529734      0.487291210376
   691    -25.571300872154      4.143507668524     -0.998220739565     -0.059626798527
   692    -26.071025190418      3.277323158310     -0.499724318264     -0.866184510214
   693    -25.530431130812      2.436039577869      0.540594059606     -0.841283580441
   694    -26.143597295704      3.225993534902     -0.613166164892      0.789953957032
   695    -27.047876900797      2.799052794502     -0.904279605093     -0.426940740400
   696    -26.633562902324      3.709186801486      0.414313998473      0.910134006984
   697    -27.536544302017      4.138866440065     -0.902981399693      0.429679638579
   698    -26.538229261934      4.080839887997      0.998315040083     -0.058026552068
   699    -26.041224681803      3.213091971071      0.497004580131     -0.867747916926
   700    -25.955915974673      2.216737403416      0.085308707130     -0.996354567655
   701    -26.335157635488      1.291439741740     -0.379241660815     -0.925297661675
   702    -26.256132545877      0.294567114364      0.079025089612     -0.996872627376
   703    -25.426502558625      0.852880721804      0.829629987252      0.558313607439
   704    -25.161234171946     -0.111293890509      0.265268386678     -0.964174612313
   705    -25.204674063947     -1.110349932873     -0.043439892001     -0.999056042363
   706    -24.460131673786     -0.442774746655      0.744542390161      0.667575186218
   707    -25.427523924274     -0.189491834289     -0.967392250488      0.253282912366
   708    -26.196815438591      0.449406096526     -0.769291514318      0.638897930814
   709    -25.198204143690      0.396723255901      0.998611294901     -0.052682840625
   710    -24.438868873174     -0.253976326818      0.759335270516     -0.650699582719
   711    -25.093786681986      0.501723788109     -0.654917808812      0.755700114927
   712    -25.617655057836     -0.350075439869     -0.523868375850     -0.851799227978
   713    -24.675114566457     -0.015983503254      0.942540491379      0.334091936616
   714    -25.602117464914     -0.391037667679     -0.927002898457     -0.375054164425
   715    -25.379934016692      0.583967211969      0.222183448222      0.975004879647
   716    -26.275330445888      0.138697367286     -0.895396429195     -0.445269844683
   717    -25.828907691740     -0.756124807551      0.446422754148     -0.894822174836
   718    -25.032169586288     -0.151800067596      0.796738105452      0.604324739955
   719    -26.009926285788     -0.361542377547     -0.977756699500     -0.209742309950
   720    -25.043704263118     -0.103831293369      0.966222022670      0.257711084177
   721    -24.298354618298     -0.770505056890      0.745349644820     -0.666673763521
   722    -24.634383826087      0.171346508651     -0.336029207789      0.941851565541
   723    -25.174514842430     -0.670234435278     -0.540131016343     -0.841580943929
   724    -25.035326597697     -1.660500375583      0.139188244733     -0.990265940305
   725    -24.209747587940     -1.096213836094      0.825579009757      0.564286539489
   726    -24.055595493796     -0.108166705704      0.154152094144      0.988047130390
   727    -23.180877172402     -0.592798378438      0.874718321394     -0.484631672734
   728    -22.534838590044     -1.356103134158      0.646038582358     -0.763304755720
   729    -22.118641704561     -2.265377654045      0.416196885483     -0.909274519886
   730    -21.396127230162     -2.956733448324      0.722514474399     -0.691355794279
   731    -20.572814060315     -3.524320819886      0.823313169847     -0.567587371562
   732    -19.629858280594     -3.191402815731      0.942955779721      0.332918004154
   733    -20.619876856359     -3.050465880760     -0.990018575766      0.140936934971
   734    -21.002629968091     -3.974316548054     -0.382753111732     -0.923850667294
   735    -21.930144571718     -4.348103466041     -0.927514603627     -0.373786917988
   736    -20.930723376648     -4.314084723502      0.999421195070      0.034018742539
   737    -21.844449065404     -3.907753127749     -0.913725688756      0.406331595753
   738    -22.191484737967     -2.969901198088     -0.347035672563      0.937851929661
   739    -21.924745923224     -2.006132343689      0.266738814743      0.963768854399
   740    -21.114023104322     -1.420702150658      0.810722818902      0.585430193031
   741    -21.969324606162     -1.938832772172     -0.855301501840     -0.518130621514
   742    -22.342316537381     -1.010998186028     -0.372991931219      0.927834586144
   743    -22.843336965173     -0.145562728622     -0.501020427792      0.865435457406
   744    -23.532995635481     -0.869697328312     -0.689658670309     -0.724134599690
   745    -22.602685260416     -0.502924093131      0.930310375066      0.366773235181
   746    -22.381463581839      0.472299455051      0.221221678577      0.975223548181
   747    -22.368814614093     -0.527620543557      0.012648967745     -0.999919998607
   748    -23.160267419229      0.083609738124     -0.791452805136      0.611230281680
   749    -24.132787316377     -0.149210041217     -0.972519897148     -0.232819779340
   750    -25.027457488338      0.297517261959     -0.894670171961      0.446727303176
   751    -24.041636451731      0.129717131496      0.985821036607     -0.167800130463
   752    -24.164178559877      1.122180446552     -0.122542108146      0.992463315056
   753    -25.056345894892      1.573885490061     -0.892167335015      0.451705043509
   754    -24.235520649767      2.145064898798      0.820825245125      0.571179408737
   755    -25.195320111182      2.425751545911     -0.959799461415      0.280686647113
   756    -24.339426546803      1.908599531069      0.855893564379     -0.517152014842
   757    -23.340042974182      1.943706151173      0.999383572621      0.035106620104
   758    -22.551902678199      2.559201783853      0.788140295983      0.615495632680
   759    -23.373168630757      1.988656224612     -0.821265952558     -0.570545559240
   760    -22.548057094165      1.423686356228      0.825111536593     -0.564969868384
   761    -23.094039665810      0.585889822779     -0.545982571645     -0.837796533449
   762    -23.459075920482      1.516883127146     -0.365036254671      0.930993304367
   763    -24.352317261943      1.067305652283     -0.893241341462     -0.449577474862
   764    -25.209892335312      1.581664470170     -0.857575073368      0.514358817886
   765    -25.721349585268      2.440973193195     -0.511457249956      0.859308723025
   766    -25.952480904210      3.413895756097     -0.231131318942      0.972922562902
   767    -25.273893787865      4.148415684712      0.678587116344      0.734519928614
   768    -24.659886518884      4.937716054430      0.614007268982      0.789300369718
   769    -24.136557414230      4.085585402345      0.523329104654     -0.852130652085
   770    -24.309904060733      3.100724528848     -0.173346646503     -0.984860873497
   771    -23.597172391448      2.399287740820      0.712731669285     -0.701436788028
   772    -22.600825155027      2.484682029136      0.996347236421      0.085394288315
   773    -23.339052105176      1.810129607100     -0.738226950149     -0.674552422036
   774    -22.385699508710      1.508270655250      0.953352596466     -0.301858951850
   775    -22.058316922777      0.563378787136      0.327382585933     -0.944891868114
   776    -21.501220020228     -0.267068707394      0.557096902549     -0.830447494530
   777    -20.775831423992     -0.955408292518      0.725388596237     -0.688339585125
   778    -20.169748112174     -0.160007123839      0.606083311818      0.795401168679
   779    -21.074885218790     -0.585126893113     -0.905137106616     -0.425119769274
   780    -22.073827816026     -0.539152036643     -0.998942597236      0.045974856470
   781    -23.024517235411     -0.849296564032     -0.950689419385     -0.310144527389
   782    -23.700677148746     -0.112541671549     -0.676159913336      0.736754892483
   783    -22.707882150513     -0.232366925494      0.992794998233     -0.119825253945
   784    -21.711366215754     -0.315769514006      0.996515934759     -0.083402588512
   785    -21.933734423071     -1.290732272461     -0.222368207318     -0.974962758455
   786    -22.063583019402     -0.299198439437     -0.129848596330      0.991533833024
   787    -21.790161769292      0.662695951849      0.273421250110      0.961894391286
   788    -20.798474979298      0.534020738418      0.991686789994     -0.128675213431
   789    -21.784819016996      0.369322713848     -0.986344037698     -0.164698024570
   790    -22.063305254959      1.329762933365     -0.278486237963      0.960440219517
   791    -21.465678816682      0.527988251629      0.597626438276     -0.801774681736
   792    -22.096122521739      1.304223225560     -0.630443705057      0.776234973931
   793    -23.029940652298      0.946475131170     -0.933818130559     -0.357748094390
   794    -22.519267782592      0.086700032585      0.510672869706     -0.859775098585
   795    -23.275788934562      0.740669257107     -0.756521151970      0.653969224522
   796    -22.626554921877     -0.019919460119      0.649234012685     -0.760588717227
   797    -21.971427826486     -0.775438148760      0.655127095391     -0.755518688641
   798    -22.708453628164     -1.451302756252     -0.737025801678     -0.675864607492
   799    -21.880463612809     -2.012045597911      0.827990015356     -0.560742841659
   800    -21.437633849289     -2.908651308657      0.442829763520     -0.896605710745
   801    -20.660976438116     -2.278728086614      0.776657411174      0.629923222043
   802    -21.352039389716     -3.001522661113     -0.691062951601     -0.722794574499
   803    -22.139353667079     -2.384970774682     -0.787314277363      0.616551886430
   804    -21.624526757616     -1.527676628375      0.514826909463      0.857294146307
   805    -20.755152914842     -2.021831585347      0.869373842774     -0.494154956972
   806    -21.171711264328     -1.112722603171     -0.416558349486      0.909108982176
   807    -22.169957065753     -1.053516860744     -0.998245801426      0.059205742427
   808    -21.947045868542     -0.078678105791      0.222911197212      0.974838754953
   809    -22.932074750685     -0.251067494512     -0.985028882143     -0.172389388721
   810    -21.975040253791      0.038906593562      0.957034496894      0.289974088074
   811    -21.780141868240     -0.941916845855      0.194898385550     -0.980823439417
   812    -21.539820639218      0.028776569638      0.240321229022      0.970693415493
   813    -20.847502242120      0.750368723863      0.692318397098      0.721592154225
   814    -19.848156988173      0.786549705242      0.999345253947      0.036180981379
   815    -20.006144209882      1.773990861856     -0.157987221709      0.987441156615
   816    -20.594815581865      2.582363310550     -0.588671371983      0.808372448694
   817    -19.649212503507      2.257040673465      0.945603078358     -0.325322637085
   818    -20.474655863866      1.692555723409     -0.825443360358     -0.564484950057
   819    -19.480927434244      1.804376151602      0.993728429622      0.111820428193
   820    -18.877430771203      2.601741674871      0.603496663041      0.797365523270
   821    -17.891068840723      2.437150842506      0.986361930481     -0.164590832365
   822    -17.013756470239      1.957231052753      0.877312370484     -0.479919789753
   823    -17.913174819841      2.394319867983     -0.899418349602      0.437088815230
   824    -18.622153247228      3.099550035730     -0.708978427387      0.705230167747
   825    -19.428267560499      3.691309880548     -0.806114313272      0.591759844818
   826    -18.771472591279      2.937240673905      0.656794969221     -0.754069206642
   827    -19.563934133346      2.327318790100     -0.792461542067     -0.609921883806
   828    -19.602985028770      3.326556012969     -0.039050895425      0.999237222869
   829    -19.964221356380      2.394081715406     -0.361236327610     -0.932474297563
   830    -19.210891443942      1.736438922526      0.753329912438     -0.657642792880
   831    -19.951415311683      2.408468982349     -0.740523867741      0.672030059823
   832    -20.801410529981      1.881678579181     -0.849995218298     -0.526790403169
   833    -21.194896492975      0.962347954799     -0.393485962994     -0.919330624382
   834    -22.020066091003      0.397462891718     -0.825169598027     -0.564885063080
   835    -21.083569624201      0.046785878404      0.936496466802     -0.350677013314
   836    -20.894918664793      1.028830080828      0.188650959408      0.982044202424
   837    -20.112067666734      1.651039301941      0.782850998059      0.622209221113
   838    -19.204942516254      1.230178325648      0.907125150480     -0.420860976293
   839    -18.830888072357      0.302771579392      0.374054443897     -0.927406746256
   840    -19.562151213934     -0.379323881501     -0.731263141577     -0.682095460893
   841    -20.560460711824     -0.321202057523     -0.998309497890      0.058121823978
   842    -19.977034155297     -1.133367959996      0.583426556527     -0.812165902473
   843    -18.982389844770     -1.236725086193      0.994644310527     -0.103357126197
   844    -19.959805815565     -1.448049528781     -0.977415970795     -0.211324442588
   845    -20.945688662960     -1.615486117414     -0.985882847395     -0.167436588633
   846    -21.817815796798     -1.126206787763     -0.872127133838      0.489279329651
   847    -21.038171451845     -1.752429348346      0.779644344953     -0.626222560583
   848    -22.028350319756     -1.612623019654     -0.990178867911      0.139806328692
   849    -21.407585036700     -0.828626550687      0.620765283056      0.783996468967
   850    -20.691004066283     -1.526130466688      0.716580970416     -0.697503916001
   851    -19.764886571677     -1.148895279856      0.926117494606      0.377235186832
   852    -19.751426872755     -0.148985865707      0.013459698922      0.999909414150
   853    -18.974058181644      0.480059377563      0.777368691111      0.629045243270
   854    -18.178940150104      1.086514088090      0.795118031540      0.606454710527
   855    -18.621670666837      0.189859366609     -0.442730516733     -0.896654721481
   856    -19.381309489458      0.840204551236     -0.759638822621      0.650345184626
   857    -18.571280683155      0.253814465235      0.810028806303     -0.586390086000
   858    -18.983086070937     -0.657457350742     -0.411805387782     -0.911271815977
   859    -18.637045031054     -1.595676727389      0.346041039883     -0.938219376647
   860    -19.635582692319     -1.649737240109     -0.998537661265     -0.054060512720
   861    -18.649411165389     -1.815465087718      0.986171526930     -0.165727847609
   862    -19.423212859912     -1.182037161626     -0.773801694523      0.633427926092
   863    -18.556283146593     -0.683606753080      0.866929713320      0.498430408546
   864    -18.015450138954      0.157523235595      0.540833007639      0.841129988675
   865    -17.041796764724      0.385556362249      0.973653374229      0.228033126654
   866    -18.041221503214      0.419470844315     -0.999424738490      0.033914482065
   867    -19.003062430094      0.693080112030     -0.961840926880      0.273609267715
   868    -18.747412222200      1.659849459498      0.255650207894      0.966769347468
   869    -18.161028970245      0.849815705987      0.586383251955     -0.810033753511
   870    -17.524195675910      1.620817233370      0.636833294335      0.771001527383
   871    -17.987390815966      0.734560914787     -0.463195140055     -0.886256318583
   872    -18.082011684428     -0.260952465963     -0.094620868462     -0.995513380750
   873    -18.405316098591      0.685342549232     -0.323304414163      0.946295015195
   874    -17.808970813952     -0.117385487832      0.596345284640     -0.802728037064
   875    -17.247296878416     -0.944744170714      0.561673935535     -0.827358682882
   876    -16.459112512365     -0.329304973789      0.788184366052      0.615439196925
   877    -17.456327055721     -0.254718416567     -0.997214543357      0.074586557222
   878    -18.276568526212     -0.826735837707     -0.820241470490     -0.572017421140
   879    -19.018129354072     -1.497621475192     -0.741560827861     -0.670885637484
   880    -19.615736212061     -2.299410751301     -0.597606857989     -0.801789276110
   881    -19.100541789435     -1.442337413194      0.515194422627      0.857073338107
   882    -19.815941543869     -2.141052799710     -0.715399754435     -0.698715386516
   883    -20.611410085738     -1.535057916153     -0.795468541868      0.605994883557
   884    -19.626173956087     -1.363856955787      0.985236129651      0.171200960366
   885    -20.463170326365     -0.816648516395     -0.836996370278      0.547208439392
   886    -19.906001522012      0.013750739057      0.557168804353      0.830399255453
   887    -20.589828822942      0.743394640220     -0.683827300930      0.729643901162
   888    -21.534467676113      0.415282712550     -0.944638853171     -0.328111927670
   889    -21.015623418989      1.270151495960      0.518844257124      0.854868783410
   890    -22.015378550789      1.292280129871     -0.999755131800      0.022128633911
   891    -21.101740301208      0.885751964915      0.913638249581     -0.406528164956
   892    -21.826979833848      0.197255327090     -0.725239532640     -0.688496637825
   893    -22.444285163571     -0.589468340977     -0.617305329722     -0.786723668067
   894    -23.333742342167     -0.132449821173     -0.889457178596      0.457018519803
   895    -23.290137921350     -1.131498696097      0.043604420817     -0.999048874923
   896    -24.069092387080     -1.758579185604     -0.778954465729     -0.627080489507
   897    -24.932760411481     -2.262640237091     -0.863668024401     -0.504061051487
   898    -25.603162706743     -1.520642418693     -0.670402295262      0.741997818398
   899    -24.925444591266     -2.255964223044      0.677718115478     -0.735321804351
   900    -25.842774669574     -1.857836696450     -0.917330078308      0.398127526594
   901    -25.631027094961     -0.880512305756      0.211747574612      0.977324390694
   902    -25.121156483925     -0.020261202879      0.509870611036      0.860251102877
   903    -24.605454459132     -0.877029212100      0.515702024793     -0.856768009221
   904    -23.964015304913     -1.644203124218      0.641439154219     -0.767173912118
   905    -24.963577579721     -1.673787897014     -0.999562274808     -0.029584772796
   906    -24.254875332970     -0.968280189437      0.708702246751      0.705507707576
   907    -23.691682289401     -1.794605546470      0.563193043569     -0.826325357033
   908    -23.298485079606     -0.875151385454      0.393197209794      0.919454161016
   909    -23.615038137825     -1.823726190798     -0.316553058218     -0.948574805344
   910    -24.581576017834     -2.080250120493     -0.966537880010     -0.256523929696
   911    -25.093174162203     -2.939474968061     -0.511598144369     -0.859224847568
   912    -24.943915969503     -3.928273224488      0.149258192700     -0.988798256426
   913    -24.177730009227     -3.285654306095      0.766185960276      0.642618918393
   914    -24.868169908661     -2.562264545820     -0.690439899434      0.723389760275
   915    -23.871935052415     -2.475569037276      0.996234856245      0.086695508543
   916    -22.928685112465     -2.807652687556      0.943249939951     -0.332083650279
   917    -23.918944581931     -2.946886961829     -0.990259469466     -0.139234274273
   918    -23.248547932698     -3.688889881431      0.670396649233     -0.742002919602
   919    -24.010943589709     -4.336001048210     -0.762395657011     -0.647111166780
   920    -23.075591910955     -4.689720198175      0.935351678754     -0.353719149964
   921    -23.797800609506     -3.998044988458     -0.722208698551      0.691675209717
   922    -22.952831338991     -3.463230130881      0.844969270515      0.534814857577
   923    -22.048825911230     -3.890751108821      0.904005427761     -0.427520977940
   924    -23.047292732919     -3.946104572899     -0.998466821689     -0.055353464078
   925    -24.008503494954     -4.221919494446     -0.961210762035     -0.275814921547
   926    -23.166887498055     -4.761995890675      0.841615996899     -0.540076396228
   927    -23.653657192337     -3.888465545049     -0.486769694282      0.873530345626
   928    -22.768447674864     -4.353658096769      0.885209517473     -0.465192551720
   929    -22.989485918427     -3.378392955957     -0.221038243563      0.975265140812
   930    -22.262700170793     -4.065257190749      0.726785747634     -0.686864234792
   931    -21.390392968537     -4.554215414827      0.872307202255     -0.488958224078
   932    -22.051811314292     -3.804198233757     -0.661418345754      0.750017181069
   933    -22.312907178159     -2.838885357084     -0.261095863867      0.965312876673
   934    -23.190123096933     -2.358789291854     -0.877215918774      0.480096065230
   935    -23.932988806655     -1.689348826003     -0.742865709722      0.669440465851
   936    -22.967657185861     -1.950375380006      0.965331620794     -0.261026554003
   937    -23.723902980312     -1.296087753365     -0.756245794451      0.654287626641
   938    -22.859235760174     -1.798432852294      0.864667220138     -0.502345098929
   939    -23.851043412564     -1.926173138267     -0.991807652390     -0.127740285973
   940    -24.808270550197     -1.636835607037     -0.957227137633      0.289337531230
   941    -25.696392376236     -1.177227489056     -0.888121826039      0.459608117980
   942    -24.767431267806     -0.807050154491      0.928961108429      0.370177334565
   943    -23.800247773102     -0.552971254203      0.967183494704      0.254078900288
   944    -24.688951311627     -0.094488952893     -0.888703538524      0.458482301309
   945    -24.253288085431      0.805620792271      0.435663226196      0.900109745165
   946    -25.246153005608      0.924865290179     -0.992864920177      0.119244497908
   947    -24.807854153364      0.026035987074      0.438298852244     -0.898829303106
   948    -25.697493903660     -0.430627033866     -0.889639750296     -0.456663020940
   949    -26.674635115137     -0.643218315043     -0.977141211477     -0.212591281177
   950    -25.736791042315     -0.296161410382      0.937844072822      0.347056904661
   951    -25.025101266178     -0.998655298285      0.711689776138     -0.702493887903
   952    -24.431680387883     -1.803547627236      0.593420878294     -0.804892328951
   953    -23.984178700232     -2.697830714155      0.447501687651     -0.894283086919
   954    -23.066055589148     -2.301535429180      0.918123111084      0.396295284976
   955    -22.217936587852     -2.831341204573      0.848119001296     -0.529805775393
   956    -22.932865664276     -2.132144225401     -0.714929076425      0.699196979172
   957    -22.135643156049     -2.735829799501      0.797222508227     -0.603685574100
   958    -22.890268095893     -3.391986183427     -0.754624939843     -0.656156383926
   959    -23.770464757558     -3.866595324504     -0.880196661665     -0.474609141077
   960    -24.631460616971     -4.375207288650     -0.860995859413     -0.508611964147
   961    -23.723304241179     -4.793838387721      0.908156375792     -0.418631099070
   962    -22.976200755803     -4.129130645823      0.747103485377      0.664707741897
   963    -22.255822090276     -3.435549664067      0.720378665527      0.693580981756
   964    -21.285685137562     -3.678107477750      0.970136952714     -0.242557813682
   965    -22.124666111053     -3.133946723818     -0.838980973492      0.544160753931
   966    -21.173485216951     -3.442580660214      0.951180894102     -0.308633936396
   967    -20.196694701051     -3.228383816057      0.976790515901      0.214196844157
   968    -19.323396167800     -3.715569275428      0.873298533250     -0.487185459371
   969    -18.360692588709     -3.445010929033      0.962703579092      0.270558346395
   970    -18.207030271164     -4.433134348534      0.153662317545     -0.988123419501
   971    -17.564243865031     -3.667088895515      0.642786406133      0.766045453019
   972    -18.415064146072     -3.141632094846     -0.850820281041      0.525456800669
   973    -19.404606471933     -3.285874894770     -0.989542325861     -0.144242799924
   974    -20.184647797180     -2.660146894033     -0.780041325248      0.625728000737
   975    -21.182285345514     -2.591449571265     -0.997637548333      0.068697322768
   976    -20.194647540026     -2.434696372982      0.987637805487      0.156753198284
   977    -19.273097945579     -2.822957039254      0.921549594447     -0.388260666272
   978    -19.743711382616     -1.940617539469     -0.470613437037      0.882339499785
   979    -20.418218374722     -2.678885998501     -0.674506992106     -0.738268459031
   980    -19.763740763051     -1.922804616755      0.654477611671      0.756081381745
   981    -20.576032919292     -1.339553853439     -0.812292156241      0.583250763317
   982    -20.938966964855     -2.271368684063     -0.362934045562     -0.931814830625
   983    -21.651453108364     -1.569682503989     -0.712486143510      0.701686180074
   984    -21.273868940719     -2.495657771663      0.377584167645     -0.925975267674
   985    -21.960210701620     -3.222936939001     -0.686341760901     -0.727279167338
   986    -21.290801436850     -2.480043113317      0.669409264770      0.742893825684
   987    -21.040693618351     -3.448261104849      0.250107818499     -0.968217991532
   988    -22.020890404226     -3.646287014670     -0.980196785875     -0.198025909821
   989    -21.879989267336     -4.636310685914      0.140901136890     -0.990023671244
   990    -21.210218544558     -3.893742723428      0.669770722778      0.742567962485
   991    -20.675888385345     -4.739018584290      0.534330159213     -0.845275860862
   992    -20.243915280487     -3.837132096599      0.431973104857      0.901886487691
   993    -19.422058091883     -4.406825664703      0.821857188604     -0.569693568104
   994    -20.354357232159     -4.045137521353     -0.932299140276      0.361688143350
   995    -21.330324909960     -4.263052853277     -0.975967677801     -0.217915331924
   996    -22.102771000474     -4.898133192486     -0.772446090513     -0.635080339210
   997    -21.102835334905     -4.886790145088      0.999935665568      0.011343047398
   998    -22.012432579541     -4.471299047047     -0.909597244635      0.415491098041
   999    -22.439389295752     -3.567026984843     -0.426956716211      0.904272062204
  1000    -21.696777566032     -2.897304789539      0.742611729720      0.669722195304
