# File chua thong tin toa do tai lan chay thu 3
##########################################################################################
#  Step                   x                   y            delta_x            delta_y
     1      0.000000000000      0.000000000000      0.000000000000      0.000000000000
     2      0.955158939991      0.296093565203      0.955158939991      0.296093565203
     3      1.128416343241      1.280970142353      0.173257403250      0.984876577150
     4      2.067235145702      1.625381605790      0.938818802460      0.344411463437
     5      1.954653428576      2.619024075177     -0.112581717126      0.993642469387
     6      2.636167834647      1.887219378336      0.681514406071     -0.731804696840
     7      2.271809574801      2.818478235197     -0.364358259846      0.931258856861
     8      2.057484665080      3.795240659266     -0.214324909721      0.976762424069
     9      3.012843103045      3.499791416573      0.955358437966     -0.295449242693
    10      2.013506196356      3.536202224436     -0.999336906689      0.036410807863
    11      1.144582131580      3.041256803553     -0.868924064776     -0.494945420883
    12      1.532286087599      3.963040749219      0.387703956019      0.921783945666
    13      1.996340455689      3.077234030201      0.464054368090     -0.885806719017
    14      2.769212408764      2.442672020504      0.772871953074     -0.634562009698
    15      2.095123769894      3.181322483814     -0.674088638869      0.738650463310
    16      1.096585833425      3.127267054560     -0.998537936469     -0.054055429253
    17      0.188136153609      2.709272821058     -0.908449679817     -0.417994233502
    18      0.428457760725      1.738579499173      0.240321607116     -0.970693321885
    19      0.483910596560      2.737040806884      0.055452835836      0.998461307712
    20      1.236737137655      3.395259766672      0.752826541095      0.658218959787
    21      2.235803586918      3.438459650424      0.999066449263      0.043199883752
    22      1.686236321799      2.603010177919     -0.549567265120     -0.835449472505
    23      1.127883592545      1.773406519697     -0.558352729254     -0.829603658222
    24      1.986856865040      2.285426946184      0.858973272495      0.512020426487
    25      1.153363414132      1.732897610045     -0.833493450908     -0.552529336139
    26      1.840690880228      1.006549928593      0.687327466096     -0.726347681452
    27      2.577167866201      0.330087328643      0.736476985973     -0.676462599950
    28      1.855238306096     -0.361879224195     -0.721929560105     -0.691966552838
    29      1.408376383734      0.532723716971     -0.446861922362      0.894602941166
    30      0.498460299005      0.117931336675     -0.909916084729     -0.414792380295
    31      1.411795426167      0.525140061400      0.913335127162      0.407208724725
    32      2.149341566051      1.200436804722      0.737546139885      0.675296743322
    33      2.750844000367      1.999307771470      0.601502434316      0.798870966748
    34      3.452439724530      1.286732554503      0.701595724163     -0.712575216967
    35      4.447721829190      1.383755913253      0.995282104660      0.097023358751
    36      3.697344522643      2.044765669474     -0.750377306547      0.661009756221
    37      4.450977778549      1.387470518425      0.753633255906     -0.657295151049
    38      3.778790769498      0.647089113430     -0.672187009051     -0.740381404996
    39      4.137269701459     -0.286448703341      0.358478931961     -0.933537816770
    40      3.171394159204     -0.545455338147     -0.965875542255     -0.259006634806
    41      3.287363732063     -1.538708104653      0.115969572859     -0.993252766506
    42      3.880477234823     -2.343826960998      0.593113502761     -0.805118856345
    43      3.045098227207     -2.893501331542     -0.835379007617     -0.549674370544
    44      2.061935515837     -3.076233602835     -0.983162711370     -0.182732271292
    45      1.186213149455     -2.593418589586     -0.875722366382      0.482815013248
    46      1.365368208289     -3.577239439586      0.179155058835     -0.983820850000
    47      1.582263122658     -2.601044481537      0.216894914368      0.976194958049
    48      2.281068074381     -1.885732214449      0.698804951724      0.715312267088
    49      2.888037169829     -2.680457649533      0.606969095448     -0.794725435085
    50      3.621473723498     -2.000699735461      0.733436553668      0.679757914072
    51      4.507544367453     -1.537149507417      0.886070643956      0.463550228044
    52      5.079283609742     -0.716714111528      0.571739242288      0.820435395889
    53      5.408565806890     -1.660945669273      0.329282197148     -0.944231557745
    54      4.412075884850     -1.744658483541     -0.996489922040     -0.083712814267
    55      4.058167584026     -2.679938609817     -0.353908300824     -0.935280126277
    56      5.017627598971     -2.961783389302      0.959460014945     -0.281844779484
    57      4.142396131651     -3.445487719046     -0.875231467320     -0.483704329745
    58      3.658624820273     -4.320682165034     -0.483771311379     -0.875194445987
    59      4.453747547399     -3.714233610903      0.795122727127      0.606448554130
    60      3.460309239858     -3.828602877356     -0.993438307542     -0.114369266452
    61      4.420293140304     -3.548547684789      0.959983900446      0.280055192567
    62      4.733950450819     -4.498083935576      0.313657310515     -0.949536250788
    63      5.733603705518     -4.524415862391      0.999653254699     -0.026331926815
    64      5.024680394492     -5.229701435109     -0.708923311026     -0.705285572717
    65      4.400187828093     -6.010732186432     -0.624492566399     -0.781030751323
    66      4.128670610254     -6.973165768772     -0.271517217839     -0.962433582341
    67      3.459109289787     -6.230408986147     -0.669561320467      0.742756782625
    68      4.396918987434     -6.577558767943      0.937809697646     -0.347149781795
    69      3.484000817178     -6.985701407736     -0.912918170256     -0.408142639793
    70      3.573941046418     -7.981648572581      0.089940229240     -0.995947164846
    71      4.454647685401     -8.455310705385      0.880706638983     -0.473662132803
    72      3.465693446550     -8.603531869391     -0.988954238851     -0.148221164006
    73      4.453470887989     -8.447661005583      0.987777441439      0.155870863808
    74      3.853673402424     -9.247812851366     -0.599797485565     -0.800151845783
    75      4.307672583191    -10.138814952296      0.453999180767     -0.891002100931
    76      4.576649507313     -9.175668330909      0.268976924122      0.963146621387
    77      4.389066828766    -10.157917148016     -0.187582678547     -0.982248817108
    78      4.500667185330     -9.164163979259      0.111600356564      0.993753168757
    79      5.453228733846     -8.859817965176      0.952561548516      0.304346014084
    80      4.509137969496     -8.530132313881     -0.944090764350      0.329685651294
    81      3.783116027946     -9.217803849127     -0.726021941550     -0.687671535246
    82      4.757844742096     -9.441195733072      0.974728714150     -0.223391883945
    83      4.723401184225     -8.441789088447     -0.034443557870      0.999406644625
    84      4.770975750180     -7.442921399173      0.047574565955      0.998867689273
    85      4.710171219733     -8.441071091893     -0.060804530448     -0.998149692720
    86      5.660705806818     -8.751689827250      0.950534587085     -0.310618735357
    87      6.119049127741     -7.862914602480      0.458343320923      0.888775224770
    88      6.907134093232     -7.247348125836      0.788084965491      0.615566476644
    89      7.619992048396     -6.546039680316      0.712857955165      0.701308445520
    90      8.575265678561     -6.841763016412      0.955273630165     -0.295723336096
    91      7.869373043879     -7.550081862909     -0.705892634682     -0.708318846497
    92      6.916609321061     -7.853794372499     -0.952763722818     -0.303712509590
    93      6.442623530774     -8.734326865145     -0.473985790287     -0.880532492646
    94      7.265300590151     -8.165817888985      0.822677059377      0.568508976160
    95      7.946809732431     -8.897627487849      0.681509142280     -0.731809598864
    96      8.907495334562     -9.175266054797      0.960685602132     -0.277638566948
    97      8.685858603252     -8.200136750892     -0.221636731310      0.975129303905
    98      9.100511567782     -7.290157125292      0.414652964530      0.909979625600
    99      9.895776814466     -7.896418774596      0.795265246684     -0.606261649304
   100     10.413691489599     -7.040986492483      0.517914675133      0.855432282113
   101      9.807596457444     -7.836378730311     -0.606095032155     -0.795392237828
   102      8.929424517996     -7.358033619783     -0.878171939448      0.478345110528
   103      8.236862845495     -8.079392289089     -0.692561672501     -0.721358669306
   104      8.929324488569     -8.800846981271      0.692461643074     -0.721454692182
   105      9.087210729457     -9.788304289178      0.157886240888     -0.987457307907
   106      8.904867898718    -10.771539302833     -0.182342830739     -0.983235013655
   107      9.436390063617     -9.924494918978      0.531522164899      0.847044383855
   108     10.429309460448     -9.805704888262      0.992919396831      0.118790030716
   109     11.177355532210    -10.469351687787      0.748046071762     -0.663646799526
   110     10.530442951956    -11.231915857880     -0.646912580254     -0.762564170092
   111     11.426658048707    -10.788296087856      0.896215096751      0.443619770024
   112     12.141455693455    -11.487627430685      0.714797644748     -0.699331342829
   113     11.356930332339    -12.107724163272     -0.784525361116     -0.620096732588
   114     11.763299031605    -13.021433351284      0.406368699265     -0.913709188012
   115     12.054954365215    -12.064909872024      0.291655333610      0.956523479261
   116     11.056276654335    -12.013501411700     -0.998677710879      0.051408460323
   117     10.440776306229    -12.801638025164     -0.615500348106     -0.788136613463
   118     10.471382850897    -11.802106515193      0.030606544668      0.999531509970
   119     10.256788129335    -12.778809697065     -0.214594721562     -0.976703181871
   120      9.740682399218    -11.922284813982     -0.516105730117      0.856524883083
   121     10.544180208916    -11.326977103793      0.803497809698      0.595307710188
   122     11.487733645760    -10.995756766525      0.943553436844      0.331220337268
   123     12.057087553350    -10.173664236507      0.569353907590      0.822092530018
   124     13.052479374040    -10.269555442067      0.995391820690     -0.095891205561
   125     12.141109361333     -9.857967419965     -0.911370012707      0.411588022103
   126     12.213852364047     -8.860616701533      0.072743002715      0.997350718432
   127     11.229746129970     -8.683035959192     -0.984106234077      0.177580742341
   128     10.237989222397     -8.554902293514     -0.991756907574      0.128133665678
   129     10.223575035905     -9.554798403731     -0.014414186492     -0.999896110217
   130      9.663137702134     -8.726601570294     -0.560437333770      0.828196833438
   131     10.150677165975     -9.599702521615      0.487539463840     -0.873100951321
   132     11.110779261384     -9.320052800730      0.960102095409      0.279649720885
   133     11.978705313246     -8.823359365601      0.867926051862      0.496693435129
   134     10.989650072197     -8.675813677240     -0.989055241049      0.147545688361
   135     11.840212265760     -8.149939210394      0.850562193563      0.525874466846
   136     12.651982402165     -8.733916303815      0.811770136405     -0.583977093421
   137     12.765366191912     -9.727467568835      0.113383789747     -0.993551265020
   138     13.416460393149    -10.486464499736      0.651094201237     -0.758996930900
   139     12.420307195947    -10.398835693379     -0.996153197202      0.087628806356
   140     11.683302668531    -11.074723499579     -0.737004527416     -0.675887806199
   141     11.888528006636    -12.053438248931      0.205225338105     -0.978714749352
   142     12.876900905599    -11.901388873413      0.988372898963      0.152049375518
   143     13.872808616970    -11.991764923509      0.995907711371     -0.090376050095
   144     14.733377657940    -12.501098729302      0.860569040970     -0.509333805793
   145     13.781605518432    -12.194292936567     -0.951772139508      0.306805792735
   146     14.479061001816    -12.910921047025      0.697455483384     -0.716628110458
   147     14.931538252346    -13.802696992962      0.452477250530     -0.891775945938
   148     14.095759072987    -13.253631274354     -0.835779179359      0.549065718608
   149     14.989495383598    -12.805038578142      0.893736310611      0.448592696212
   150     14.357445451844    -12.030110914570     -0.632049931754      0.774927663572
   151     13.509037202093    -11.500768452875     -0.848408249751      0.529342461695
   152     13.064279744191    -10.605117402722     -0.444757457902      0.895651050153
   153     12.439599283477     -9.824236924029     -0.624680460714      0.780880478692
   154     13.428863844746     -9.678101275337      0.989264561268      0.146135648692
   155     13.002725100618     -8.773443455632     -0.426138744128      0.904657819705
   156     12.387064714601     -7.985431850965     -0.615660386017      0.788011604667
   157     11.520001647656     -7.487233458817     -0.867063066945      0.498198392149
   158     10.969288110454     -8.321927774086     -0.550713537201     -0.834694315269
   159     11.612014485066     -7.555831952809      0.642726374612      0.766095821277
   160     12.236250388732     -6.774596049528      0.624235903666      0.781235903281
   161     12.365866042673     -7.766160360228      0.129615653941     -0.991564310700
   162     11.756459435269     -8.559018220662     -0.609406607404     -0.792857860434
   163     12.103270015306     -7.621083030164      0.346810580037      0.937935190498
   164     11.135478501773     -7.872836056627     -0.967791513533     -0.251753026463
   165     10.475599039808     -7.121464580142     -0.659879461965      0.751371476486
   166      9.619520817538     -6.604618299943     -0.856078222270      0.516846280199
   167     10.135680145514     -7.461110884933      0.516159327976     -0.856492584990
   168      9.692318048522     -8.357453481796     -0.443362096992     -0.896342596863
   169      8.893811025853     -8.959438975598     -0.798507022669     -0.601985493802
   170      8.088527464705     -8.366549115553     -0.805283561148      0.592889860045
   171      7.172547680347     -8.767773534859     -0.915979784358     -0.401224419306
   172      8.137105661883     -9.031644526551      0.964557981535     -0.263870991692
   173      8.741427463362     -9.828384860823      0.604321801480     -0.796740334272
   174      8.740107309749     -8.828385732227     -0.001320153613      0.999999128597
   175      9.713538242679     -9.057366558532      0.973430932930     -0.228980826306
   176      9.258449630494     -8.166920403473     -0.455088612185      0.890446155059
   177     10.252963748570     -8.271522836272      0.994514118076     -0.104602432799
   178      9.256616529377     -8.356917325593     -0.996347219193     -0.085394489321
   179      8.609946113933     -7.594147783863     -0.646670415444      0.762769541729
   180      7.832592214643     -6.965084261429     -0.777353899291      0.629063522435
   181      8.587778490698     -7.620594511889      0.755186276055     -0.655510250460
   182      9.456810805594     -8.115349840982      0.869032314896     -0.494755329093
   183      8.500951588891     -7.821524794664     -0.955859216703      0.293825046318
   184      7.845680822986     -7.066130709864     -0.655270765905      0.755394084799
   185      7.554639787901     -8.022841280464     -0.291041035085     -0.956710570599
   186      8.378391801636     -8.589791560353      0.823752013735     -0.566950279890
   187      8.467841138998     -7.593800186874      0.089449337361      0.995991373480
   188      7.668245870275     -8.194339449734     -0.799595268723     -0.600539262860
   189      7.053649124162     -7.405497995659     -0.614596746114      0.788841454075
   190      6.828958872923     -8.379928234824     -0.224690251238     -0.974430239165
   191      7.818351466152     -8.525194529829      0.989392593229     -0.145266295005
   192      8.679630999651     -9.033325974610      0.861279533499     -0.508131444781
   193      9.028585579119     -8.096186336419      0.348954579468      0.937139638191
   194      8.168989037565     -8.607159707299     -0.859596541554     -0.510973370880
   195      8.943050610115     -7.974049383657      0.774061572550      0.633110323642
   196      9.636968232223     -7.253994987290      0.693917622109      0.720054396367
   197     10.172109689773     -6.409232523392      0.535141457550      0.844762463898
   198     11.093412825931     -6.798077648480      0.921303136158     -0.388845125088
   199     10.252392844806     -7.339081707013     -0.841019981125     -0.541004058533
   200     10.506342858506     -8.306299051017      0.253950013699     -0.967217344004
   201     10.581810801804     -7.309150822550      0.075467943298      0.997148228467
   202     10.701434136526     -8.301970170564      0.119623334721     -0.992819348014
   203      9.748506908784     -7.998771063327     -0.952927227741      0.303199107237
   204     10.704515846343     -7.705433525144      0.956008937559      0.293337538183
   205     10.872316469092     -6.719612572331      0.167800622748      0.985820952813
   206     11.712818089885     -7.261421602750      0.840501620793     -0.541809030420
   207     11.915578488808     -6.282193222530      0.202760398923      0.979228380220
   208     11.098893601120     -5.705109351483     -0.816684887688      0.577083871047
   209     11.794870574397     -4.987045250815      0.695976973277      0.718064100668
   210     11.238992022311     -5.818308768197     -0.555878552087     -0.831263517382
   211     12.215699044071     -6.032886012201      0.976707021760     -0.214577244004
   212     11.608829249627     -5.238084746102     -0.606869794444      0.794801266099
   213     12.418520836447     -4.651229112889      0.809691586819      0.586855633213
   214     13.403792271744     -4.480231455631      0.985271435297      0.170997657257
   215     14.385320030451     -4.288911673887      0.981527758708      0.191319781744
   216     13.399290120819     -4.122343317614     -0.986029909632      0.166568356273
   217     12.401910351310     -4.049999725137     -0.997379769510      0.072343592477
   218     11.649081160476     -4.708215654319     -0.752829190834     -0.658215929182
   219     12.551840270513     -5.138362128494      0.902759110037     -0.430146474175
   220     13.451190010853     -5.575592096075      0.899349740340     -0.437229967581
   221     12.806481875669     -4.811163276349     -0.644708135184      0.764428819726
   222     13.527426831948     -4.118170945933      0.720944956279      0.692992330416
   223     14.133829790578     -4.913328447164      0.606402958630     -0.795157501232
   224     13.846556018995     -5.871176963455     -0.287273771582     -0.957848516291
   225     14.457456806980     -6.662884123483      0.610900787985     -0.791707160028
   226     13.531759308695     -6.284619478469     -0.925697498286      0.378264645014
   227     13.064431931799     -5.400535137015     -0.467327376895      0.884084341454
   228     14.006161761690     -5.736905360866      0.941729829891     -0.336370223851
   229     14.818851619116     -6.319601847587      0.812689857426     -0.582696486721
   230     15.537203669128     -7.015281610297      0.718352050012     -0.695679762709
   231     14.552398998757     -7.188947269581     -0.984804670371     -0.173665659284
   232     15.552398933005     -7.189309903514      0.999999934248     -0.000362633933
   233     16.319555987676     -7.830769219035      0.767157054671     -0.641459315521
   234     15.450480024505     -7.336090565525     -0.869075963171      0.494678653510
   235     14.480255101267     -7.093884871274     -0.970224923238      0.242205694252
   236     13.576990965549     -7.522969829208     -0.903264135718     -0.429084957934
   237     12.876913278672     -8.237036515406     -0.700077686876     -0.714066686198
   238     13.531824795255     -8.992742083367      0.654911516583     -0.755705567961
   239     12.560775897995     -9.231622888643     -0.971048897260     -0.238880805276
   240     12.042083063962    -10.086583556699     -0.518692834033     -0.854960668056
   241     12.876013458894     -9.534713919548      0.833930394931      0.551869637151
   242     13.869667290505     -9.422232530314      0.993653831611      0.112481389234
   243     14.395544357687    -10.272793116170      0.525877067182     -0.850560585856
   244     15.142506015403     -9.607926000197      0.746961657716      0.664867115973
   245     15.690159376626     -8.771220678150      0.547653361223      0.836705322047
   246     15.022547741652     -9.515730385842     -0.667611634974     -0.744509707692
   247     14.261314319036    -10.164208354853     -0.761233422616     -0.648477969010
   248     13.361066703336     -9.728830093537     -0.900247615700      0.435378261316
   249     12.653903014871    -10.435879962865     -0.707163688465     -0.707049869328
   250     13.354013669895     -9.721845600441      0.700110655023      0.714034362424
   251     14.332619375058     -9.516100919290      0.978605705163      0.205744681150
   252     13.828404733312    -10.379679285768     -0.504214641746     -0.863578366478
   253     14.588383125083    -11.029627625285      0.759978391771     -0.649948339517
   254     14.491531537534    -12.024926459801     -0.096851587549     -0.995298834516
   255     13.779414109059    -11.322866086285     -0.712117428475      0.702060373517
   256     14.504656487121    -12.011359726824      0.725242378062     -0.688493640539
   257     13.642578598969    -12.518135530073     -0.862077888152     -0.506775803249
   258     13.188450453686    -11.627199153185     -0.454128145282      0.890936376888
   259     13.868846351874    -10.894354407192      0.680395898188      0.732844745993
   260     14.600794066446    -10.212993604729      0.731947714572      0.681360802463
   261     15.507108623410     -9.790389861449      0.906314556964      0.422603743281
   262     14.508851428869     -9.731376527816     -0.998257194541      0.059013333633
   263     13.750773218801     -9.079212877019     -0.758078210068      0.652163650797
   264     13.920897915050     -8.093790334286      0.170124696249      0.985422542733
   265     13.153405139652     -8.734847928978     -0.767492775398     -0.641057594692
   266     12.685308405821     -9.618525159519     -0.468096733831     -0.883677230541
   267     12.080302237484    -10.414745943143     -0.605006168337     -0.796220783624
   268     11.218912118063     -9.906801987413     -0.861390119422      0.507943955730
   269     11.883802133648     -9.159860713165      0.664890015585      0.746941274248
   270     11.260496309929     -8.377882548433     -0.623305823719      0.781978164732
   271     11.571763552477     -9.328204969360      0.311267242548     -0.950322420927
   272     11.570721713364    -10.328204426645     -0.001041839113     -0.999999457285
   273     11.408729609599    -11.314996480888     -0.161992103765     -0.986792054243
   274     10.825530323521    -12.127325596899     -0.583199286078     -0.812329116011
   275     11.825512146174    -12.133355054830      0.999981822653     -0.006029457931
   276     12.053059482888    -13.107122074991      0.227547336713     -0.973767020162
   277     11.530724892466    -13.959862701237     -0.522334590421     -0.852740626246
   278     10.553561486041    -14.172351941299     -0.977163406426     -0.212489240062
   279     11.286746399975    -14.852381265651      0.733184913935     -0.680029324352
   280     12.146271946382    -15.363474050842      0.859525546407     -0.511092785191
   281     13.118491341450    -15.129402591980      0.972219395068      0.234071458862
   282     12.475618187745    -15.895375247005     -0.642873153705     -0.765972655024
   283     13.100359409758    -16.676207114642      0.624741222013     -0.780831867637
   284     14.078901448592    -16.882254386485      0.978542038834     -0.206047271843
   285     13.598675403727    -16.005109617457     -0.480226044865      0.877144769028
   286     13.140378848278    -15.116310277187     -0.458296555449      0.888799340270
   287     13.843289279062    -15.827588651873      0.702910430784     -0.711278374686
   288     14.650162472257    -15.236863969721      0.806873193195      0.590724682152
   289     15.346604534363    -15.954476995055      0.696442062106     -0.717613025334
   290     14.482935695875    -15.450417338442     -0.863668838488      0.504059656613
   291     13.512115377680    -15.210609269814     -0.970820318195      0.239808068628
   292     13.981919488062    -16.093379963634      0.469804110382     -0.882770693820
   293     12.997762257411    -16.270677863672     -0.984157230651     -0.177297900037
   294     13.882757915444    -15.805078588260      0.884995658033      0.465599275411
   295     14.314598938842    -16.707028326611      0.431841023398     -0.901949738350
   296     14.333885666916    -17.706842320372      0.019286728074     -0.999813993761
   297     14.230982482454    -18.701533696944     -0.102903184462     -0.994691376572
   298     15.178113057191    -18.380685330268      0.947130574737      0.320848366676
   299     15.306509034396    -17.388962348263      0.128395977206      0.991722982005
   300     14.520940097982    -16.770188200337     -0.785568936414      0.618774147925
   301     15.322983623810    -16.172922612280      0.802043525828      0.597265588058
   302     15.923644165381    -15.373418444812      0.600660541572      0.799504167468
   303     16.805895717734    -15.844196734849      0.882251552353     -0.470778290038
   304     17.360871495965    -16.676063241915      0.554975778230     -0.831866507066
   305     18.297634289504    -17.026028195361      0.936762793539     -0.349964953446
   306     17.344189991681    -17.327597376394     -0.953444297823     -0.301569181033
   307     16.794820482141    -18.163176901028     -0.549369509540     -0.835579524634
   308     15.999781421963    -17.556618665745     -0.795039060179      0.606558235283
   309     15.057616475587    -17.221469126255     -0.942164946376      0.335149539490
   310     14.137358017757    -17.612780218345     -0.920258457830     -0.391311092091
   311     13.152838331874    -17.788054255520     -0.984519685884     -0.175274037175
   312     14.033186651544    -17.313726482716      0.880348319671      0.474327772804
   313     13.576175267454    -16.424265637702     -0.457011384090      0.889460845013
   314     14.249699358289    -15.685100365883      0.673524090836      0.739165271820
   315     14.848728269151    -14.884372969105      0.599028910862      0.800727396778
   316     15.043763186999    -15.865169268455      0.195034917847     -0.980796299351
   317     15.510579774449    -14.980815112203      0.466816587450      0.884354156253
   318     15.902981357360    -15.900609109644      0.392401582911     -0.919793997441
   319     16.484960568256    -15.087405446295      0.581979210896      0.813203663349
   320     17.210164588677    -15.775939489581      0.725204020421     -0.688534043287
   321     17.892342217807    -15.044753000159      0.682177629130      0.731186489423
   322     18.887843154091    -15.139504706515      0.995500936284     -0.094751706357
   323     17.888070674378    -15.118174239874     -0.999772479714      0.021330466641
   324     18.760711035744    -15.606537628873      0.872640361366     -0.488363388999
   325     19.657737814239    -15.164561431931      0.897026778495      0.441976196942
   326     20.016808070857    -16.097871964826      0.359070256618     -0.933310532895
   327     19.218749410206    -16.700451730633     -0.798058660651     -0.602579765807
   328     19.874161439126    -15.945180208366      0.655412028920      0.755271522267
   329     19.114013615562    -16.594930380609     -0.760147823564     -0.649750172244
   330     18.246896375320    -16.096826283381     -0.867117240242      0.498104097228
   331     17.251341836872    -16.191013124166     -0.995554538447     -0.094186840785
   332     18.229064390546    -16.400914548741      0.977722553673     -0.209901424575
   333     18.740572147157    -17.260193208389      0.511507756611     -0.859278659648
   334     17.925196470329    -16.681260996781     -0.815375676828      0.578932211608
   335     16.970689526539    -16.979449685797     -0.954506943790     -0.298188689016
   336     17.503459621819    -16.133189663360      0.532770095280      0.846260022437
   337     18.488344211444    -15.959977812959      0.984884589625      0.173211850401
   338     17.488626543614    -15.983738802615     -0.999717667830     -0.023760989656
   339     17.983666529925    -16.852608995425      0.495039986311     -0.868870192810
   340     18.956196418389    -16.619830955129      0.972529888464      0.232778040296
   341     19.654799420299    -17.335340455920      0.698603001910     -0.715509500791
   342     18.682275670862    -17.568144143133     -0.972523749438     -0.232803687213
   343     17.781975132407    -18.003412957153     -0.900300538454     -0.435268814021
   344     17.736224555110    -17.004460063030     -0.045750577297      0.998952894123
   345     18.109281169648    -17.932268643692      0.373056614538     -0.927808580662
   346     19.070062202495    -18.209576788038      0.960781032847     -0.277308144346
   347     19.640746417534    -19.030746397014      0.570684215038     -0.821169608976
   348     20.249126736680    -18.237100766222      0.608380319146      0.793645630792
   349     21.146639647842    -17.796112586904      0.897512911162      0.440988179318
   350     20.469824697421    -17.059959394364     -0.676814950421      0.736153192540
   351     19.554991187660    -16.656128180342     -0.914833509761      0.403831214022
   352     19.258308136367    -17.611104183745     -0.296683051293     -0.954976003403
   353     20.140562223420    -18.081877723655      0.882254087053     -0.470773539910
   354     19.617786959181    -17.229407182756     -0.522775264239      0.852470540898
   355     20.460798471224    -17.767302702874      0.843011512043     -0.537895520117
   356     20.477093140345    -18.767169935939      0.016294669121     -0.999867233066
   357     20.804920582401    -17.822432317214      0.327827442056      0.944737618726
   358     19.891625793073    -17.415133130146     -0.913294789328      0.407299187068
   359     20.253970881204    -16.483089119861      0.362345088131      0.932044010285
   360     19.555435885865    -17.198665014010     -0.698534995339     -0.715575894149
   361     18.995995720084    -18.027535752371     -0.559440165781     -0.828870738361
   362     18.016650421198    -18.229730672065     -0.979345298886     -0.202194919694
   363     17.136544545359    -17.754953200704     -0.880105875840      0.474777471361
   364     17.853621783980    -18.451946912190      0.717077238622     -0.696993711486
   365     16.901112364773    -18.756456035732     -0.952509419208     -0.304509123542
   366     16.595730939220    -17.804225924400     -0.305381425553      0.952230111332
   367     17.361164167682    -17.160710599978      0.765433228463      0.643515324422
   368     16.606906788947    -16.504131734477     -0.754257378735      0.656578865501
   369     17.606312560893    -16.469662864444      0.999405771946      0.034468870033
   370     18.500120108069    -16.021212121763      0.893807547176      0.448450742681
   371     17.762985448350    -16.696958001100     -0.737134659719     -0.675745879337
   372     18.747617961400    -16.522318903977      0.984632513051      0.174639097123
   373     19.079249251904    -17.465727981292      0.331631290503     -0.943409077314
   374     18.409968323969    -18.208737429080     -0.669280927935     -0.743009447788
   375     17.430703402279    -18.411321271351     -0.979264921689     -0.202583842271
   376     16.766414372916    -19.158797080636     -0.664289029364     -0.747475809285
   377     17.735351608170    -18.911490319429      0.968937235254      0.247306761207
   378     17.740784202338    -19.911475562781      0.005432594168     -0.999985243351
   379     18.723339050864    -20.097448597487      0.982554848526     -0.185973034706
   380     18.402708823842    -21.044653040847     -0.320630227022     -0.947204443360
   381     17.769357166689    -21.818517162241     -0.633351657153     -0.773864121394
   382     17.641767831834    -20.826690079715     -0.127589334856      0.991827082526
   383     16.824350250055    -20.250644511206     -0.817417581779      0.576045568509
   384     17.529310019331    -20.959891804964      0.704959769276     -0.709247293758
   385     17.231457573431    -21.914503726360     -0.297852445899     -0.954611921396
   386     17.966263036137    -21.236225809885      0.734805462705      0.678277916475
   387     18.921918255617    -20.941737946842      0.955655219480      0.294487863043
   388     19.808571901232    -20.479303829677      0.886653645615      0.462434117165
   389     20.808135919864    -20.508829626128      0.999564018632     -0.029525796451
   390     20.388789745910    -21.416656033758     -0.419346173954     -0.907826407630
   391     21.341683106769    -21.719961560958      0.952893360859     -0.303305527200
   392     21.156563153949    -20.737245628927     -0.185119952820      0.982715932031
   393     21.727144698706    -21.558486580647      0.570581544757     -0.821240951720
   394     22.725355162243    -21.498687997996      0.998210463536      0.059798582651
   395     22.512632057619    -20.521575475940     -0.212723104624      0.977112522056
   396     21.573755974589    -20.865830760162     -0.938876083030     -0.344255284222
   397     21.926799042543    -21.801437831624      0.353043067954     -0.935607071462
   398     22.846176561028    -22.194814214374      0.919377518484     -0.393376382750
   399     23.543716251192    -21.478268067469      0.697539690165      0.716546146905
   400     24.526881136689    -21.295547494116      0.983164885497      0.182720573353
   401     24.202397390496    -20.349656222110     -0.324483746193      0.945891272006
   402     25.198134466747    -20.257419163504      0.995737076250      0.092237058606
   403     26.196746532316    -20.310087393958      0.998612065569     -0.052668230455
   404     25.702971782379    -21.179677237692     -0.493774749937     -0.869589843733
   405     26.336221563333    -21.953624726169      0.633249780955     -0.773947488478
   406     26.823362706713    -22.826947980427      0.487141143380     -0.873323254257
   407     27.568164093099    -23.494234197006      0.744801386386     -0.667286216580
   408     27.883883396977    -22.545381562948      0.315719303878      0.948852634058
   409     28.558238005220    -21.806973909723      0.674354608243      0.738407653225
   410     27.690892757495    -22.304680872955     -0.867345247725     -0.497706963232
   411     27.085547028069    -23.100643527773     -0.605345729426     -0.795962654818
   412     26.146040801890    -23.443175352530     -0.939506226179     -0.342531824757
   413     26.880175575904    -24.122179132772      0.734134774014     -0.679003780242
   414     26.200870782735    -23.388322881196     -0.679304793170      0.733856251576
   415     25.590017099475    -22.596579376235     -0.610853683259      0.791743504961
   416     26.313956966121    -23.286442456477      0.723939866646     -0.689863080242
   417     25.713318268473    -24.085963034628     -0.600638697648     -0.799520578151
   418     26.423501286731    -23.381945932153      0.710183018258      0.704017102475
   419     25.797884043457    -24.162076091112     -0.625617243274     -0.780130158960
   420     26.733928389561    -23.810194033987      0.936044346104      0.351882057125
   421     27.429711415415    -24.528446065611      0.695783025855     -0.718252031624
   422     26.722401179363    -23.821542797847     -0.707310236053      0.706903267764
   423     25.765539863561    -23.530997754312     -0.956861315801      0.290545043535
   424     26.533418448352    -24.171593164083      0.767878584791     -0.640595409771
   425     27.228696776976    -24.890333761063      0.695278328624     -0.718740596979
   426     26.397028090030    -24.335061579917     -0.831668686946      0.555272181145
   427     25.535014172358    -24.841946187831     -0.862013917672     -0.506884607914
   428     25.462251367870    -23.844596913864     -0.072762804488      0.997349273967
   429     25.651949338264    -22.862754421390      0.189697970394      0.981842492474
   430     25.839669017374    -21.880531777548      0.187719679109      0.982222643842
   431     25.251073373084    -22.688959367084     -0.588595644290     -0.808427589536
   432     24.613665148818    -21.918433082238     -0.637408224266      0.770526284846
   433     24.315374609088    -20.963957962653     -0.298290539730      0.954475119585
   434     23.641349748477    -20.225249300677     -0.674024860612      0.738708661975
   435     24.340568044521    -19.510341072667      0.699218296044      0.714908228011
   436     24.481873898714    -18.520375085589      0.141305854194      0.989965987078
   437     25.222217083696    -19.192604189728      0.740343184981     -0.672229104139
   438     24.514995720410    -18.485612009211     -0.707221363285      0.706992180517
   439     25.238848435009    -19.175566534935      0.723852714599     -0.689954525725
   440     26.050776689554    -19.759323769984      0.811928254545     -0.583757235048
   441     25.184035445887    -19.260565695838     -0.866741243667      0.498758074146
   442     24.519868132873    -18.512981733781     -0.664167313014      0.747583962057
   443     23.785706321729    -17.834007187087     -0.734161811144      0.678974546694
   444     23.138516004553    -18.596335655238     -0.647190317176     -0.762328468151
   445     22.408644359630    -19.279919872389     -0.729871644923     -0.683584217151
   446     21.824556468813    -18.468229453695     -0.584087890817      0.811690418694
   447     22.364282421188    -19.310070232187      0.539725952376     -0.841840778492
   448     21.488531628774    -18.827306781225     -0.875750792415      0.482763450962
   449     21.152652472268    -17.885401694592     -0.335879156506      0.941905086633
   450     22.149262113608    -17.803126407980      0.996609641341      0.082275286612
   451     22.696402798348    -16.966085745227      0.547140684740      0.837040662753
   452     22.931072473239    -17.938160919114      0.234669674891     -0.972075173887
   453     23.769902253682    -17.393767128333      0.838829780444      0.544393790781
   454     24.471813859101    -16.681503063411      0.701911605418      0.712264064922
   455     24.492936029852    -17.681279965476      0.021122170751     -0.999776902065
   456     25.390433724172    -18.122299113234      0.897497694320     -0.441019147759
   457     24.629204637213    -17.473816054730     -0.761229086959      0.648483058505
   458     23.629979410674    -17.434459395221     -0.999225226539      0.039356659509
   459     22.860937746522    -16.795260741593     -0.769041664151      0.639198653628
   460     23.847188041554    -16.960519192359      0.986250295032     -0.165258450766
   461     24.718022860789    -17.452094941973      0.870834819234     -0.491575749615
   462     25.475590475115    -18.104851642226      0.757567614326     -0.652756700253
   463     25.987111998676    -17.245581177858      0.511521523561      0.859270464367
   464     26.822208074030    -16.695477055961      0.835096075354      0.550104121897
   465     26.139526419533    -17.426192977927     -0.682681654496     -0.730715921966
   466     25.711338561166    -18.329882724437     -0.428187858367     -0.903689746510
   467     26.089682527756    -17.404217643025      0.378343966590      0.925665081412
   468     26.783672505309    -18.124202303317      0.693989977553     -0.719984660292
   469     27.759957173539    -18.340693057345      0.976284668230     -0.216490754028
   470     28.468746137717    -19.046113644129      0.708788964178     -0.705420586784
   471     27.755220035318    -19.746742291271     -0.713526102399     -0.700628647142
   472     26.794440638703    -19.469428477986     -0.960779396616      0.277313813285
   473     27.650053920178    -19.987044081077      0.855613281475     -0.517615603091
   474     27.867199266444    -20.963183363452      0.217145346266     -0.976139282375
   475     28.727600684684    -20.453566449005      0.860401418240      0.509616914447
   476     27.741528373071    -20.287249293337     -0.986072311613      0.166317155668
   477     27.805571091039    -19.289302135279      0.064042717969      0.997947158058
   478     28.309448144589    -18.425526750757      0.503877053549      0.863775384522
   479     27.479104024989    -18.982777720291     -0.830344119599     -0.557250969534
   480     28.199410556510    -19.676433615276      0.720306531521     -0.693655894985
   481     28.071656024933    -18.684627797759     -0.127754531578      0.991805817517
   482     27.440461188911    -19.460252113377     -0.631194836022     -0.775624315619
   483     27.469847860502    -18.460683994872      0.029386671592      0.999568118506
   484     26.635511141037    -19.011939143194     -0.834336719465     -0.551255148322
   485     27.364852889088    -19.696088698883      0.729341748051     -0.684149555689
   486     27.722057747695    -18.762062634478      0.357204858607      0.934026064405
   487     28.619174136279    -18.320268355052      0.897116388584      0.441794279426
   488     27.750893515140    -17.824195010722     -0.868280621139      0.496073344330
   489     28.471879667377    -18.517144480945      0.720986152237     -0.692949470223
   490     27.770334283831    -17.804519702521     -0.701545383547      0.712624778424
   491     27.753825301642    -18.804383419988     -0.016508982189     -0.999863717467
   492     26.972048431757    -19.427941697707     -0.781776869885     -0.623558277720
   493     26.232173363617    -20.100685990545     -0.739875068140     -0.672744292837
   494     27.223275954529    -19.967585824176      0.991102590912      0.133100166369
   495     26.282248908405    -19.629254479982     -0.941027046124      0.338331344194
   496     25.522244033966    -18.979337107674     -0.760004874439      0.649917372308
   497     25.791485604041    -19.942409782472      0.269241570076     -0.963072674798
   498     25.673456463886    -18.949399650563     -0.118029140155      0.993010131909
   499     25.444498451171    -17.975963351459     -0.228958012715      0.973436299104
   500     25.154251526277    -17.019011564486     -0.290246924894      0.956951786972
   501     25.878172735056    -17.708894223698      0.723921208778     -0.689882659212
   502     26.460068704374    -16.895630993931      0.581895969319      0.813263229767
   503     26.499470288589    -17.894854450002      0.039401584214     -0.999223456070
   504     25.842132639207    -18.648450638092     -0.657337649382     -0.753596188091
   505     24.843462164441    -18.699999477372     -0.998670474766     -0.051548839280
   506     23.900155052224    -19.031920690976     -0.943307112217     -0.331921213604
   507     23.499644578316    -19.948212871610     -0.400510473908     -0.916292180634
   508     23.875377439020    -20.874940888553      0.375732860705     -0.926728016943
   509     24.423496769689    -21.711341031635      0.548119330668     -0.836400143082
   510     23.967822628373    -22.601487691987     -0.455674141315     -0.890146660352
   511     23.762739085880    -23.580232163541     -0.205083542494     -0.978744471554
   512     24.440234243012    -22.844704929469      0.677495157132      0.735527234073
   513     23.745508073824    -23.563979251161     -0.694726169187     -0.719274321693
   514     22.808519819005    -23.214618391403     -0.936988254819      0.349360859758
   515     23.746757117047    -22.868625945584      0.938237298042      0.345992445819
   516     23.404553987572    -23.808251944681     -0.342203129475     -0.939625999096
   517     23.163946904016    -22.837629344829     -0.240607083555      0.970622599852
   518     22.396090527333    -23.478251374412     -0.767856376683     -0.640622029583
   519     21.568153062799    -22.917430944308     -0.827937464534      0.560820430103
   520     22.411092741324    -22.379422860383      0.842939678524      0.538008083925
   521     21.951949732193    -21.491060492221     -0.459143009130      0.888362368162
   522     22.883334629130    -21.127024541031      0.931384896937      0.364035951189
   523     22.710380724987    -22.111954460895     -0.172953904143     -0.984929919863
   524     21.904151034223    -21.520351819140     -0.806229690764      0.591602641754
   525     21.358596359461    -22.358427052544     -0.545554674762     -0.838075233404
   526     21.818742909610    -23.246270029870      0.460146550149     -0.887842977325
   527     20.898564462381    -23.637769231985     -0.920178447228     -0.391499202115
   528     19.910764622064    -23.793498084383     -0.987799840317     -0.155728852397
   529     20.551853929518    -23.026031798564      0.641089307454      0.767466285818
   530     20.491195041976    -24.024190352784     -0.060658887542     -0.998158554220
   531     20.054288000079    -24.923697015761     -0.436907041898     -0.899506662977
   532     20.455589543653    -24.007751017831      0.401301543574      0.915945997931
   533     21.056972343879    -24.806712047914      0.601382800226     -0.798961030083
   534     20.817775821859    -23.835740872310     -0.239196522020      0.970971175604
   535     20.238312283322    -23.020742708198     -0.579463538537      0.814998164112
   536     21.133857391101    -23.465713448734      0.895545107779     -0.444970740536
   537     22.011165061488    -23.945641830350      0.877307670387     -0.479928381616
   538     22.851824095881    -24.487206589076      0.840659034393     -0.541564758726
   539     23.216813388097    -23.556194872411      0.364989292217      0.931011716665
   540     23.967560605265    -22.895605275222      0.750747217168      0.660589597189
   541     23.229244439864    -23.570060047544     -0.738316165401     -0.674454772322
   542     22.713241328511    -24.426646755982     -0.516003111353     -0.856586708439
   543     23.709643692954    -24.341898138693      0.996402364443      0.084748617290
   544     24.257571669631    -25.178423650781      0.547927976677     -0.836525512088
   545     24.562659305333    -24.226099370643      0.305087635702      0.952324280139
   546     24.946862775126    -23.302850924232      0.384203469793      0.923248446410
   547     23.950727202950    -23.390679859361     -0.996135572176     -0.087828935129
   548     23.466455936463    -24.265597764342     -0.484271266486     -0.874917904981
   549     24.096637455741    -23.489149921430      0.630181519277      0.776447842911
   550     23.395182422391    -24.201863634072     -0.701455033350     -0.712713712642
   551     23.550042176839    -25.189800097845      0.154859754448     -0.987936463773
   552     24.463899103798    -24.783763748428      0.913856926959      0.406036349418
   553     23.674078564026    -25.397101758789     -0.789820539772     -0.613338010361
   554     24.113626947993    -24.498882844408      0.439548383967      0.898218914381
   555     25.069427426516    -24.204866781487      0.955800478523      0.294016062921
   556     24.918546989292    -25.193418800181     -0.150880437224     -0.988552018694
   557     24.546032404073    -26.121445138061     -0.372514585219     -0.928026337880
   558     23.675345265400    -25.629607861566     -0.870687138673      0.491837276494
   559     23.026052296621    -26.390146250272     -0.649292968779     -0.760538388705
   560     22.426509217749    -25.589803763223     -0.599543078873      0.800342487049
   561     21.728817437359    -26.306201822667     -0.697691780390     -0.716398059445
   562     22.417627868917    -27.031143330223      0.688810431558     -0.724941507555
   563     23.037925503149    -26.246776805588      0.620297634231      0.784366524634
   564     22.179760310231    -25.733403158363     -0.858165192917      0.513373647225
   565     21.554598424213    -24.952908048660     -0.625161886018      0.780495109703
   566     21.961937500529    -24.039631049658      0.407339076316      0.913276999002
   567     21.058489937292    -24.468329662299     -0.903447563237     -0.428698612641
   568     21.926457933599    -24.964949796190      0.867967996307     -0.496620133891
   569     22.876446333686    -25.277234985881      0.949988400087     -0.312285189691
   570     23.196122532648    -24.329708137809      0.319676198962      0.947526848072
   571     24.103339143125    -24.750371924788      0.907216610477     -0.420663786979
   572     23.279154929378    -24.184050124209     -0.824184213747      0.566321800578
   573     23.997518452682    -23.488382208904      0.718363523304      0.695667915306
   574     24.831429565259    -22.936483435286      0.833911112577      0.551898773618
   575     24.227404470285    -22.139518138274     -0.604025094974      0.796965297012
   576     25.226534147713    -22.181230099166      0.999129677429     -0.041711960892
   577     25.416570174342    -21.199452981597      0.190036026629      0.981777117570
   578     25.987740412146    -20.378621354863      0.571170237804      0.820831626734
   579     26.762699943653    -19.746610496945      0.774959531508      0.632010857917
   580     25.780871267571    -19.556841029373     -0.981828676082      0.189769467572
   581     24.782621560546    -19.615980884163     -0.998249707025     -0.059139854789
   582     25.248233115141    -20.500970081965      0.465611554595     -0.884989197803
   583     25.129278686508    -19.508070367035     -0.118954428634      0.992899714930
   584     25.758354060722    -18.730726058793      0.629075374215      0.777344308242
   585     26.347672814935    -17.922825442421      0.589318754212      0.807900616372
   586     26.685149115688    -18.864159467319      0.337476300753     -0.941334024898
   587     26.725012424934    -19.863364609708      0.039863309246     -0.999205142389
   588     27.529112478268    -20.457858599777      0.804100053334     -0.594493990069
   589     26.816361972184    -19.756440952382     -0.712750506084      0.701417647395
   590     26.042744911675    -19.122787542631     -0.773617060509      0.633653409752
   591     25.413398994839    -19.899912833019     -0.629345916836     -0.777125290389
   592     26.245076440686    -19.344653770897      0.831677445847      0.555259062122
   593     25.567289987658    -20.079912585255     -0.677786453028     -0.735258814358
   594     24.589638032994    -19.869682578973     -0.977651954664      0.210230006283
   595     23.745186869284    -19.334050025715     -0.844451163710      0.535632553258
   596     24.332028863100    -20.143751498045      0.586841993816     -0.809701472330
   597     24.966445915899    -19.370760551709      0.634417052799      0.772990946336
   598     25.029101335058    -18.372725332666      0.062655419158      0.998035219043
   599     24.496931196021    -17.526087899571     -0.532170139036      0.846637433095
   600     25.255315965706    -16.874280764668      0.758384769685      0.651807134903
   601     24.306037735826    -17.188718107038     -0.949278229880     -0.314437342370
   602     24.969032850521    -17.937341829538      0.662995114695     -0.748623722500
   603     24.675816301780    -18.893387882584     -0.293216548742     -0.956046053046
   604     25.513033707429    -19.440258082611      0.837217405649     -0.546870200027
   605     25.378173913374    -18.449393391572     -0.134859794055      0.990864691039
   606     25.984335664081    -19.244734784925      0.606161750707     -0.795341393352
   607     26.260249147962    -18.283552310359      0.275913483881      0.961182474566
   608     27.229843047677    -18.038832736896      0.969593899715      0.244719573463
   609     26.562577575295    -17.294012765784     -0.667265472382      0.744819971112
   610     25.571788169388    -17.158600974784     -0.990789405907      0.135411791000
   611     26.455680516802    -16.690910566306      0.883892347414      0.467690408478
   612     25.477426414087    -16.483500560468     -0.978254102715      0.207410005838
   613     26.141738926904    -15.736045621816      0.664312512816      0.747454938652
   614     25.698995523813    -14.839397263193     -0.442743403090      0.896648358622
   615     24.951436166062    -15.503592269678     -0.747559357751     -0.664195006485
   616     25.886096174598    -15.859135049725      0.934660008536     -0.355542780047
   617     24.886782436078    -15.822093829386     -0.999313738520      0.037041220339
   618     24.552631233030    -16.764613311149     -0.334151203047     -0.942519481763
   619     25.108664285327    -17.595773491110      0.556033052296     -0.831160179962
   620     25.285289332222    -18.580051700160      0.176625046895     -0.984278209049
   621     25.222791302655    -17.582006612851     -0.062498029567      0.998045087308
   622     26.033317251381    -18.167709341581      0.810525948726     -0.585702728730
   623     25.063240186182    -17.924912126658     -0.970077065199      0.242797214924
   624     24.203761099948    -18.436083037730     -0.859479086234     -0.511170911072
   625     24.555924320310    -19.372021639468      0.352163220363     -0.935938601738
   626     25.544839984517    -19.223543327631      0.988915664207      0.148478311837
   627     24.923318655856    -18.440146086112     -0.621521328661      0.783397241519
   628     25.711435883648    -19.055671256400      0.788117227791     -0.615525170288
   629     24.833516960473    -19.534480575787     -0.877918923175     -0.478809319387
   630     23.878008680800    -19.829444857482     -0.955508279673     -0.294964281695
   631     23.169251803249    -19.123992032323     -0.708756877551      0.705452825159
   632     22.489962069472    -19.857862223559     -0.679289733777     -0.733870191236
   633     22.145659874664    -18.919003342443     -0.344302194807      0.938858881116
   634     22.764321075809    -18.133345453665      0.618661201144      0.785657888778
   635     23.534003364135    -17.494918343466      0.769682288326      0.638427110199
   636     24.470185550478    -17.143403174558      0.936182186344      0.351515168908
   637     23.567633641372    -17.573984237040     -0.902551909107     -0.430581062482
   638     22.717886758506    -17.046793346508     -0.849746882866      0.527190890532
   639     23.577748198909    -16.536265870941      0.859861440403      0.510527475567
   640     23.210516798295    -15.606136257176     -0.367231400613      0.930129613766
   641     24.199972482137    -15.461300316495      0.989455683842      0.144835940681
   642     25.181935770623    -15.650371996201      0.981963288485     -0.189071679707
   643     24.387123321216    -16.257227143884     -0.794812449406     -0.606855147682
   644     23.407532599830    -16.458229677633     -0.979590721386     -0.201002533749
   645     22.484513445174    -16.073475678123     -0.923019154656      0.384753999510
   646     22.523625489088    -17.072710509392      0.039112043914     -0.999234831269
   647     21.604559687091    -16.678606396752     -0.919065801997      0.394104112639
   648     21.360445115741    -17.648352794557     -0.244114571350     -0.969746397804
   649     20.910487578083    -16.755302843935     -0.449957537658      0.893049950622
   650     20.885092289914    -17.754980331598     -0.025395288169     -0.999677487662
   651     19.936552915657    -17.438321121273     -0.948539374257      0.316659210325
   652     20.327212652755    -18.358856275306      0.390659737098     -0.920535154033
   653     21.072130987934    -19.026011934740      0.744918335179     -0.667155659434
   654     20.690523590505    -18.101687427747     -0.381607397429      0.924324506993
   655     21.660523238291    -18.344793748715      0.969999647786     -0.243106320968
   656     20.661497722455    -18.300657383800     -0.999025515836      0.044136364915
   657     20.583517529675    -17.303702475324     -0.077980192780      0.996954908476
   658     21.106743185552    -16.451508299662      0.523225655877      0.852194175662
   659     21.891179045615    -15.831298350172      0.784435860064      0.620209949490
   660     21.127204711261    -16.476544982435     -0.763974334355     -0.645246632264
   661     21.869755494999    -15.806755214247      0.742550783738      0.669789768188
   662     22.476171049276    -16.601903109629      0.606415554277     -0.795147895382
   663     21.514581466046    -16.876394408985     -0.961589583231     -0.274491299356
   664     22.486831423750    -16.642449928939      0.972249957704      0.233944480046
   665     22.041053540883    -15.747306320826     -0.445777882867      0.895143608113
   666     21.159210120414    -15.275763977258     -0.881843420468      0.471542343567
   667     21.123790055427    -16.275136489886     -0.035420064988     -0.999372512628
   668     20.525716667153    -15.473695149401     -0.598073388274      0.801441340485
   669     19.677491948828    -14.944058644595     -0.848224718325      0.529636504806
   670     18.932283743603    -15.610890505610     -0.745208205225     -0.666831861015
   671     17.990989964261    -15.948479043585     -0.941293779342     -0.337588537975
   672     18.990505685095    -15.979596945253      0.999515720835     -0.031117901668
   673     19.726919232213    -15.303065284781      0.736413547118      0.676531660473
   674     20.696449767167    -15.058094793105      0.969530534954      0.244970491676
   675     21.645108041016    -15.374397621826      0.948658273850     -0.316302828721
   676     22.562479796334    -15.772429106191      0.917371755317     -0.398031484365
   677     22.269875183922    -14.816195588270     -0.292604612412      0.956233517921
   678     23.208872454352    -14.472270994607      0.938997270429      0.343924593663
   679     22.293393112846    -14.874635972302     -0.915479341506     -0.402364977695
   680     22.733063111223    -15.772795363795      0.439669998377     -0.898159391493
   681     21.916264127331    -16.349717732847     -0.816798983892     -0.576922369052
   682     22.496367065403    -17.164260906190      0.580102938072     -0.814543173343
   683     23.482650242728    -16.999198814465      0.986283177325      0.165062091726
   684     24.203996732184    -16.306624455894      0.721346489456      0.692574358570
   685     24.544219274446    -15.366279507624      0.340222542262      0.940344948270
   686     25.521404660250    -15.578667647055      0.977185385804     -0.212388139431
   687     26.318002410864    -14.974157908740      0.796597750613      0.604509738315
   688     27.312995330414    -14.874212473407      0.994992919551      0.099945435332
   689     26.911557780635    -13.958326075633     -0.401437549779      0.915886397774
   690     27.432163521965    -13.104528873662      0.520605741329      0.853797201972
   691     26.633118661748    -12.503257461268     -0.799044860217      0.601271412393
   692     26.612692380090    -13.503048823012     -0.020426281659     -0.999791361744
   693     26.446784024639    -12.516907647728     -0.165908355450      0.986141175285
   694     27.395870670237    -12.831922788869      0.949086645598     -0.315015141141
   695     26.419628240383    -12.615241644896     -0.976242429854      0.216681143972
   696     26.238942252730    -11.631700810021     -0.180685987653      0.983540834875
   697     25.239087710084    -11.614645208293     -0.999854542646      0.017055601728
   698     25.890865153569    -12.373055495779      0.651777443484     -0.758410287486
   699     26.261529140097    -13.301822532819      0.370663986528     -0.928767037040
   700     25.262853463022    -13.250374578342     -0.998675677074      0.051447954477
   701     25.647322476271    -12.327236680815      0.384469013249      0.923137897527
   702     24.777540956023    -12.820673715335     -0.869781520248     -0.493437034520
   703     25.622297175786    -12.285522401057      0.844756219762      0.535151314278
   704     26.587427728764    -12.547291413180      0.965130552978     -0.261769012123
   705     25.641410644230    -12.223174650622     -0.946017084533      0.324116762558
   706     24.972756677883    -11.479600933168     -0.668653966347      0.743573717454
   707     25.926536370285    -11.179094197201      0.953779692402      0.300506735967
   708     25.947590931099    -12.178872525367      0.021054560813     -0.999778328165
   709     26.851587856459    -11.751333569318      0.903996925361      0.427538956048
   710     26.571524392549    -10.791352081902     -0.280063463910      0.959981487417
   711     25.646633181893    -10.411120246766     -0.924891210656      0.380231835136
   712     25.893697210199     -9.442121089947      0.247064028307      0.968999156820
   713     25.075554748892    -10.017136666262     -0.818142461308     -0.575015576316
   714     24.406214863270     -9.274180330052     -0.669339885622      0.742956336211
   715     23.713531515461     -8.552938498439     -0.692683347809      0.721241831613
   716     22.753388082844     -8.273430736824     -0.960143432617      0.279507761615
   717     23.609357528537     -7.756404327401      0.855969445693      0.517026409423
   718     23.130933154123     -6.878275568069     -0.478424374414      0.878128759332
   719     24.130175873030     -6.917185575921      0.999242718907     -0.038910007852
   720     25.029424162808     -6.479746993568      0.899248289778      0.437438582353
   721     25.450626333824     -5.572780218470      0.421202171016      0.906966775098
   722     25.379655322750     -4.575301839964     -0.070971011073      0.997478378506
   723     26.116976449966     -5.250844255628      0.737321127216     -0.675542415664
   724     25.209306417227     -5.670528793903     -0.907670032739     -0.419684538275
   725     24.225745453777     -5.851105179892     -0.983560963450     -0.180576385989
   726     24.194872109101     -4.851581875217     -0.030873344676      0.999523304675
   727     24.776759426023     -4.038312454665      0.581887316922      0.813269420552
   728     23.812958898129     -4.304936801700     -0.963800527894     -0.266624347035
   729     22.847659810654     -4.043789962317     -0.965299087475      0.261146839382
   730     23.671084415123     -3.476364266076      0.823424604469      0.567425696242
   731     24.440274420048     -2.837344128425      0.769190004925      0.639020137651
   732     25.147831985784     -2.130688419349      0.707557565736      0.706655709076
   733     24.370346131669     -2.759588846007     -0.777485854116     -0.628900426658
   734     25.186357752333     -2.181553349743      0.816011620664      0.578035496263
   735     25.961910557685     -1.550270650700      0.775552805352      0.631282699043
   736     25.290044080500     -0.809598363629     -0.671866477185      0.740672287071
   737     25.308276905846     -1.809432131852      0.018232825345     -0.999833768223
   738     26.076937980615     -1.169775855298      0.768661074769      0.639656276554
   739     25.273941794528     -1.765760020465     -0.802996186087     -0.595984165167
   740     25.602902878988     -0.821416542217      0.328961084461      0.944343478249
   741     26.406217727760     -0.225861965588      0.803314848771      0.595554576629
   742     26.043844497060      0.706171103392     -0.362373230700      0.932033068980
   743     25.558902669551     -0.168375307002     -0.484941827509     -0.874546410394
   744     24.559009668884     -0.183003608918     -0.999893000667     -0.014628301917
   745     23.769837690127     -0.797175887635     -0.789171978758     -0.614172278716
   746     24.688197118443     -1.192923231810      0.918359428317     -0.395747344175
   747     25.380952813494     -1.914095573886      0.692755695050     -0.721172342076
   748     25.748377228702     -0.984042188800      0.367424415208      0.930053385086
   749     26.182073012322     -0.082982830450      0.433695783621      0.901059358350
   750     26.546505814438     -1.014212518949      0.364432802116     -0.931229688499
   751     25.943022364303     -1.811588042409     -0.603483450135     -0.797375523460
   752     25.709335048967     -0.839276241261     -0.233687315336      0.972311801148
   753     26.294529932077     -1.650168927615      0.585194883110     -0.810892686354
   754     25.801731956127     -0.780025172308     -0.492797975950      0.870143755307
   755     25.022507602124     -0.153280083673     -0.779224354003      0.626745088635
   756     25.288230803798     -1.117329449677      0.265723201674     -0.964049366004
   757     25.115563748788     -2.102309697252     -0.172667055009     -0.984980247576
   758     24.421825698076     -1.382082290808     -0.693738050712      0.720227406444
   759     25.388266661993     -1.638971105789      0.966440963918     -0.256888814981
   760     24.786892711541     -2.437938797073     -0.601373950453     -0.798967691285
   761     25.776718186124     -2.580225584464      0.989825474583     -0.142286787390
   762     25.006871764632     -1.941996403592     -0.769846421492      0.638229180872
   763     25.004677829851     -0.941998810270     -0.002193934781      0.999997593322
   764     25.708586827407     -1.652288978553      0.703908997556     -0.710290168283
   765     26.700463651072     -1.779491048802      0.991876823665     -0.127202070248
   766     26.057214307415     -1.013834283740     -0.643249343657      0.765656765062
   767     25.842642330984     -1.990542462743     -0.214571976431     -0.976708179003
   768     26.737283904754     -2.437327035532      0.894641573770     -0.446784572789
   769     26.439234842150     -3.391877587509     -0.298049062605     -0.954550551977
   770     27.238299980667     -2.790633124411      0.799065138517      0.601244463098
   771     27.762093878857     -3.642478152699      0.523793898190     -0.851845028288
   772     27.579928651048     -4.625746086569     -0.182165227809     -0.983267933870
   773     27.347428565706     -5.598342462419     -0.232500085342     -0.972596375850
   774     26.459401293828     -6.058133245711     -0.888027271878     -0.459790783292
   775     26.794460394283     -7.000330358422      0.335059100456     -0.942197112712
   776     27.470275135788     -7.737401884913      0.675814741505     -0.737071526491
   777     27.309876592825     -8.724454217576     -0.160398542963     -0.987052332663
   778     26.438095718637     -8.234558200650     -0.871780874188      0.489896016926
   779     26.915091398804     -9.113463838989      0.476995680166     -0.878905638338
   780     26.106361723385     -8.525283329198     -0.808729675418      0.588180509791
   781     26.226214395756     -9.518075017784      0.119852672371     -0.992791688586
   782     26.485097740422     -8.552166422805      0.258883344665      0.965908594979
   783     26.296407234079     -9.534203027426     -0.188690506342     -0.982036604621
   784     26.867490609601    -10.355095089882      0.571083375522     -0.820892062456
   785     26.992584365290     -9.362950164839      0.125093755689      0.992144925043
   786     26.215660247619     -9.992544411462     -0.776924117671     -0.629594246623
   787     25.474632616062     -9.321069877865     -0.741027631557      0.671474533597
   788     26.139407163685    -10.068113919962      0.664774547623     -0.747044042097
   789     25.991546454692    -11.057122115447     -0.147860708993     -0.989008195485
   790     26.485898856802    -10.187860530809      0.494352402110      0.869261584638
   791     25.562072007872    -10.570671127836     -0.923826848930     -0.382810597028
   792     25.853541159452     -9.614090899273      0.291469151580      0.956580228563
   793     25.549841543418    -10.566858732075     -0.303699616034     -0.952767832801
   794     26.512397762613    -10.837940868870      0.962556219195     -0.271082136795
   795     25.973158570127     -9.995788214485     -0.539239192486      0.842152654385
   796     26.042254768393     -8.998178212839      0.069096198266      0.997610001647
   797     25.528002445803     -8.140539274409     -0.514252322591      0.857638938429
   798     25.016846893775     -7.281051053646     -0.511155552028      0.859488220763
   799     24.348366404452     -8.024780732625     -0.668480489323     -0.743729678979
   800     24.281923362828     -9.022570952170     -0.066443041624     -0.997790219545
   801     23.632295446196     -9.782823258929     -0.649627916632     -0.760252306759
   802     24.594051682674    -10.056730070811      0.961756236478     -0.273906811882
   803     24.377474585899    -11.032995588563     -0.216577096774     -0.976265517753
   804     24.913094910940    -10.188536668661      0.535620325041      0.844458919902
   805     25.859746473873    -10.510795599332      0.946651562933     -0.322258930671
   806     25.187600165784    -11.251213954401     -0.672146308089     -0.740418355069
   807     25.075423723474    -12.244902258544     -0.112176442310     -0.993688304143
   808     24.289147397848    -11.627027239013     -0.786276325626      0.617875019531
   809     24.870100435693    -12.440964317551      0.580953037845     -0.813937078538
   810     24.603463713296    -11.477167213244     -0.266636722397      0.963797104306
   811     25.494858193141    -11.930395501529      0.891394479845     -0.453228288285
   812     26.397847993105    -12.360057486305      0.902989799963     -0.429661984777
   813     27.368126760712    -12.118067583354      0.970278767607      0.241989902951
   814     26.918138846368    -13.011102228227     -0.449987914344     -0.893034644873
   815     27.384183768160    -13.895863286860      0.466044921792     -0.884761058632
   816     26.754979644172    -13.118623188590     -0.629204123987      0.777240098269
   817     27.552675468167    -12.515563181309      0.797695823994      0.603060007282
   818     28.298809917117    -11.849767879366      0.746134448950      0.665795301943
   819     29.278862823663    -12.048504640862      0.980052906546     -0.198736761496
   820     30.277004450363    -12.109441436386      0.998141626700     -0.060936795524
   821     30.876553884805    -12.909779162387      0.599549434442     -0.800337726001
   822     30.723452369706    -11.921568695900     -0.153101515099      0.988210466487
   823     31.518922861469    -12.527561019889      0.795470491763     -0.605992323990
   824     32.109785393322    -11.720788766739      0.590862531852      0.806772253150
   825     32.338548953312    -12.694270781786      0.228763559990     -0.973482015047
   826     32.887850887679    -13.529894731240      0.549301934367     -0.835623949454
   827     32.892741352049    -14.529882772848      0.004890464370     -0.999988041608
   828     33.202591715263    -13.579097438287      0.309850363214      0.950785334561
   829     32.932828181141    -14.542024037596     -0.269763534122     -0.962926599310
   830     33.001223881178    -15.539682309860      0.068395700038     -0.997658272264
   831     33.378356132698    -14.613522893310      0.377132251520      0.926159416550
   832     32.692300263728    -13.885974032648     -0.686055868971      0.727548860662
   833     31.841274601270    -13.360849931279     -0.851025662458      0.525124101369
   834     31.284153523500    -12.530418654951     -0.557121077770      0.830431276328
   835     30.865721901175    -11.622170353307     -0.418431622325      0.908248301644
   836     30.338081065311    -12.471637920863     -0.527640835864     -0.849467567555
   837     30.871880289150    -13.317249172342      0.533799223840     -0.845611251479
   838     31.490476728795    -14.102958052818      0.618596439644     -0.785708880476
   839     30.945365986433    -14.941322101763     -0.545110742361     -0.838364048944
   840     30.245308758240    -14.227235358254     -0.700057228193      0.714086743509
   841     29.886256988746    -13.293917713064     -0.359051769494      0.933317645190
   842     29.389049440165    -14.161549347822     -0.497207548582     -0.867631634758
   843     30.320509382898    -13.797705459482      0.931459942734      0.363843888340
   844     30.570137529889    -14.766047231911      0.249628146991     -0.968341772428
   845     31.515627940444    -15.091697172107      0.945490410554     -0.325649940196
   846     31.319160714908    -14.111186779867     -0.196467225536      0.980510392240
   847     32.311848690796    -13.990478111875      0.992687975888      0.120708667991
   848     32.840158444590    -13.141426403176      0.528309753794      0.849051708700
   849     33.743964169902    -13.569369402759      0.903805725313     -0.427942999583
   850     34.304960947549    -14.397187387264      0.560996777647     -0.827817984505
   851     35.304544539692    -14.426042929511      0.999583592143     -0.028855542248
   852     35.934192126680    -13.649162040185      0.629647586988      0.776880889326
   853     34.958667770274    -13.429270635038     -0.975524356407      0.219891405147
   854     34.637808325795    -12.482143813071     -0.320859444479      0.947126821967
   855     34.964421763462    -13.427301822261      0.326613437667     -0.945158009190
   856     35.074315140559    -12.433358440739      0.109893377097      0.993943381521
   857     35.830955155274    -13.087190137839      0.756640014715     -0.653831697100
   858     35.098140584023    -12.406761740311     -0.732814571251      0.680428397528
   859     35.037703447936    -11.408589734802     -0.060437136087      0.998172005509
   860     35.180882503628    -12.398286535854      0.143179055692     -0.989696801051
   861     35.905131746544    -11.708748259805      0.724249242916      0.689538276048
   862     35.370673055617    -10.863553662275     -0.534458690926      0.845194597530
   863     34.612442021543    -11.515539627589     -0.758231034074     -0.651985965314
   864     35.389252223910    -10.885804834602      0.776810202367      0.629734792988
   865     36.269860329240    -11.359650130903      0.880608105330     -0.473845296302
   866     35.419828902647    -10.832918155603     -0.850031426593      0.526731975301
   867     36.366482965088    -10.510666567456      0.946654062441      0.322251588147
   868     35.378712266695    -10.354752977935     -0.987770698392      0.155913589521
   869     35.462346060642    -11.351249535134      0.083633793946     -0.996496557199
   870     36.249322971085    -11.968231984179      0.786976910443     -0.616982449045
   871     36.574644197027    -12.913835548021      0.325321225942     -0.945603563842
   872     37.571182969958    -12.996964809088      0.996538772931     -0.083129261067
   873     38.358670156362    -13.613295833173      0.787487186404     -0.616331024085
   874     37.418710184294    -13.272011126646     -0.939959972068      0.341284706527
   875     37.976559026323    -12.442068556677      0.557848842029      0.829942569969
   876     38.900154710186    -12.825436542755      0.923595683863     -0.383367986078
   877     38.074297604272    -12.261557087010     -0.825857105914      0.563879455745
   878     38.644050365434    -11.439740932905      0.569752761162      0.821816154105
   879     39.629335643996    -11.610658807477      0.985285278562     -0.170917874572
   880     39.632753585652    -12.610652966297      0.003417941656     -0.999994158820
   881     40.612966735691    -12.808597858858      0.980213150039     -0.197944892560
   882     41.488840493087    -12.326057538153      0.875873757395      0.482540320705
   883     41.836163884265    -11.388312123906      0.347323391178      0.937745414247
   884     42.390428968984    -10.555971919506      0.554265084720      0.832340204400
   885     43.095482935182    -11.265125573342      0.705053966198     -0.709153653836
   886     43.096674573561    -12.265124863341      0.001191638379     -0.999999289999
   887     42.096677656596    -12.267608018643     -0.999996916965     -0.002483155302
   888     43.096561947201    -12.252396003570      0.999884290604      0.015212015072
   889     42.665694498080    -13.154811230220     -0.430867449121     -0.902415226649
   890     43.346117592619    -13.887630725333      0.680423094539     -0.732819495113
   891     43.850395337135    -13.024089205552      0.504277744516      0.863541519781
   892     43.170425512098    -13.757329300636     -0.679969825037     -0.733240095084
   893     44.168892275181    -13.812683821845      0.998466763083     -0.055354521209
   894     43.181552296649    -13.971302127194     -0.987339978532     -0.158618305349
   895     42.274937321871    -13.549343257742     -0.906614974777      0.421958869452
   896     41.453495002862    -12.979051651157     -0.821442319009      0.570291606585
   897     40.716739330208    -12.302892587909     -0.736755672654      0.676159063248
   898     39.734937664137    -12.492801746458     -0.981801666071     -0.189909158549
   899     39.529991335602    -13.471574959424     -0.204946328536     -0.978773212966
   900     40.278819498809    -14.134339157302      0.748828163207     -0.662764197878
   901     41.109630260596    -14.690894166351      0.830810761787     -0.556555009050
   902     40.110041356337    -14.719565100816     -0.999588904259     -0.028670934465
   903     41.020688242708    -14.306379611789      0.910646886371      0.413185489027
   904     41.929909349227    -13.890066052724      0.909221106518      0.416313559065
   905     40.966049874242    -13.623654880880     -0.963859474984      0.266411171843
   906     40.298652175441    -12.878953389251     -0.667397698802      0.744701491629
   907     39.520656482394    -12.250683780246     -0.777995693047      0.628269609006
   908     38.837014627212    -11.520866122304     -0.683641855182      0.729817657942
   909     38.832389613317    -10.520876817738     -0.004625013895      0.999989304566
   910     38.554103548279     -9.560378579319     -0.278286065038      0.960498238419
   911     37.597031249870     -9.270529281204     -0.957072298409      0.289849298115
   912     36.597181039372     -9.287836983768     -0.999850210498     -0.017307702564
   913     37.349108622469     -8.628591271019      0.751927583097      0.659245712749
   914     38.135444711378     -8.010792310773      0.786336088908      0.617798960245
   915     38.936152561537     -8.609847348890      0.800707850159     -0.599055038117
   916     39.193574089247     -9.576146555695      0.257421527710     -0.966299206805
   917     38.237274486549     -9.868535115457     -0.956299602698     -0.292388559763
   918     37.492060381433    -10.535360383077     -0.745214105116     -0.666825267620
   919     38.194197147384     -9.823318276247      0.702136765951      0.712042106830
   920     37.518033003181    -10.560069285811     -0.676164144203     -0.736751009565
   921     37.953581080488    -11.460234755242      0.435548077306     -0.900165469430
   922     37.218244464898    -10.782532710260     -0.735336615590      0.677702044982
   923     36.271213621531    -11.103675329219     -0.947030843367     -0.321142618959
   924     35.871835841716    -12.020461775994     -0.399377779815     -0.916786446775
   925     36.566406741582    -12.739886035426      0.694570899866     -0.719424259432
   926     36.028757800665    -13.583054830111     -0.537648940917     -0.843168794685
   927     36.503860622364    -14.462985116448      0.475102821699     -0.879930286337
   928     36.737060153753    -15.435414023135      0.233199531390     -0.972428906687
   929     36.070817948438    -16.181149447971     -0.666242205316     -0.745735424836
   930     35.594186861739    -17.060252858949     -0.476631086699     -0.879103410978
   931     36.403939552840    -16.473481541267      0.809752691101      0.586771317682
   932     35.767276220145    -15.702339660157     -0.636663332696      0.771141881109
   933     35.149481559145    -14.916000193489     -0.617794661000      0.786339466668
   934     34.418018778671    -15.597881562043     -0.731462780474     -0.681881368554
   935     35.339482779377    -15.209417798737      0.921464000707      0.388463763305
   936     36.219150707930    -15.685006208474      0.879667928553     -0.475588409736
   937     36.413553316255    -14.704084383925      0.194402608325      0.980921824549
   938     35.801732642642    -13.913087883717     -0.611820673613      0.790996500207
   939     36.800943036614    -13.952819339506      0.999210393972     -0.039731455789
   940     35.946137262640    -13.433871279696     -0.854805773974      0.518948059811
   941     36.203104637342    -12.467451201087      0.256967374702      0.966420078609
   942     35.804683733126    -11.550248506431     -0.398420904216      0.917202694656
   943     35.818383036100    -12.550154666577      0.013699302973     -0.999906160146
   944     36.600057840977    -11.926468447858      0.781674804878      0.623686218719
   945     36.215803659431    -11.003241106428     -0.384254181547      0.923227341430
   946     35.928580536565    -11.961104811603     -0.287223122865     -0.957863705175
   947     36.476478527748    -12.797649963557      0.547897991182     -0.836545151954
   948     36.996729315557    -11.943636428662      0.520250787809      0.854013534895
   949     36.103632765750    -11.493771390320     -0.893096549807      0.449865038342
   950     37.036854557012    -11.853072222929      0.933221791262     -0.359300832609
   951     37.162048954950    -10.860939992465      0.125194397938      0.992132230464
   952     37.973348166959    -10.276308836443      0.811299212010      0.584631156023
   953     37.025957820050    -10.596389342851     -0.947390346909     -0.320080506409
   954     37.997221083951    -10.358381628280      0.971263263901      0.238007714572
   955     38.238084886042    -11.328940554282      0.240863802091     -0.970558926002
   956     38.772553309931    -12.174128997095      0.534468423889     -0.845188442814
   957     39.696907675192    -11.792593930001      0.924354365261      0.381535067095
   958     40.350680014513    -11.035902626801      0.653772339321      0.756691303200
   959     40.496370007956    -12.025232918367      0.145689993442     -0.989330291566
   960     39.527427209449    -11.777947954767     -0.968942798506      0.247284963600
   961     40.009638395082    -10.901892949387      0.482211185633      0.876055005380
   962     40.761037763258    -10.242045247637      0.751399368176      0.659847701750
   963     40.122420172874     -9.472520996394     -0.638617590384      0.769524251243
   964     39.123477850588     -9.426540166196     -0.998942322286      0.045980830198
   965     40.042488768000     -9.032308085212      0.919010917412      0.394232080984
   966     39.043192240719     -9.069810759303     -0.999296527281     -0.037502674091
   967     38.087780945889     -9.365089030960     -0.955411294829     -0.295278271656
   968     39.075225211502     -9.523056819794      0.987444265612     -0.157967788835
   969     38.315616751617     -8.872676171504     -0.759608459885      0.650380648291
   970     37.980555943191     -7.930479666173     -0.335060808425      0.942196505331
   971     37.050633338669     -8.298234951109     -0.929922604522     -0.367755284936
   972     36.946210192643     -9.292767910128     -0.104423146026     -0.994532959018
   973     37.655291547953     -8.587641232465      0.709081355310      0.705126677663
   974     38.107875427416     -7.695919396885      0.452583879463      0.891721835580
   975     37.745039852387     -8.627772574963     -0.362835575029     -0.931853178078
   976     38.414203174970     -7.884657208610      0.669163322583      0.743115366353
   977     38.919005077080     -7.021421991751      0.504801902110      0.863235216859
   978     39.901668068216     -7.206822762655      0.982662991136     -0.185400770904
   979     40.737346219022     -6.657603290799      0.835678150806      0.549219471856
   980     41.249183363132     -7.516685788531      0.511837144110     -0.859082497732
   981     42.094415902433     -8.051084473509      0.845232539301     -0.534398684978
   982     41.191869395019     -8.481676858433     -0.902546507414     -0.430592384924
   983     41.334586160419     -7.491913288244      0.142716765401      0.989763570189
   984     42.007623495473     -8.231521796594      0.673037335053     -0.739608508350
   985     41.477116067050     -9.079202083252     -0.530507428423     -0.847680286658
   986     42.289034829404     -9.662972520443      0.811918762354     -0.583770437190
   987     41.587974310714     -8.949870740095     -0.701060518690      0.713101780347
   988     40.781902037688     -9.541687849224     -0.806072273027     -0.591817109129
   989     41.295867472119     -8.683876953858      0.513965434431      0.857810895367
   990     40.621855042002     -9.422596957680     -0.674012430117     -0.738720003823
   991     41.249121531324     -8.643792263695      0.627266489322      0.778804693985
   992     40.260634784446     -8.492484791157     -0.988486746878      0.151307472538
   993     39.810563499664     -7.599492160384     -0.450071284781      0.892992630773
   994     40.630236940580     -7.026661076855      0.819673440916      0.572831083529
   995     39.664907294149     -6.765627221346     -0.965329646431      0.261033855508
   996     38.930000204563     -6.087459417868     -0.734907089587      0.678167803479
   997     39.640382151364     -6.791275792825      0.710381946802     -0.703816374958
   998     40.556828629393     -6.391118507613      0.916446478029      0.400157285212
   999     41.017756261381     -5.503680781308      0.460927631988      0.887437726305
  1000     41.326111430094     -6.454952083266      0.308355168713     -0.951271301958
