# File chua thong tin toa do tai lan chay thu 28
##########################################################################################
#  Step                   x                   y            delta_x            delta_y
     1      0.000000000000      0.000000000000      0.000000000000      0.000000000000
     2      0.368783660606      0.929515256287      0.368783660606      0.929515256287
     3     -0.134938622625      0.065649606213     -0.503722283231     -0.863865650073
     4      0.864957982957      0.080029388750      0.999896605582      0.014379782536
     5      1.720857737225     -0.437112381604      0.855899754268     -0.517141770353
     6      2.657250525804     -0.788066147075      0.936392788578     -0.350953765471
     7      1.930055339225     -1.474496886930     -0.727195186578     -0.686430739855
     8      2.364543415038     -2.375174471849      0.434488075813     -0.900677584919
     9      3.043488099819     -1.640985044652      0.678944684781      0.734189427197
    10      3.850862836598     -1.050946033728      0.807374736778      0.590039010924
    11      3.643751063199     -0.072628747098     -0.207111773399      0.978317286630
    12      2.833246746108      0.513103915451     -0.810504317091      0.585732662550
    13      2.979831915068      1.502301968543      0.146585168961      0.989198053092
    14      3.611480371761      0.727047025213      0.631648456692     -0.775254943330
    15      3.966127073814      1.662047408487      0.354646702054      0.935000383274
    16      4.905448079167      2.005086836108      0.939321005353      0.343039427621
    17      4.164247801224      1.333802881304     -0.741200277943     -0.671283954804
    18      5.135299844865      1.094934866406      0.971052043641     -0.238868014898
    19      6.041271310469      0.671596109013      0.905971465605     -0.423338757392
    20      6.051038199164     -0.328356193792      0.009766888695     -0.999952302805
    21      5.611055489507      0.569650050731     -0.439982709657      0.898006244523
    22      5.861048164550     -0.398597677087      0.249992675043     -0.968247727818
    23      5.019791141747      0.142037709828     -0.841257022803      0.540635386915
    24      4.534333676638      1.016297996911     -0.485457465109      0.874260287083
    25      4.929697970337      0.097773595891      0.395364293699     -0.918524401019
    26      4.772087127462      1.085274898275     -0.157610842875      0.987501302383
    27      4.948469780512      2.069596573187      0.176382653050      0.984321674913
    28      4.022589923531      1.691778507926     -0.925879856981     -0.377818065261
    29      3.377825728619      0.927396971676     -0.644764194912     -0.764381536250
    30      3.971305816363      0.122548299284      0.593480087743     -0.804848672393
    31      4.523146789064      0.956497662763      0.551840972701      0.833949363480
    32      4.829714713212      1.908346446911      0.306567924148      0.951848784148
    33      4.169776260323      2.659666111501     -0.659938452889      0.751319664589
    34      3.186389629646      2.478142739437     -0.983386630677     -0.181523372064
    35      2.856719181126      1.534046666268     -0.329670448520     -0.944096073169
    36      3.785243284506      1.162774543099      0.928524103380     -0.371272123169
    37      2.802305443099      1.346712575954     -0.982937841407      0.183938032855
    38      3.573086545083      1.983812640954      0.770781101984      0.637100065001
    39      3.973228823699      1.067359610590      0.400142278616     -0.916453030364
    40      4.878836956516      1.491475054516      0.905608132816      0.424115443926
    41      4.214372206520      2.238794662190     -0.664464749996      0.747319607673
    42      3.818825550699      1.320348777519     -0.395546655821     -0.918445884671
    43      4.154953485270      2.262165113967      0.336127934570      0.941816336449
    44      3.867297631492      1.304431273181     -0.287655853778     -0.957733840786
    45      3.353532664699      2.162362248783     -0.513764966793      0.857930975602
    46      2.661963860862      1.440051657999     -0.691568803837     -0.722310590784
    47      2.011569488514      2.199648367061     -0.650394372347      0.759596709063
    48      1.228105845725      2.821085990984     -0.783463642790      0.621437623923
    49      1.994051130213      3.463991754817      0.765945284489      0.642905763833
    50      2.842309211531      2.934408685337      0.848258081317     -0.529583069480
    51      2.655710912337      1.951972389825     -0.186598299193     -0.982436295511
    52      1.664043136046      1.823150724468     -0.991667776291     -0.128821665358
    53      2.361402434163      1.106429014645      0.697359298116     -0.716721709822
    54      3.128204142407      0.464544959512      0.766801708244     -0.641884055133
    55      4.023523102637      0.909970553132      0.895318960231      0.445425593620
    56      3.657693087231     -0.020711132423     -0.365830015406     -0.930681685555
    57      2.694096285522      0.246648557388     -0.963596801709      0.267359689811
    58      3.669681006586      0.466271989713      0.975584721064      0.219623432326
    59      3.923242102335     -0.501047383980      0.253561095749     -0.967319373693
    60      4.607854722577      0.227859715865      0.684612620242      0.728907099845
    61      4.667225681793      1.226095704598      0.059370959216      0.998235988733
    62      5.441907813294      0.593744856466      0.774682131501     -0.632350848132
    63      5.114831512672      1.538742789570     -0.327076300622      0.944997933104
    64      4.209289882459      1.114485372484     -0.905541630212     -0.424257417086
    65      3.670204344767      0.272234351083     -0.539085537692     -0.842251021401
    66      4.619646777260     -0.041706833507      0.949442432493     -0.313941184590
    67      3.912477594000     -0.748751207113     -0.707169183259     -0.707044373606
    68      3.362166987536     -1.583711227960     -0.550310606464     -0.834960020847
    69      2.840497788072     -2.436859073489     -0.521669199465     -0.853147845528
    70      2.897586118855     -1.438489942111      0.057088330783      0.998369131378
    71      1.912679020994     -1.265406122583     -0.984907097861      0.173083819528
    72      1.678613789256     -0.293185228294     -0.234065231738      0.972220894289
    73      0.685393432021     -0.409432043192     -0.993220357235     -0.116246814898
    74      1.637911079361     -0.713915427805      0.952517647340     -0.304483384612
    75      2.602181871454     -0.448996875197      0.964270792093      0.264918552608
    76      1.778970450972     -1.016731810873     -0.823211420482     -0.567734935676
    77      2.430438085744     -1.775408237846      0.651467634772     -0.758676426973
    78      2.095501673051     -0.833167504566     -0.334936412693      0.942240733280
    79      2.954347154906     -0.320932755357      0.858845481855      0.512234749209
    80      2.568171935882     -1.243358199613     -0.386175219025     -0.922425444256
    81      1.845626055174     -0.552035228583     -0.722545880707      0.691322971030
    82      0.845880964009     -0.529457525209     -0.999745091166      0.022577703374
    83      1.843121753295     -0.455222707350      0.997240789287      0.074234817860
    84      2.521661236229      0.279341224586      0.678539482933      0.734563931936
    85      1.530823125617      0.144286278136     -0.990838110611     -0.135054946450
    86      2.293131814541      0.791499892634      0.762308688924      0.647213614498
    87      2.629971823483     -0.150062005690      0.336840008942     -0.941561898324
    88      1.945525732814     -0.879125479585     -0.684446090669     -0.729063473895
    89      1.130406772555     -1.458419084441     -0.815118960258     -0.579293604856
    90      0.485596067453     -2.222761386414     -0.644810705103     -0.764342301973
    91      1.074592354221     -1.414625646472      0.588996286769      0.808135739943
    92      0.169558889495     -0.989285279559     -0.905033464727      0.425340366912
    93     -0.302016488415     -0.107459524124     -0.471575377910      0.881825755435
    94      0.689881390119      0.019578259856      0.991897878535      0.127037783980
    95      1.516933235151      0.581703909182      0.827051845032      0.562125649326
    96      1.169181779526      1.519290665227     -0.347751455625      0.937586756045
    97      0.938271021791      2.492265599109     -0.230910757735      0.972974933882
    98      0.974190428562      3.491620289005      0.035919406770      0.999354689896
    99      0.123793771266      2.965478173925     -0.850396657296     -0.526142115080
   100      1.089529714188      2.705951511425      0.965735942922     -0.259526662500
   101      1.905271068021      3.284368353891      0.815741353832      0.578416842466
   102      1.113564484354      2.673466818962     -0.791706583667     -0.610901534929
   103      1.635212050615      3.526627892039      0.521647566261      0.853161073077
   104      1.685216138184      2.527878878910      0.050004087569     -0.998749013129
   105      1.341595802783      3.466987533486     -0.343620335400      0.939108654576
   106      2.148696838542      4.057400878591      0.807101035758      0.590413345105
   107      2.672106424579      4.909482098454      0.523409586038      0.852081219863
   108      1.801329832644      5.401160984454     -0.870776591935      0.491678886000
   109      0.829853295676      5.638296680039     -0.971476536968      0.237135695585
   110      0.231016882978      4.837425310325     -0.598836412698     -0.800871369714
   111      0.911730934456      4.104876076402      0.680714051478     -0.732549233922
   112      1.536704347825      3.324230041005      0.624973413369     -0.780646035398
   113      1.508023616753      4.323818664222     -0.028680731073      0.999588623217
   114      1.259042136142      5.292326910089     -0.248981480611      0.968508245867
   115      0.462589831008      4.687625557645     -0.796452305134     -0.604701352444
   116     -0.114538556455      5.504278987433     -0.577128387464      0.816653429788
   117      0.864943867371      5.705808591747      0.979482423827      0.201529604314
   118      0.601193785464      6.670399642034     -0.263750081907      0.964591050287
   119     -0.135213855385      7.346937731500     -0.736407640849      0.676538089466
   120      0.851093392596      7.511855931159      0.986307247982      0.164918199658
   121      1.772414715500      7.123053899319      0.921321322904     -0.388802031840
   122      0.776025252109      7.038153738878     -0.996389463391     -0.084900160441
   123      1.340476285902      7.863620292077      0.564451033793      0.825466553199
   124      2.042090761593      7.151063538197      0.701614475691     -0.712556753881
   125      2.991402491306      6.836727349016      0.949311729713     -0.314336189181
   126      2.255943451488      6.159158163803     -0.735459039818     -0.677569185212
   127      1.289682951166      6.416724942557     -0.966260500322      0.257566778753
   128      0.491941124754      5.813725789661     -0.797741826412     -0.602999152896
   129      1.376272792451      6.280584977755      0.884331667697      0.466859188094
   130      1.740148221786      7.212032599431      0.363875429335      0.931447621676
   131      2.033145699646      8.168145813422      0.292997477860      0.956113213991
   132      1.756791336531      7.207090005475     -0.276354363115     -0.961055807946
   133      1.040766575155      6.509015123320     -0.716024761376     -0.698074882156
   134      0.735616265469      5.556710923760     -0.305150309686     -0.952304199559
   135      0.723577790768      4.556783388822     -0.012038474702     -0.999927534938
   136      1.709938651022      4.392186142925      0.986360860255     -0.164597245898
   137      2.628830419075      4.786695862204      0.918891768052      0.394509719279
   138      1.783270764996      5.320576814660     -0.845559654078      0.533880952455
   139      2.432941118858      4.560360772135      0.649670353862     -0.760216042525
   140      3.423970728256      4.426718289003      0.991029609397     -0.133642483131
   141      2.494996453473      4.796862580858     -0.928974274782      0.370144291854
   142      2.272772702847      5.771858275544     -0.222223750627      0.974995694687
   143      2.921136639534      6.533188825045      0.648363936687      0.761330549501
   144      2.610356391116      5.582707032903     -0.310780248418     -0.950481792142
   145      3.039510285735      6.485938417839      0.429153894619      0.903231384936
   146      2.666692541568      5.558033827036     -0.372817744167     -0.927904590803
   147      2.588725216029      4.561077912189     -0.077967325539     -0.996955914847
   148      3.434596948533      4.027691549268      0.845871732504     -0.533386362921
   149      2.917761593838      4.883776367575     -0.516835354695      0.856084818308
   150      3.879973691409      4.611475285524      0.962212097572     -0.272301082052
   151      2.970816344365      5.027928065939     -0.909157347044      0.416452780415
   152      2.164355092820      5.619215009610     -0.806461251545      0.591286943671
   153      2.944603273023      6.244685054689      0.780248180203      0.625470045078
   154      1.980790025332      6.511263417607     -0.963813247691      0.266578362918
   155      2.429464183688      5.617567999904      0.448674158356     -0.893695417703
   156      1.960562130317      4.734317829032     -0.468902053371     -0.883250170872
   157      2.867062356214      4.312112499306      0.906500225897     -0.422205329726
   158      2.141029802301      4.999772830180     -0.726032553913      0.687660330874
   159      2.821821688673      5.732249729099      0.680791886372      0.732476898919
   160      3.546811665130      5.043490312440      0.724989976457     -0.688759416660
   161      4.133473371853      5.853322419647      0.586661706724      0.809832107208
   162      3.975418898645      4.865892025392     -0.158054473208     -0.987430394255
   163      4.841618559638      4.366193969266      0.866199660993     -0.499698056126
   164      5.779112618871      4.714195246424      0.937494059232      0.348001277158
   165      6.480145349549      4.001066148352      0.701032730679     -0.713129098072
   166      5.637150206660      4.538987322007     -0.842995142889      0.537921173655
   167      4.666932459698      4.296752882922     -0.970217746963     -0.242234439085
   168      5.635243713420      4.047006379613      0.968311253722     -0.249746503309
   169      5.173602674892      3.159939554877     -0.461641038528     -0.887066824736
   170      4.275907188708      3.600555957300     -0.897695486184      0.440616402423
   171      3.348783038357      3.225801624655     -0.927124150351     -0.374754332645
   172      2.443366991871      2.801276262909     -0.905416046486     -0.424525361746
   173      1.812130289467      3.576866506232     -0.631236702404      0.775590243323
   174      1.958676879974      2.587662737127      0.146546590506     -0.989203769105
   175      1.040568888836      2.983993049630     -0.918107991138      0.396330312503
   176      1.319737008128      3.944235290510      0.279168119292      0.960242240880
   177      1.431615637534      4.937957169248      0.111878629406      0.993721878738
   178      0.477867818211      5.238565048614     -0.953747819323      0.300607879366
   179      0.085841122857      4.318611207311     -0.392026695355     -0.919953841304
   180      1.027994231087      3.983428390550      0.942153108231     -0.335182816760
   181      1.905203789584      3.503320704211      0.877209558497     -0.480107686339
   182      2.579245240387      2.764627180076      0.674041450803     -0.738693524135
   183      3.471541820520      3.216076859536      0.892296580132      0.451449679460
   184      2.549093146401      3.602196586586     -0.922448674118      0.386119727050
   185      1.919297052854      4.378957090573     -0.629796093547      0.776760503986
   186      2.583143956236      5.126825587617      0.663846903381      0.747868497044
   187      1.593093369975      5.267537479949     -0.990050586261      0.140711892333
   188      2.369859713518      5.897326371196      0.776766343544      0.629788891247
   189      1.707388850475      5.148238689000     -0.662470863043     -0.749087682196
   190      2.254078696652      5.985573874028      0.546689846178      0.837335185028
   191      2.893536641659      6.754399950958      0.639457945007      0.768826076930
   192      2.784411478331      5.760371933884     -0.109125163328     -0.994028017074
   193      2.377317607915      4.846985607803     -0.407093870416     -0.913386326080
   194      2.171603958390      5.825597836625     -0.205713649525      0.978612228822
   195      2.400899682017      6.798954642286      0.229295723626      0.973356805661
   196      2.059879855300      7.739010745817     -0.341019826716      0.940056103531
   197      1.675892856671      6.815672246196     -0.383986998630     -0.923338499622
   198      2.065175422302      5.894553858530      0.389282565631     -0.921118387666
   199      2.704646707609      6.663368839697      0.639471285307      0.768814981167
   200      1.714920320006      6.806343234894     -0.989726387603      0.142974395196
   201      1.840125722491      5.814212393125      0.125205402485     -0.992130841769
   202      2.093718551144      6.781523448192      0.253592828653      0.967311055067
   203      1.619003972990      5.901383647201     -0.474714578154     -0.880139800991
   204      2.607176541440      6.054729579534      0.988172568450      0.153345932333
   205      2.013896005599      6.859725359519     -0.593280535841      0.804995779984
   206      1.419398359044      7.663822709496     -0.594497646555      0.804097349977
   207      2.164860467874      8.330370715492      0.745462108830      0.666548005997
   208      1.481290267293      7.600485943164     -0.683570200581     -0.729884772329
   209      0.518378843459      7.330668245727     -0.962911423834     -0.269817697437
   210      0.303086617042      8.307217915352     -0.215292226417      0.976549669625
   211     -0.076338623383      7.381995516721     -0.379425240425     -0.925222398631
   212     -0.951657398163      6.898449197825     -0.875318774780     -0.483546318896
   213     -0.707971008039      5.928595114332      0.243686390124     -0.969854083493
   214     -1.592402343352      6.395265461703     -0.884431335313      0.466670347372
   215     -2.267022721489      7.133430311450     -0.674620378138      0.738164849747
   216     -2.787846769030      6.279766260723     -0.520824047541     -0.853664050727
   217     -1.966314595560      6.849928420072      0.821532173470      0.570162159349
   218     -1.034588117283      7.213089224232      0.931726478277      0.363160804160
   219     -1.959014518521      6.831728727202     -0.924426401238     -0.381360497030
   220     -2.107033819851      5.842744254910     -0.148019301330     -0.988984472292
   221     -1.209217947879      6.283115303044      0.897815871972      0.440371048134
   222     -0.545936066756      5.534745644270      0.663281881123     -0.748369658774
   223     -0.647387032726      6.529586185012     -0.101450965971      0.994840540742
   224     -1.575649496882      6.157660389135     -0.928262464156     -0.371925795877
   225     -2.423155966894      5.626875325961     -0.847506470011     -0.530785063174
   226     -3.337040462965      5.220901031405     -0.913884496071     -0.405974294556
   227     -3.189181152851      4.231892626783      0.147859310114     -0.989008404622
   228     -3.220273757351      3.232376118692     -0.031092604500     -0.999516508091
   229     -3.785218157553      2.407247144119     -0.564944400202     -0.825128974573
   230     -4.596177520178      1.822144664061     -0.810959362626     -0.585102480058
   231     -5.596177456195      1.822502389245     -0.999999936016      0.000357725184
   232     -5.078168046206      2.677877307724      0.518009409989      0.855374918479
   233     -4.100573072314      2.467382493012      0.977594973892     -0.210494814712
   234     -4.519123918396      3.375575858570     -0.418550846083      0.908193365558
   235     -4.100965045009      4.283949766500      0.418158873387      0.908373907930
   236     -4.253855730060      5.272192873445     -0.152890685051      0.988243106945
   237     -5.235750461206      5.082765481156     -0.981894731145     -0.189427392289
   238     -5.818441060290      4.270071402343     -0.582690599085     -0.812694078813
   239     -5.249396233029      5.092377905155      0.569044827261      0.822306502812
   240     -4.310668221707      4.747719058237      0.938728011322     -0.344658846918
   241     -4.445368118324      5.738605498679     -0.134699896618      0.990886440442
   242     -3.742431069124      5.027353430238      0.702937049200     -0.711252068441
   243     -3.250004101898      5.897707198511      0.492426967226      0.870353768274
   244     -4.249563319987      5.927395066957     -0.999559218089      0.029687868446
   245     -3.948372951988      6.880959098486      0.301190367999      0.953564031528
   246     -3.339750920120      6.087498814461      0.608622031869     -0.793460284024
   247     -3.937293422493      5.285661575454     -0.597542502373     -0.801837239007
   248     -4.918548522070      5.092948240282     -0.981255099577     -0.192713335173
   249     -5.698496329496      5.718792803804     -0.779947807426      0.625844563523
   250     -5.005376941068      6.439615606846      0.693119388428      0.720822803042
   251     -4.127623229423      6.918727724929      0.877753711645      0.479112118083
   252     -3.701792354619      6.013924947488      0.425830874804     -0.904802777440
   253     -2.996118544294      6.722461801449      0.705673810326      0.708536853961
   254     -2.471969285767      5.870835384065      0.524149258526     -0.851626417384
   255     -2.190305802843      6.830348636911      0.281663482925      0.959513252846
   256     -3.154177243990      6.563980761705     -0.963871441147     -0.266367875206
   257     -3.900761139298      5.898689481689     -0.746583895309     -0.665291280016
   258     -4.006032426335      4.904245940745     -0.105271287036     -0.994443540944
   259     -3.943931913081      3.906176040260      0.062100513254     -0.998069900485
   260     -3.521808068598      2.999637866812      0.422123844483     -0.906538173448
   261     -4.181672041312      3.751022946191     -0.659863972714      0.751385079379
   262     -5.180959917097      3.788755442918     -0.999287875785      0.037732496727
   263     -4.629602026204      2.954486615651      0.551357890893     -0.834268827268
   264     -3.690048023942      3.296887370372      0.939554002262      0.342400754721
   265     -2.946984578930      2.627666392902      0.743063445012     -0.669220977471
   266     -1.948497943674      2.572671491181      0.998486635256     -0.054994901720
   267     -2.941251499058      2.692839616208     -0.992753555384      0.120168125026
   268     -2.839112378587      1.698069491973      0.102139120471     -0.994770124234
   269     -2.699707976366      0.707833958051      0.139404402221     -0.990235533922
   270     -3.698954815894      0.746638000270     -0.999246839528      0.038804042219
   271     -2.920415530545      0.119042126186      0.778539285349     -0.627595874085
   272     -2.989902197428      1.116625006515     -0.069486666882      0.997582880329
   273     -2.738898728099      2.084611193598      0.251003469329      0.967986187084
   274     -2.226667644381      1.225763525573      0.512231083718     -0.858847668026
   275     -1.427783434419      1.827248370830      0.798884209962      0.601484845257
   276     -1.264188787752      2.813776014427      0.163594646667      0.986527643597
   277     -1.325959414635      1.815685642941     -0.061770626884     -0.998090371487
   278     -1.769969032101      2.711707662535     -0.444009617466      0.896022019594
   279     -2.368736420562      3.512630639179     -0.598767388461      0.800922976644
   280     -1.369782948004      3.466892693610      0.998953472558     -0.045737945569
   281     -1.880896736692      4.326405750529     -0.511113788688      0.859513056918
   282     -1.508587349067      5.254514429448      0.372309387625      0.928108678920
   283     -2.246204742696      4.579295516343     -0.737617393629     -0.675218913106
   284     -1.307590941472      4.234325760926      0.938613801224     -0.344969755416
   285     -2.031058304945      3.543967177298     -0.723467363473     -0.690358583628
   286     -1.535742550582      2.675254161695      0.495315754363     -0.868713015604
   287     -0.770311837632      3.318772478196      0.765430712950      0.643518316501
   288     -0.593790783052      4.303069342607      0.176521054580      0.984296864411
   289      0.391736432525      4.133552065147      0.985527215577     -0.169517277460
   290      1.148365109804      3.479707248146      0.756628677279     -0.653844817002
   291      1.946677457067      4.081950883402      0.798312347263      0.602243635256
   292      1.452695471266      3.212478746008     -0.493981985801     -0.869472137394
   293      1.908467584591      4.102575246796      0.455772113325      0.890096500788
   294      2.906360195382      4.167462358999      0.997892610790      0.064887112203
   295      3.303669822867      3.249777740022      0.397309627486     -0.917684618977
   296      2.512178328777      3.860957921951     -0.791491494090      0.611180181929
   297      3.192910195760      4.593490600591      0.680731866982      0.732532678639
   298      4.078628142335      4.129266819301      0.885717946575     -0.464223781289
   299      4.700348117656      4.912506420117      0.621719975322      0.783239600816
   300      4.103332420012      5.714735973777     -0.597015697644      0.802229553660
   301      3.620701497641      6.590559810386     -0.482630922371      0.875823836608
   302      3.589030550478      5.591061460659     -0.031670947163     -0.999498349726
   303      4.502197770618      5.998646578225      0.913167220141      0.407585117565
   304      5.039467061487      5.155235818814      0.537269290869     -0.843410759410
   305      5.763745641566      4.465728358058      0.724278580079     -0.689507460756
   306      5.121383979117      3.699326704475     -0.642361662449     -0.766401653583
   307      4.329589522673      3.088539066466     -0.791794456444     -0.610787638009
   308      3.441517277873      3.548242979889     -0.888072244800      0.459703913422
   309      2.770301082262      4.289504619764     -0.671216195611      0.741261639875
   310      2.045612700763      3.600427882585     -0.724688381499     -0.689076737179
   311      2.847047267371      4.198510348008      0.801434566608      0.598082465423
   312      3.439311766031      3.392766738895      0.592264498660     -0.805743609114
   313      2.927217210927      2.533837657635     -0.512094555104     -0.858929081259
   314      2.372396899780      1.701867452436     -0.554820311147     -0.831970205199
   315      3.194796378292      1.132957004524      0.822399478512     -0.568910447912
   316      2.840596195891      2.068126631270     -0.354200182401      0.935169626745
   317      1.943407016159      2.509773068787     -0.897189179732      0.441646437517
   318      2.588085213365      1.745319000809      0.644678197206     -0.764454067977
   319      1.603099457352      1.917954629959     -0.984985756013      0.172635629149
   320      0.710125532264      1.467846232888     -0.892973925088     -0.450108397071
   321      0.366860041511      0.528607816479     -0.343265490753     -0.939238416409
   322      1.100356503933     -0.151085452294      0.733496462422     -0.679693268773
   323      2.071898072766     -0.387954572334      0.971541568833     -0.236869120040
   324      2.294874406054     -1.362778430676      0.222976333288     -0.974823858342
   325      1.402244408274     -1.813568500512     -0.892629997780     -0.450790069836
   326      1.053689257363     -2.750856773550     -0.348555150910     -0.937288273038
   327      0.364963442623     -3.475878671226     -0.688725814740     -0.725021897676
   328     -0.085753845154     -4.368545421194     -0.450717287776     -0.892666749969
   329      0.913897101330     -4.342126011758      0.999650946483      0.026419409437
   330      0.443281765239     -3.459787524874     -0.470615336091      0.882338486884
   331      0.678242984294     -4.431792270511      0.234961219055     -0.972004745637
   332      1.326189566513     -5.193478049944      0.647946582219     -0.761685779433
   333      2.087098748885     -5.842336444497      0.760909182372     -0.648858394553
   334      2.750758484240     -6.590371039732      0.663659735355     -0.748034595235
   335      1.880515926531     -7.082994517402     -0.870242557709     -0.492623477670
   336      1.180295172536     -6.369068123665     -0.700220753995      0.713926393737
   337      1.823754172300     -7.134548701878      0.643458999764     -0.765480578214
   338      0.888872233394     -7.489507516823     -0.934881938906     -0.354958814945
   339      0.700051392736     -8.471519069776     -0.188820840658     -0.982011552953
   340     -0.271935432705     -8.706554410031     -0.971986825441     -0.235035340255
   341     -0.700283055807     -9.610168439240     -0.428347623102     -0.903614029209
   342     -1.680368472357     -9.411592065353     -0.980085416550      0.198576373887
   343     -2.674906975051     -9.307221731162     -0.994538502694      0.104370334191
   344     -2.070067044484     -8.510874659595      0.604839930567      0.796347071566
   345     -2.062760601530     -9.510847967185      0.007306442954     -0.999973307589
   346     -1.811559590257    -10.478782909180      0.251201011273     -0.967934941995
   347     -1.429207409083     -9.554766237495      0.382352181174      0.924016671685
   348     -0.444312991518     -9.381610278172      0.984894417565      0.173155959323
   349      0.475939065849     -8.990284134255      0.920252057366      0.391326143917
   350     -0.279154647394     -9.645901007300     -0.755093713243     -0.655616873045
   351     -1.242460241148     -9.914308035976     -0.963305593754     -0.268407028676
   352     -0.521028379149     -9.221822607614      0.721431861998      0.692485428362
   353     -0.561765004080    -10.220992526792     -0.040736624930     -0.999169919178
   354     -1.532414181030     -9.980492682125     -0.970649176951      0.240499844667
   355     -1.508462556172    -10.980205800808      0.023951624859     -0.999713118683
   356     -0.815569726414    -10.259165214938      0.692892829757      0.721040585870
   357     -1.806900384906    -10.127774478834     -0.991330658492      0.131390736104
   358     -2.801801938908    -10.228625348168     -0.994901554001     -0.100850869334
   359     -2.034743451595     -9.587048168835      0.767058487313      0.641577179333
   360     -1.343790225777    -10.309947636072      0.690953225818     -0.722899467237
   361     -1.745005976013     -9.393964054471     -0.401215750236      0.915983581601
   362     -2.716556795493     -9.630795228870     -0.971550819480     -0.236831174400
   363     -3.403210940172     -8.903810988604     -0.686654144678      0.726984240267
   364     -4.257687327023     -8.384320753553     -0.854476386851      0.519490235051
   365     -4.510772701992     -7.416876805318     -0.253085374969      0.967443948235
   366     -3.616324261003     -7.864047898316      0.894448440989     -0.447171092998
   367     -2.620583622660     -7.771849302051      0.995740638343      0.092198596265
   368     -2.475274424421     -8.761235595117      0.145309198239     -0.989386293066
   369     -1.703843946681     -8.124921979033      0.771430477740      0.636313616084
   370     -0.742286415137     -7.850318422008      0.961557531544      0.274603557024
   371     -1.317944356655     -7.032627811590     -0.575657941519      0.817690610419
   372     -1.385977900984     -6.034944777332     -0.068033544328      0.997683034258
   373     -1.918116815057     -5.188287717993     -0.532138914074      0.846657059339
   374     -1.270971653643     -5.950654519512      0.647145161414     -0.762366801519
   375     -1.024740931843     -4.981443277500      0.246230721800      0.969211242012
   376     -1.954636880539     -4.613620596580     -0.929895948696      0.367822680920
   377     -2.489926155670     -5.458289402639     -0.535289275131     -0.844668806059
   378     -2.863888659536     -4.530845579164     -0.373962503866      0.927443823475
   379     -2.453266692770     -3.619039897887      0.410621966766      0.911805681277
   380     -3.378088363772     -3.238638955663     -0.924821671002      0.380400942224
   381     -2.840804269305     -4.082040284707      0.537284094468     -0.843401329043
   382     -2.734379660157     -5.076361059189      0.106424609147     -0.994320774483
   383     -2.037557914939     -5.793605407644      0.696821745218     -0.717244348455
   384     -1.821633195515     -6.770015421697      0.215924719423     -0.976410014052
   385     -1.917795329935     -5.774649738190     -0.096162134420      0.995365683507
   386     -1.090346842746     -6.336191367143      0.827448487189     -0.561541628954
   387     -0.107237569998     -6.153171811255      0.983109272748      0.183019555888
   388      0.464181498029     -6.973830235141      0.571419068027     -0.820658423886
   389     -0.306332299920     -7.611253553801     -0.770513797949     -0.637423318659
   390      0.688503317468     -7.509754320426      0.994835617388      0.101499233374
   391      1.440859259784     -6.850997509409      0.752355942316      0.658756811018
   392      0.452474251109     -7.002968146791     -0.988385008675     -0.151970637382
   393      1.404632675477     -6.697363279513      0.952158424369      0.305604867278
   394      1.654943544785     -5.729197762307      0.250310869308      0.968165517206
   395      2.291768130089     -4.958189041506      0.636824585305      0.771008720801
   396      2.967668926464     -5.695181655756      0.675900796375     -0.736992614251
   397      2.751718098936     -6.671585895859     -0.215950827529     -0.976404240102
   398      1.751860203679     -6.688443810691     -0.999857895257     -0.016857914833
   399      2.340468630367     -5.880025527851      0.588608426688      0.808418282841
   400      1.555805865323     -6.499948382046     -0.784662765044     -0.619922854195
   401      1.142682122757     -5.589273482135     -0.413123742566      0.910674899911
   402      1.621707775359     -6.467074384474      0.479025652602     -0.877800902340
   403      1.942245786589     -5.519838730924      0.320538011230      0.947235653550
   404      1.427293927536     -6.377057829439     -0.514951859053     -0.857219098515
   405      2.239937281751     -6.959819168969      0.812643354214     -0.582761339531
   406      2.996250109863     -6.305609029922      0.756312828112      0.654210139048
   407      3.178874697469     -5.322426310382      0.182624587606      0.983182719540
   408      2.837708671386     -4.382423255788     -0.341166026083      0.940003054594
   409      2.342232974476     -3.513801454443     -0.495475696910      0.868621801345
   410      1.861989819532     -2.636666053191     -0.480243154944      0.877135401252
   411      1.602359342746     -3.602374091639     -0.259630476786     -0.965708038448
   412      1.148723232575     -2.711187085703     -0.453636110171      0.891187005936
   413      0.164636271428     -2.888874600464     -0.984086961146     -0.177687514760
   414     -0.776745138451     -2.551530501459     -0.941381409880      0.337344099004
   415     -0.383902876239     -3.471136371939      0.392842262212     -0.919605870479
   416      0.148022176091     -2.624344934391      0.531925052330      0.846791437547
   417      0.740716928517     -3.429772107043      0.592694752426     -0.805427172652
   418      1.381452230437     -2.662010247562      0.640735301920      0.767761859481
   419      0.664195208768     -3.358818947900     -0.717257021669     -0.696808700338
   420      1.407611403375     -4.027648045351      0.743416194606     -0.668829097451
   421      0.590770903065     -3.450784459177     -0.816840500310      0.576863586174
   422      1.179618325461     -4.259028675449      0.588847422396     -0.808244216273
   423      0.264638576146     -3.855528912941     -0.914979749315      0.403499762508
   424     -0.401946243171     -3.110099722034     -0.666584819317      0.745429190907
   425     -1.332864217403     -3.475328041381     -0.930917974232     -0.365228319346
   426     -0.526216150971     -2.884295980556      0.806648066431      0.591032060825
   427      0.431722229313     -3.171269950765      0.957938380285     -0.286973970209
   428      1.159410687173     -2.485362152079      0.727688457860      0.685907798686
   429      0.164977583563     -2.379992315571     -0.994433103609      0.105369836509
   430     -0.512621970838     -1.644561255665     -0.677599554402      0.735431059906
   431     -1.148658253287     -0.872902103313     -0.636036282449      0.771659152352
   432     -0.407543788064     -0.201523410296      0.741114465223      0.671378693017
   433     -1.148269549263     -0.873330932356     -0.740725761198     -0.671807522061
   434     -0.548777099121     -0.072950521412      0.599492450141      0.800380410944
   435     -0.947886143210     -0.989853990119     -0.399109044089     -0.916903468707
   436     -0.634445513030     -0.040246191418      0.313440630180      0.949607798700
   437      0.330188632150      0.223346232512      0.964634145180      0.263592423930
   438      0.469877459611     -0.766849218641      0.139688827462     -0.990195451152
   439     -0.268561993262     -0.092529432159     -0.738439452873      0.674319786481
   440     -1.016421524008      0.571327572227     -0.747859530746      0.663857004386
   441     -0.375979996652      1.339334505814      0.640441527356      0.768006933587
   442      0.283898667527      0.587962328686      0.659878664179     -0.751372177128
   443     -0.390981199726      1.325889943549     -0.674879867253      0.737927614863
   444      0.543049483648      0.968697162945      0.934030683374     -0.357192780604
   445     -0.448581795517      1.097799471915     -0.991631279165      0.129102308971
   446     -1.118916240726      1.839858587867     -0.670334445209      0.742059115951
   447     -1.817500249726      2.555386632299     -0.698584009000      0.715528044433
   448     -1.437708023453      3.480458448356      0.379792226273      0.925071816057
   449     -0.510665778716      3.855415347844      0.927042244737      0.374956899488
   450      0.102739855519      3.065647326278      0.613405634235     -0.789768021566
   451     -0.777113613288      3.540892392983     -0.879853468808      0.475245066705
   452      0.152483671983      3.909469233297      0.929597285271      0.368576840314
   453      0.718364217602      4.733956472791      0.565880545619      0.824487239495
   454      1.692685555940      4.508794465207      0.974321338338     -0.225162007585
   455      0.899912591013      5.118311508512     -0.792772964928      0.609517043305
   456      0.255028211842      4.354031365174     -0.644884379171     -0.764280143338
   457      1.002725912837      3.689992098318      0.747697700995     -0.664039266856
   458      0.017309716759      3.860153552555     -0.985416196078      0.170161454237
   459      0.800360080453      4.482111853343      0.783050363694      0.621958300788
   460      0.519547613410      3.522349196040     -0.280812467043     -0.959762657303
   461      0.059803622449      2.634297698223     -0.459743990961     -0.888051497817
   462     -0.437599056328      1.766777914503     -0.497402678777     -0.867519783720
   463     -0.503281946420      2.764618461860     -0.065682890092      0.997840547357
   464     -0.729629085484      1.790571762447     -0.226347139064     -0.974046699413
   465     -0.217356588151      2.649394729347      0.512272497333      0.858822966901
   466      0.658430049334      3.132093150312      0.875786637486      0.482698420964
   467     -0.186988932837      2.597989466946     -0.845418982171     -0.534103683365
   468     -0.831309879559      3.362744668051     -0.644320946722      0.764755201104
   469     -0.095354375483      4.039774575825      0.735955504076      0.677029907774
   470     -0.526586458316      3.137533537778     -0.431232082833     -0.902241038046
   471     -0.777440289428      2.169508561129     -0.250853831112     -0.968024976649
   472      0.221985121855      2.203403210866      0.999425411284      0.033894649736
   473      1.008087354797      1.585306714059      0.786102232941     -0.618096496807
   474      0.011576387507      1.668768633953     -0.996510967289      0.083461919895
   475      0.555744106325      2.507745089998      0.544167718818      0.838976456044
   476      1.011603634232      1.617693355088      0.455859527907     -0.890051734910
   477      0.427464023909      2.429346554214     -0.584139610323      0.811653199126
   478     -0.123421259421      3.263927529680     -0.550885283330      0.834580975466
   479     -0.692382701846      2.441563329928     -0.568961442425     -0.822364199752
   480     -1.185714016899      1.571721842307     -0.493331315053     -0.869841487622
   481     -0.233333673818      1.876634423406      0.952380343081      0.304912581100
   482     -0.227456844841      0.876651692115      0.005876828977     -0.999982731291
   483     -1.133527198737      0.453524626341     -0.906070353896     -0.423127065774
   484     -1.959863965913     -0.109651675729     -0.826336767176     -0.563176302070
   485     -2.807372493458      0.421130102159     -0.847508527545      0.530781777888
   486     -3.293207977537     -0.452920172373     -0.485835484080     -0.874050274532
   487     -3.731555115028      0.445885583647     -0.438347137490      0.898805756020
   488     -3.957528308673      1.420019104143     -0.225973193645      0.974133520496
   489     -3.199320681476      2.072032289639      0.758207627197      0.652013185496
   490     -2.298749805349      1.637323079855      0.900570876127     -0.434709209784
   491     -1.365510764699      1.996579106955      0.933239040649      0.359256027100
   492     -2.358375818475      2.115822492473     -0.992865053776      0.119243385518
   493     -2.802508985541      3.011783278396     -0.444133167065      0.895960785923
   494     -1.969607577970      2.458361879038      0.832901407570     -0.553421399358
   495     -2.738697060053      1.819220761170     -0.769089482083     -0.639141117868
   496     -3.490073575351      2.479094485649     -0.751376515298      0.659873724480
   497     -3.115746642477      1.551797689944      0.374326932874     -0.927296795705
   498     -2.151093116768      1.815319179273      0.964653525709      0.263521489329
   499     -2.007505824152      2.804956834882      0.143587292617      0.989637655609
   500     -2.866306299921      3.317267036633     -0.858800475769      0.512310201752
   501     -2.884095616023      2.317425279037     -0.017789316102     -0.999841757596
   502     -2.098667136650      1.698472854541      0.785428479373     -0.618952424497
   503     -1.425871808023      0.958644194798      0.672795328627     -0.739828659743
   504     -2.142121308311      1.656488484978     -0.716249500288      0.697844290180
   505     -2.462325435660      0.709139913000     -0.320204127348     -0.947348571978
   506     -3.253867319282      1.320254833838     -0.791541883623      0.611114920838
   507     -4.175534952800      0.932274456336     -0.921667633518     -0.387980377501
   508     -5.089139543136      1.338878259217     -0.913604590336      0.406603802880
   509     -6.088147860068      1.294354302730     -0.999008316932     -0.044523956487
   510     -6.983964818120      1.738777499318     -0.895816958053      0.444423196588
   511     -6.500951990485      0.863164223756      0.483012827636     -0.875613275561
   512     -7.322369910257      0.292837474360     -0.821417919772     -0.570326749396
   513     -6.604654076747      0.989173587404      0.717715833510      0.696336113044
   514     -6.725623940635     -0.003482592766     -0.120969863888     -0.992656180171
   515     -7.487546683184     -0.651150512605     -0.761922742548     -0.647667919838
   516     -7.918816111206     -1.553373700321     -0.431269428023     -0.902223187716
   517     -8.712203724194     -0.944656938964     -0.793387612988      0.608716761357
   518     -7.734591062586     -1.155069590349      0.977612661608     -0.210412651385
   519     -8.641407127978     -1.576596129901     -0.906816065392     -0.421526539552
   520     -7.691958415953     -1.262673936938      0.949448712025      0.313922192963
   521     -8.691941760817     -1.268445418188     -0.999983344863     -0.005771481250
   522     -9.585089862474     -0.818682737982     -0.893148101657      0.449762680206
   523    -10.286915875771     -0.106334335121     -0.701826013297      0.712348402861
   524     -9.319490210431     -0.359489587960      0.967425665341     -0.253155252840
   525     -8.404070738451     -0.761990756059      0.915419471979     -0.402501168099
   526     -8.899029852281      0.106925508973     -0.494959113830      0.868916265032
   527     -8.770464264425     -0.884775499204      0.128565587856     -0.991701008177
   528     -9.614751807076     -0.348885076333     -0.844287542651      0.535890422871
   529    -10.538503142081      0.034107705683     -0.923751335005      0.382992782016
   530    -10.258937673099     -0.926018925837      0.279565468982     -0.960126631519
   531     -9.641852145988     -1.712915013151      0.617085527111     -0.786896087314
   532    -10.265709234010     -2.494453453489     -0.623857088021     -0.781538440338
   533    -11.138444315944     -2.006259356063     -0.872735081934      0.488194097426
   534    -10.889273386876     -1.037799832848      0.249170929068      0.968459523216
   535    -11.577589278907     -0.312388754371     -0.688315892031      0.725411078477
   536    -12.501938188365      0.069159530364     -0.924348909458      0.381548284735
   537    -13.501748060958      0.088658726919     -0.999809872593      0.019499196555
   538    -13.086858043131     -0.821212842649      0.414890017827     -0.909871569568
   539    -13.750312819585     -1.569429228196     -0.663454776454     -0.748216385547
   540    -13.915109415442     -0.583101654824     -0.164796595857      0.986327573372
   541    -14.551914271439      0.187923361229     -0.636804855997      0.771025016052
   542    -13.726844164716      0.752953731202      0.825070106723      0.565030369973
   543    -12.760928123905      1.011809293444      0.965916040811      0.258855562242
   544    -12.735505780618      0.012132493442      0.025422343287     -0.999676800002
   545    -13.411066669407      0.749436694934     -0.675560888789      0.737304201492
   546    -14.109597726432      1.465016433588     -0.698531057025      0.715579738653
   547    -13.426228391433      0.734943593398      0.683369334999     -0.730072840190
   548    -13.412501983570      1.734849381824      0.013726407863      0.999905788426
   549    -13.861804405920      2.628229106952     -0.449302422350      0.893379725129
   550    -14.312536225579      1.735569694440     -0.450731819659     -0.892659412512
   551    -15.173300395823      1.226565722723     -0.860764170244     -0.509003971717
   552    -16.075063407928      1.658796529122     -0.901763012104      0.432230806399
   553    -16.581549749757      0.796548545337     -0.506486341829     -0.862247983785
   554    -17.509311979495      1.169720416023     -0.927762229738      0.373171870686
   555    -18.489766948362      0.972976790904     -0.980454968866     -0.196743625119
   556    -18.592635019395      1.967671799418     -0.102868071034      0.994695008514
   557    -17.940068699805      1.209940185628      0.652566319590     -0.757731613790
   558    -18.148747106854      2.187924501674     -0.208678407049      0.977984316046
   559    -17.290811620914      2.701681936622      0.857935485940      0.513757434948
   560    -17.526977610289      3.673394664471     -0.236165989375      0.971712727848
   561    -18.163348694935      4.444777735731     -0.636371084646      0.771383071260
   562    -19.158706749022      4.541018808899     -0.995358054087      0.096241073169
   563    -19.967285377539      3.952630670418     -0.808578628517     -0.588388138481
   564    -20.345114112804      3.026755167552     -0.377828735265     -0.925875502866
   565    -21.232104092886      3.488543837003     -0.886989980082      0.461788669451
   566    -20.390251681619      2.948836029348      0.841852411267     -0.539707807655
   567    -20.347818220960      3.947935324421      0.042433460660      0.999099295074
   568    -21.325795189785      4.156648161708     -0.977976968825      0.208712837286
   569    -20.473409302928      3.633734880285      0.852385886856     -0.522913281422
   570    -19.613172341045      4.143629349180      0.860236961884      0.509894468895
   571    -20.335784205236      3.452375348302     -0.722611864192     -0.691254000878
   572    -19.378831502672      3.162131442155      0.956952702564     -0.290243906146
   573    -19.428805969665      4.160881937849     -0.049974466993      0.998750495694
   574    -18.897912309751      3.313443490608      0.530893659914     -0.847438447241
   575    -18.338789676910      2.484358524247      0.559122632841     -0.829084966360
   576    -17.493734786375      3.019038084341      0.845054890536      0.534679560094
   577    -16.938175037010      3.850514701502      0.555559749365      0.831476617161
   578    -16.626429703725      4.800680396092      0.311745333284      0.950165694590
   579    -16.904818225960      5.761148943567     -0.278388522235      0.960468547475
   580    -17.632731561550      6.446818088177     -0.727913335589      0.685669144611
   581    -16.651718631471      6.640760427594      0.981012930079      0.193942339416
   582    -16.024654875157      5.861792491464      0.627063756313     -0.778967936130
   583    -16.843395988204      6.435955351467     -0.818741113047      0.574162860003
   584    -16.111949038820      5.754057001098      0.731446949384     -0.681898350369
   585    -15.113176687518      5.803592748535      0.998772351302      0.049535747437
   586    -16.100074039329      5.642243385387     -0.986897351811     -0.161349363148
   587    -16.916686397016      6.219429886678     -0.816612357687      0.577186501291
   588    -16.296453005405      5.435012561569      0.620233391611     -0.784417325108
   589    -16.574542467065      6.395567740262     -0.278089461660      0.960555178693
   590    -15.581157622009      6.280735037545      0.993384845056     -0.114832702717
   591    -16.433972067369      5.758520980107     -0.852814445360     -0.522214057438
   592    -17.368823811717      5.403482649658     -0.934851744349     -0.355038330449
   593    -17.087538225538      4.443858546685      0.281285586180     -0.959624102973
   594    -17.783638417349      3.725913894946     -0.696100191811     -0.717944651739
   595    -16.827690214459      4.019449298929      0.955948202890      0.293535403983
   596    -15.972777994494      4.538221981474      0.854912219965      0.518772682545
   597    -15.844672830491      3.546461391939      0.128105164003     -0.991760589535
   598    -16.843331551335      3.494685342630     -0.998658720844     -0.051776049309
   599    -17.793483423907      3.182897884501     -0.950151872573     -0.311787458129
   600    -17.502801343013      4.139717579034      0.290682080894      0.956819694533
   601    -18.404089500944      4.572937680568     -0.901288157931      0.433220101534
   602    -17.440620323721      4.305118442012      0.963469177223     -0.267819238556
   603    -16.508748607709      4.667906403357      0.931871716012      0.362787961345
   604    -17.121637182299      5.458075749217     -0.612888574590      0.790169345860
   605    -17.450844353994      6.402333467271     -0.329207171695      0.944257718054
   606    -16.714313806811      5.725929185006      0.736530547183     -0.676404282265
   607    -17.329537947848      6.514281426256     -0.615224141037      0.788352241251
   608    -18.227324713953      6.954711809640     -0.897786766105      0.440430383383
   609    -19.210376196132      6.771382097410     -0.983051482179     -0.183329712229
   610    -19.158160996199      5.772746241407      0.052215199933     -0.998635856004
   611    -19.925332643562      5.131304378505     -0.767171647362     -0.641441862902
   612    -20.665498438843      4.458879962310     -0.740165795281     -0.672424416195
   613    -21.615347298722      4.146170603021     -0.949848859879     -0.312709359289
   614    -20.906969738649      4.852004317422      0.708377560073      0.705833714401
   615    -21.726170232661      4.278497080667     -0.819200494012     -0.573507236755
   616    -20.795976326606      4.645565598983      0.930193906055      0.367068518315
   617    -19.870737692264      5.024951246472      0.925238634342      0.379385647490
   618    -19.159079596939      5.727477228452      0.711658095326      0.702525981980
   619    -19.809401398950      6.487136068872     -0.650321802012      0.759658840420
   620    -19.691503996388      5.494110287500      0.117897402563     -0.993025781372
   621    -20.360819519556      6.237088571467     -0.669315523168      0.742978283967
   622    -19.744992299617      7.024969803115      0.615827219938      0.787881231648
   623    -19.734953039353      8.024919408472      0.010039260265      0.999949605357
   624    -20.273146766903      7.182098246169     -0.538193727551     -0.842821162303
   625    -19.964134994878      8.133156459293      0.309011772025      0.951058213124
   626    -20.731209761116      7.491598743261     -0.767074766238     -0.641557716032
   627    -21.298405895921      6.668015994132     -0.567196134805     -0.823582749129
   628    -21.258251221515      7.667209469953      0.040154674406      0.999193475821
   629    -21.279272164393      8.666988505521     -0.021020942878      0.999779035568
   630    -20.338197802363      9.005188217423      0.941074362029      0.338199711902
   631    -21.216621226271      9.483071349926     -0.878423423907      0.477883132503
   632    -21.904927232982      8.757650891760     -0.688306006711     -0.725420458166
   633    -22.569010744638      9.505309296077     -0.664083511656      0.747658404317
   634    -21.962615637451      8.710145807240      0.606395107187     -0.795163488837
   635    -21.169029266374      8.101688190277      0.793586371078     -0.608457616963
   636    -20.236961182631      8.463971349240      0.932068083743      0.362283158963
   637    -21.187111087676      8.775764803217     -0.950149905045      0.311793453977
   638    -22.183752831389      8.693879305794     -0.996641743713     -0.081885497424
   639    -21.196200460291      8.851169846954      0.987552371098      0.157290541160
   640    -21.179511005104      9.851030568298      0.016689455187      0.999860721344
   641    -20.364625503144      9.271408606417      0.814885501961     -0.579621961881
   642    -21.364559250725      9.259897722545     -0.999933747582     -0.011510883872
   643    -20.976584790072      8.338227598324      0.387974460653     -0.921670124221
   644    -21.466386163818      7.466393546296     -0.489801373746     -0.871834052028
   645    -20.629249726762      8.013387683150      0.837136437056      0.546994136854
   646    -20.103458522914      7.162774016462      0.525791203848     -0.850613666688
   647    -20.736034833089      7.937272055069     -0.632576310175      0.774498038606
   648    -20.107173826158      8.714789793749      0.628861006931      0.777517738680
   649    -21.095457440266      8.867418421753     -0.988283614108      0.152628628004
   650    -21.188830877582      9.863049578961     -0.093373437316      0.995631157208
   651    -21.796024865609     10.657603202641     -0.607193988027      0.794553623681
   652    -20.796148862932     10.673350560228      0.999876002677      0.015747357587
   653    -19.920799723476     11.156841908708      0.875349139455      0.483491348480
   654    -19.122183082309     11.758681970893      0.798616641168      0.601840062184
   655    -20.056410794021     12.115359111551     -0.934227711713      0.356677140658
   656    -20.577751041475     11.262010210816     -0.521340247454     -0.853348900735
   657    -20.871171561778     10.306026739063     -0.293420520303     -0.955983471753
   658    -21.587875381874     11.003404423148     -0.716703820096      0.697377684085
   659    -22.337318429742     11.665473239815     -0.749443047868      0.662068816666
   660    -21.749945725542     12.474789807272      0.587372704200      0.809316567458
   661    -22.654402864565     12.901354320178     -0.904457139023      0.426564512906
   662    -22.161666042213     13.771532706429      0.492736822352      0.870178386251
   663    -21.613555883247     14.607938859944      0.548110158966      0.836406153515
   664    -22.514154307526     15.042590994630     -0.900598424279      0.434652134686
   665    -21.548943901735     15.304065415086      0.965210405791      0.261474420457
   666    -20.842983113189     14.595814495541      0.705960788545     -0.708250919545
   667    -20.364363979878     13.717791873265      0.478619133312     -0.878022622276
   668    -19.551513062279     13.135320083597      0.812850917598     -0.582471789669
   669    -18.551960081611     13.165217221209      0.999552980668      0.029897137612
   670    -17.856569312173     12.446585411601      0.695390769439     -0.718631809607
   671    -16.975701441586     12.919947635029      0.880867870586      0.473362223428
   672    -17.061960659994     13.916220362369     -0.086259218408      0.996272727339
   673    -16.078132391482     13.737106046704      0.983828268512     -0.179114315665
   674    -15.332237680789     14.403169917936      0.745894710692      0.666063871232
   675    -15.982254873816     13.643250416430     -0.650017193027     -0.759919501506
   676    -15.151121385357     14.199323365207      0.831133488459      0.556072948778
   677    -14.390875689341     14.848959018239      0.760245696016      0.649635653031
   678    -13.421452736859     15.094354900845      0.969422952483      0.245395882606
   679    -12.471921735005     15.408028101038      0.949531001853      0.313673200193
   680    -12.679664626801     14.429844636187     -0.207742891795     -0.978183464851
   681    -12.757917564398     13.432911098905     -0.078252937597     -0.996933537282
   682    -12.303316971298     14.323606501809      0.454600593100      0.890695402904
   683    -13.301803639223     14.378600810396     -0.998486667924      0.054994308588
   684    -12.863618099836     13.479716261040      0.438185539387     -0.898884549357
   685    -13.305560602061     14.376759640552     -0.441942502225      0.897043379512
   686    -14.299959494866     14.271067436548     -0.994398892806     -0.105692204004
   687    -13.944685094182     13.336305381147      0.355274400684     -0.934762055402
   688    -14.341037463338     12.418206911774     -0.396352369156     -0.918098469373
   689    -13.644789149561     11.700405904836      0.696248313778     -0.717801006938
   690    -12.997166866724     12.462367438494      0.647622282836      0.761961533658
   691    -13.298678150435     13.415830046987     -0.301511283710      0.953462608494
   692    -12.436409834061     12.909378321174      0.862268316373     -0.506451725813
   693    -11.440589847892     12.818040732277      0.995819986169     -0.091337588897
   694    -10.863080180621     12.001656886155      0.577509667271     -0.816383846122
   695    -10.930264617007     12.999397459404     -0.067184436386      0.997740573249
   696     -9.930268975498     12.996445009094      0.999995641509     -0.002952450311
   697     -8.954418755229     13.214885727826      0.975850220269      0.218440718733
   698     -8.455877705158     14.081751819789      0.498541050070      0.866866091963
   699     -7.457207209343     14.030203388317      0.998670495816     -0.051548431472
   700     -7.657373174462     15.009965393300     -0.200165965119      0.979762004983
   701     -8.583203292418     15.387905325942     -0.925830117956      0.377939932642
   702     -8.200202609262     14.464157266836      0.383000683156     -0.923748059106
   703     -9.133334614331     14.104623316958     -0.933132005069     -0.359533949878
   704     -8.457955851514     14.842094351464      0.675378762817      0.737471034506
   705     -7.524958200724     15.201976809524      0.932997650790      0.359882458061
   706     -8.217774752043     14.480862930710     -0.692816551319     -0.721113878814
   707     -7.310069114222     14.061255405674      0.907705637821     -0.419607525037
   708     -6.783240856680     13.211283649051      0.526828257541     -0.849971756623
   709     -5.968902995469     12.630892532822      0.814337861211     -0.580391116229
   710     -6.825453379957     12.114829126994     -0.856550384487     -0.516063405828
   711     -7.783425126280     11.827966558427     -0.957971746324     -0.286862568568
   712     -8.718006943160     11.472218294118     -0.934581816879     -0.355748264309
   713     -9.135595242152     10.563581946317     -0.417588298992     -0.908636347801
   714     -9.827623294901     11.285452553980     -0.692028052749      0.721870607663
   715    -10.266204311346     12.184144209674     -0.438581016445      0.898691655694
   716     -9.520469651562     12.850387271324      0.745734659784      0.666243061650
   717    -10.328805858612     12.261666134985     -0.808336207050     -0.588721136339
   718    -11.296100343329     12.008010108375     -0.967294484717     -0.253656026610
   719    -10.592434797864     12.718541458933      0.703665545464      0.710531350558
   720    -11.454084995559     13.226044106032     -0.861650197695      0.507502647099
   721    -11.746889146541     14.182216542975     -0.292804150981      0.956172436942
   722    -12.487847896095     14.853767085718     -0.740958749555      0.671550542743
   723    -12.286614220330     13.874223820855      0.201233675766     -0.979543264863
   724    -12.745954554083     12.985963466123     -0.459340333753     -0.888260354732
   725    -12.965088481729     12.010268676881     -0.219133927646     -0.975694789242
   726    -12.382487491684     11.197510357085      0.582600990045     -0.812758319796
   727    -11.532551636847     10.670624180892      0.849935854836     -0.526886176193
   728    -10.574873343978     10.958464913533      0.957678292869      0.287840732642
   729    -10.100994985818     11.839055227849      0.473878358161      0.880590314316
   730     -9.338175420940     12.485666634677      0.762819564878      0.646611406828
   731     -8.930190261773     13.398655194244      0.407985159166      0.912988559567
   732     -8.023170276582     12.977567618480      0.907019985192     -0.421087575764
   733     -8.913407315675     12.522070072684     -0.890237039093     -0.455497545796
   734     -9.308616877054     13.440661060335     -0.395209561379      0.918590987652
   735     -9.859287001611     14.275384016723     -0.550670124557      0.834722956388
   736    -10.826003742326     14.531233080079     -0.966716740716      0.255849063355
   737    -11.753806477774     14.904304231597     -0.927802735448      0.373071151518
   738    -12.139815590903     15.826799198836     -0.386009113129      0.922494967239
   739    -12.570390962370     14.924244574735     -0.430575371467     -0.902554624101
   740    -11.784581061518     14.305776467455      0.785809900852     -0.618468107280
   741    -10.962085010782     14.874547288194      0.822496050736      0.568770820739
   742     -9.992711346655     15.120137799609      0.969373664127      0.245590511415
   743     -9.378870110306     14.330708298920      0.613841236349     -0.789429500689
   744    -10.197667267719     14.904791232836     -0.818797157412      0.574082933916
   745    -11.056804896891     14.393046634291     -0.859137629172     -0.511744598545
   746    -10.993679811486     13.395041011264      0.063125085405     -0.998005623027
   747    -10.091555111747     13.826516417424      0.902124699739      0.431475406160
   748    -10.688351688173     13.024123841209     -0.596796576426     -0.802392576216
   749     -9.748773914803     13.366459360530      0.939577773370      0.342335519322
   750     -9.788427292014     14.365672856073     -0.039653377211      0.999213495543
   751    -10.787940835877     14.334485107924     -0.999513543863     -0.031187748149
   752    -10.456573705159     15.277987002294      0.331367130718      0.943501894370
   753     -9.820131526676     14.506662587117      0.636442178483     -0.771324415177
   754     -8.971920120202     13.977004763681      0.848211406474     -0.529657823436
   755     -8.841795910495     12.985507063206      0.130124209707     -0.991497700475
   756     -8.257756999057     13.797232724945      0.584038911438      0.811725661740
   757     -7.279127329661     13.591602060457      0.978629669396     -0.205630664489
   758     -6.615439978737     14.339612154121      0.663687350924      0.748010093665
   759     -7.215535661032     15.139540383459     -0.600095682294      0.799928229338
   760     -6.243095944885     14.906385931518      0.972439716147     -0.233154451942
   761     -6.283100690308     13.907186441754     -0.040004745424     -0.999199489763
   762     -7.102852987022     14.479904672678     -0.819752296714      0.572718230923
   763     -7.766544881092     15.227910735318     -0.663691894069      0.748006062640
   764     -7.364756765442     16.143643398338      0.401788115650      0.915732663020
   765     -6.474773846724     16.599637262761      0.889982918717      0.455993864423
   766     -5.630368742223     17.135342423732      0.844405104502      0.535705160971
   767     -5.033119125752     16.333287004434      0.597249616471     -0.802055419298
   768     -4.967106426480     15.335468221521      0.066012699271     -0.997818782913
   769     -4.112964363974     14.815428475869      0.854142062506     -0.520039745652
   770     -4.750595456467     15.585770341463     -0.637631092493      0.770341865594
   771     -5.734111837710     15.766589388651     -0.983516381243      0.180819047188
   772     -6.375996675415     14.999788335492     -0.641884837704     -0.766801053159
   773     -5.428870220583     14.678927807289      0.947126454831     -0.320860528204
   774     -4.447870091973     14.484920725802      0.981000128610     -0.194007081487
   775     -4.519420671673     13.487483753084     -0.071550579700     -0.997436972718
   776     -5.477054474514     13.775472467544     -0.957633802841      0.287988714460
   777     -5.854517516458     12.849447817782     -0.377463041944     -0.926024649762
   778     -5.320154398609     12.004192792194      0.534363117849     -0.845255025588
   779     -4.984257798738     12.946091658419      0.335896599870      0.941898866225
   780     -3.992992872797     12.814205925310      0.991264925942     -0.131885733109
   781     -3.376145774773     12.027122919738      0.616847098024     -0.787083005572
   782     -3.053783555018     11.080506524743      0.322362219755     -0.946616394996
   783     -2.056806652295     11.158205015312      0.996976902723      0.077698490569
   784     -3.044243175007     11.000188833816     -0.987436522712     -0.158016181495
   785     -2.064253118096     10.801142386082      0.979990056911     -0.199046447734
   786     -2.263926028980      9.821279779050     -0.199672910884     -0.979862607032
   787     -3.031723151516     10.461972824608     -0.767797122536      0.640693045558
   788     -3.902236878523      9.969828688108     -0.870513727007     -0.492144136501
   789     -3.426733849776      9.090114604071      0.475503028747     -0.879714084036
   790     -2.685946223732      9.761853908489      0.740787626044      0.671739304418
   791     -1.770505798440      9.359400398451      0.915440425292     -0.402453510038
   792     -1.155611205888     10.148009706062      0.614894592552      0.788609307610
   793     -1.491294364291     11.089984661761     -0.335683158403      0.941974955699
   794     -0.532031721616     10.807468852700      0.959262642675     -0.282515809060
   795     -0.325012728844      9.829131928818      0.207018992772     -0.978336923882
   796     -0.042065531719     10.788267416452      0.282947197125      0.959135487634
   797      0.670110605181     11.490268235561      0.712176136900      0.702000819109
   798      0.730518612253     12.488442004342      0.060408007072      0.998173768781
   799     -0.224201401747     12.785947793978     -0.954720014000      0.297505789636
   800     -1.147319961901     12.401432353587     -0.923118560154     -0.384515440391
   801     -1.523493614115     11.474883173359     -0.376173652214     -0.926549180227
   802     -2.522604331382     11.517046838301     -0.999110717267      0.042163664942
   803     -2.366259424361     10.529344317272      0.156344907021     -0.987702521030
   804     -1.882887096021     11.404759185888      0.483372328340      0.875414868617
   805     -2.741482957365     10.892106138610     -0.858595861344     -0.512653047278
   806     -2.212133760150     10.043702091350      0.529349197214     -0.848404047261
   807     -3.212120976071     10.048758571803     -0.999987215921      0.005056480453
   808     -3.907666379417      9.330276427359     -0.695545403346     -0.718482144444
   809     -2.938503775997      9.576698520794      0.969162603420      0.246422093435
   810     -3.481906687193      8.737226498565     -0.543402911196     -0.839472022228
   811     -4.154212200709      9.477500296897     -0.672305513516      0.740273798332
   812     -3.436152585450      8.781518695894      0.718059615258     -0.695981601003
   813     -4.385881404742      9.094592440890     -0.949728819292      0.313073744996
   814     -5.178648579541      8.485067866684     -0.792767174799     -0.609524574206
   815     -4.653224426110      7.634227423951      0.525424153432     -0.850840442733
   816     -5.581814112442      8.005335486969     -0.928589686332      0.371108063018
   817     -6.326196276544      7.337581644773     -0.744382164102     -0.667753842196
   818     -6.884061784621      8.167513012356     -0.557865508078      0.829931367582
   819     -6.728857280445      9.155395374727      0.155204504177      0.987882362371
   820     -6.440776531121     10.113001495148      0.288080749324      0.957606120422
   821     -6.711275654494     11.075721716321     -0.270499123374      0.962720221172
   822     -6.761070041411     10.076962226237     -0.049794386917     -0.998759490083
   823     -5.952560097114     10.665444740823      0.808509944297      0.588482514585
   824     -5.038555976807     10.259739838139      0.914004120307     -0.405704902684
   825     -4.150528399232      9.799949645262      0.888027577575     -0.459790192877
   826     -4.490316951735      8.859447790087     -0.339788552503     -0.940501855175
   827     -5.179043456702      9.584469032090     -0.688726504967      0.725021242003
   828     -4.714201030114      8.699075606293      0.464842426588     -0.885393425797
   829     -5.513114584709      9.300521474417     -0.798913554595      0.601445868124
   830     -4.922479169826      8.493582934821      0.590635414883     -0.806938539596
   831     -3.959699406852      8.223295813397      0.962779762974     -0.270287121424
   832     -3.381465868793      9.039167111743      0.578233538059      0.815871298345
   833     -4.365601777401      9.216583326867     -0.984135908608      0.177416215124
   834     -4.703374766949      8.275355720211     -0.337772989548     -0.941227606656
   835     -4.045446621526      7.522275010419      0.657928145423     -0.753080709792
   836     -5.028857227059      7.703668452765     -0.983410605533      0.181393442345
   837     -4.421843940617      6.908976770360      0.607013286442     -0.794691682405
   838     -4.739422938311      5.960744952594     -0.317578997694     -0.948231817766
   839     -5.333202288849      6.765372868388     -0.593779350537      0.804627915794
   840     -5.740735017212      5.852182266535     -0.407532728363     -0.913190601853
   841     -6.524517010739      5.231146207499     -0.783781993526     -0.621036059037
   842     -7.093352485391      4.408694869864     -0.568835474652     -0.822451337635
   843     -7.994625966875      3.975444236195     -0.901273481484     -0.433250633668
   844     -7.096868041415      4.415933404365      0.897757925459      0.440489168170
   845     -7.049355657668      3.417062755387      0.047512383747     -0.998870648978
   846     -6.305997193561      4.085956015810      0.743358464107      0.668893260424
   847     -7.001484354274      4.804494538983     -0.695487160713      0.718538523173
   848     -7.335303874967      5.747131546322     -0.333819520693      0.942637007339
   849     -6.477348535271      5.233407267076      0.857955339696     -0.513724279246
   850     -6.089216525649      6.155011055646      0.388132009622      0.921603788570
   851     -6.047960035055      5.155862467105      0.041256490594     -0.999148588541
   852     -5.416783014927      4.380223653441      0.631177020128     -0.775638813664
   853     -4.754690101580      3.630801893619      0.662092913347     -0.749421759823
   854     -5.282362418708      4.480249905999     -0.527672317128      0.849448012380
   855     -5.576201252642      3.524394927630     -0.293838833934     -0.955854978369
   856     -5.432013011847      2.534844650375      0.144188240795     -0.989550277255
   857     -4.804445623565      3.313406897831      0.627567388282      0.778562247457
   858     -5.665950558478      3.821156094897     -0.861504934913      0.507749197065
   859     -5.095162641117      3.000058565127      0.570787917361     -0.821097529770
   860     -5.927731845390      2.446137523736     -0.832569204273     -0.553921041391
   861     -6.772348361561      2.981509301672     -0.844616516171      0.535371777936
   862     -7.702164194423      3.349534459725     -0.929815832862      0.368025158053
   863     -6.821736556253      2.875353930868      0.880427638169     -0.474180528857
   864     -6.304368872228      3.731117145505      0.517367684025      0.855763214637
   865     -5.307800359092      3.813889113133      0.996568513136      0.082771967628
   866     -4.742587858150      2.988943764168      0.565212500942     -0.824945348965
   867     -4.162658579904      2.174276941330      0.579929278246     -0.814666822838
   868     -3.689262501102      1.293427264839      0.473396078802     -0.880849676491
   869     -4.620086433417      1.658895193706     -0.930823932315      0.365467928867
   870     -5.620045195882      1.667976678593     -0.999958762466      0.009081484888
   871     -6.326671878606      2.375563232496     -0.706626682724      0.707586553902
   872     -7.162774515657      2.924136272588     -0.836102637051      0.548573040092
   873     -7.694420936146      3.771102673091     -0.531646420489      0.846966400503
   874     -6.878185357435      3.193383467901      0.816235578711     -0.577719205190
   875     -6.068091146425      3.779683194396      0.810094211010      0.586299726495
   876     -6.064320208637      4.779676084385      0.003770937788      0.999992889989
   877     -5.287160306628      4.150372908873      0.777159902009     -0.629303175512
   878     -5.908988902586      4.933526276515     -0.621828595958      0.783153367642
   879     -4.926344900319      4.748024888900      0.982644002268     -0.185501387615
   880     -5.894818356175      4.498908118487     -0.968473455857     -0.249116770413
   881     -6.691528177772      3.894546091080     -0.796709821597     -0.604362027407
   882     -5.691938703745      3.923197154131      0.999589474027      0.028651063051
   883     -4.704262042045      3.766688969253      0.987676661700     -0.156508184878
   884     -4.219362873828      2.892118905358      0.484899168217     -0.874570063895
   885     -3.519610184811      2.177733733190      0.699752689017     -0.714385172168
   886     -4.431003360790      1.766197004842     -0.911393175979     -0.411536728347
   887     -3.442887538876      1.919908170617      0.988115821914      0.153711165774
   888     -2.734033701239      1.214552773057      0.708853837638     -0.705355397559
   889     -3.716551864061      1.028386020592     -0.982518162823     -0.186166752466
   890     -3.031891699247      0.299523579032      0.684660164814     -0.728862441560
   891     -2.358640684215      1.038937584010      0.673251015032      0.739414004978
   892     -1.484172844690      0.553854088480      0.874467839525     -0.485083495530
   893     -0.676143543627     -0.035288210651      0.808029301062     -0.589142299131
   894     -1.539969046732      0.468502916887     -0.863825503105      0.503791127537
   895     -0.832265803258     -0.238006898456      0.707703243475     -0.706509815343
   896     -0.115385928212     -0.935203602947      0.716879875046     -0.697196704492
   897     -0.199387534389      0.061262016208     -0.084001606177      0.996465619156
   898     -0.897549385176     -0.654677946432     -0.698161850787     -0.715939962641
   899     -0.565879734335      0.288717645412      0.331669650840      0.943395591844
   900     -0.733036240006      1.274648019532     -0.167156505671      0.985930374120
   901     -0.806729755683      2.271928955752     -0.073693515677      0.997280936220
   902     -1.497408716497      1.548767443302     -0.690678960814     -0.723161512450
   903     -2.304077678390      0.957763901927     -0.806668961893     -0.591003541375
   904     -1.860446060238      1.853973133845      0.443631618152      0.896209231918
   905     -1.369359960508      0.982862094624      0.491086099730     -0.871111039221
   906     -0.409023896508      0.704016897101      0.960336064000     -0.278845197523
   907     -1.220956832921      0.120266173959     -0.811932936413     -0.583750723142
   908     -0.551621183330      0.863226326448      0.669335649591      0.742960152489
   909     -1.500263602374      1.179576703072     -0.948642419044      0.316350376623
   910     -2.489049045941      1.328919753096     -0.988785443567      0.149343050024
   911     -3.488990194423      1.318070809718     -0.999941148482     -0.010848943377
   912     -4.052029688437      2.144500799603     -0.563039494014      0.826429989884
   913     -4.936229726745      2.611609236967     -0.884200038308      0.467108437364
   914     -5.261301220285      1.665919793181     -0.325071493540     -0.945689443786
   915     -4.837824812633      0.760012660986      0.423476407652     -0.905907132195
   916     -5.183003778478      1.698549544405     -0.345178965845      0.938536883419
   917     -4.463048458178      1.004529129165      0.719955320301     -0.694020415241
   918     -5.027985538636      0.179395143000     -0.564937080458     -0.825133986164
   919     -5.617792434978     -0.628149174686     -0.589806896342     -0.807544317686
   920     -6.562084513847     -0.957257773458     -0.944292078869     -0.329108598772
   921     -7.251000881492     -0.232416936866     -0.688916367645      0.724840836592
   922     -7.887670608183      0.538719665245     -0.636669726691      0.771136602111
   923     -7.141875499054     -0.127455728476      0.745795109129     -0.666175393721
   924     -7.680775596912      0.714913955527     -0.538900097858      0.842369684004
   925     -8.211136292370      1.562686055041     -0.530360695458      0.847772099513
   926     -8.336023387519      2.554857014838     -0.124887095149      0.992170959797
   927     -8.641505417338      1.602659173286     -0.305482029819     -0.952197841553
   928     -8.464685980213      2.586902479920      0.176819437126      0.984243306634
   929     -9.165154044513      1.873218732806     -0.700468064301     -0.713683747114
   930     -9.899937120078      1.194916564253     -0.734783075565     -0.678302168553
   931     -9.651790197743      2.163638972859      0.248146922335      0.968722408606
   932    -10.522103155405      2.656138064965     -0.870312957662      0.492499092106
   933    -11.472758061746      2.966388365609     -0.950654906341      0.310250300644
   934    -10.610073641924      2.460645751431      0.862684419823     -0.505742614178
   935    -11.549370323006      2.117539725677     -0.939296681082     -0.343106025754
   936    -11.869921097448      3.064771060148     -0.320550774443      0.947231334471
   937    -12.397491460372      2.215259722869     -0.527570362924     -0.849511337278
   938    -11.635974566286      2.863404783810      0.761516894086      0.648145060940
   939    -12.566838668993      3.228770384669     -0.930864102707      0.365365600859
   940    -13.168156722903      4.027780145587     -0.601318053910      0.799009760918
   941    -13.810325152801      3.261216575071     -0.642168429898     -0.766563570516
   942    -14.785630292530      3.040354888897     -0.975305139728     -0.220861686173
   943    -15.389140006079      3.837710534548     -0.603509713550      0.797355645651
   944    -16.037710720528      3.076556129477     -0.648570714449     -0.761154405071
   945    -16.232316716819      2.095674635000     -0.194605996291     -0.980881494477
   946    -15.291996022518      2.435964205616      0.940320694301      0.340289570616
   947    -14.706897638606      3.246926523571      0.585098383912      0.810962317955
   948    -14.057072646104      4.007010386786      0.649824992502      0.760083863215
   949    -13.350630738516      3.299239356576      0.706441907587     -0.707771030210
   950    -13.974728123335      4.080585921337     -0.624097384818      0.781346564760
   951    -12.974743993373      4.086219732238      0.999984129961      0.005633810902
   952    -13.974080973257      4.049810933346     -0.999336979884     -0.036408798892
   953    -14.289329748240      4.998820000675     -0.315248774983      0.949009067329
   954    -13.699235619468      4.191485547558      0.590094128772     -0.807334453117
   955    -14.409986036904      3.488041275341     -0.710750417436     -0.703444272217
   956    -13.944592485801      2.602937415564      0.465393551103     -0.885103859777
   957    -12.947260339216      2.675934603094      0.997332146585      0.072997187530
   958    -12.015300838562      3.038496996541      0.931959500653      0.362562393448
   959    -11.023616497718      3.167191083914      0.991684340844      0.128694087373
   960    -10.023636155849      3.160920846749      0.999980341870     -0.006270237165
   961     -9.088022593323      3.513946712115      0.935613562526      0.353025865366
   962     -8.666790060200      2.606994038025      0.421232533122     -0.906952674090
   963     -8.325506687016      1.667033581842      0.341283373184     -0.939960456183
   964     -7.525911222390      2.267572583864      0.799595464626      0.600539002022
   965     -6.870018388548      3.022426603204      0.655892833842      0.754854019340
   966     -5.874500250594      3.116997407395      0.995518137954      0.094570804191
   967     -5.793790119052      4.113735023153      0.080710131542      0.996737615758
   968     -6.448214607958      3.357607660654     -0.654424488906     -0.756127362499
   969     -6.264667048395      2.374596829900      0.183547559563     -0.983010830753
   970     -6.740088067849      1.494838423143     -0.475421019454     -0.879758406758
   971     -5.991896306069      0.831355878078      0.748191761780     -0.663482545064
   972     -5.058885101566      0.471508560081      0.933011204504     -0.359847317998
   973     -5.431169202182     -0.456610262285     -0.372284100616     -0.928118822365
   974     -6.354101467985     -0.841572640627     -0.922932265803     -0.384962378342
   975     -5.764792976243     -0.033664538452      0.589308491742      0.807908102175
   976     -5.888687859670     -1.025959886552     -0.123894883428     -0.992295348100
   977     -6.265983729578     -0.099867112284     -0.377295869908      0.926092774268
   978     -6.881439291515      0.688304475177     -0.615455561937      0.788171587461
   979     -7.871599853601      0.828240393686     -0.990160562086      0.139935918510
   980     -6.871674230402      0.816044161919      0.999925623199     -0.012196231767
   981     -7.632621804408      0.167230791516     -0.760947574006     -0.648813370404
   982     -6.832211913221     -0.432222297633      0.800409891187     -0.599453089148
   983     -7.613246515906      0.192265451973     -0.781034602686      0.624487749606
   984     -6.769543440002      0.729075585735      0.843703075905      0.536810133762
   985     -6.174404711050     -0.074547393841      0.595138728951     -0.803622979576
   986     -6.915135077598      0.597255050389     -0.740730366548      0.671802444230
   987     -6.580988544485      1.539776187769      0.334146533114      0.942521137380
   988     -6.932638285785      2.475907834197     -0.351649741300      0.936131646428
   989     -7.685011470322      3.134644952621     -0.752373184537      0.658737118424
   990     -8.653777962959      3.382619714936     -0.968766492636      0.247974762315
   991     -7.659607568421      3.490440059142      0.994170394538      0.107820344206
   992     -8.387757822643      2.805022516854     -0.728150254222     -0.685417542288
   993     -8.544976027201      1.817458627196     -0.157218204557     -0.987563889658
   994     -7.938396968726      2.612481800331      0.606579058475      0.795023173134
   995     -8.227538284076      1.655195375190     -0.289141315350     -0.957286425140
   996     -8.962242707648      2.333582735025     -0.734704423572      0.678387359834
   997     -8.626651565175      3.275590476550      0.335591142473      0.942007741525
   998     -8.278488084443      4.213024309247      0.348163480733      0.937433832697
   999     -9.276733933636      4.272229246281     -0.998245849193      0.059204937034
  1000    -10.138227067882      4.779998465165     -0.861493134247      0.507769218884
