# File chua thong tin toa do tai lan chay thu 1
##########################################################################################
#  Step                   x                   y            delta_x            delta_y
     1      0.000000000000      0.000000000000      0.000000000000      0.000000000000
     2      0.785100062531      0.619368946440      0.785100062531      0.619368946440
     3      0.944295327454     -0.367878169345      0.159195264923     -0.987247115785
     4      1.778096458191      0.184186749284      0.833801130737      0.552064918629
     5      1.747599613413     -0.815348113769     -0.030496844778     -0.999534863053
     6      1.452815984840     -1.770912142144     -0.294783628573     -0.955564028375
     7      0.660384476261     -2.380873045983     -0.792431508578     -0.609960903839
     8     -0.324891791752     -2.551842855276     -0.985276268013     -0.170969809292
     9     -0.521725628263     -3.532279717498     -0.196833836510     -0.980436862222
    10     -1.081109123355     -4.361188702501     -0.559383495093     -0.828908985003
    11     -0.171120262682     -4.775821399536      0.909988860673     -0.414632697035
    12      0.413737078515     -5.586957572104      0.584857341197     -0.811136172568
    13     -0.275470965904     -6.311521076227     -0.689208044419     -0.724563504124
    14     -1.155644663348     -5.836869348822     -0.880173697444      0.474651727405
    15     -1.673537461664     -6.692314875698     -0.517892798316     -0.855445526876
    16     -2.438915099849     -6.048733434880     -0.765377638185      0.643581440818
    17     -1.552593620715     -6.511803878360      0.886321479134     -0.463070443480
    18     -0.555913395576     -6.430388100921      0.996680225139      0.081415777440
    19     -1.077775948751     -7.283417687508     -0.521862553175     -0.853029586588
    20     -2.040046926166     -7.011324751134     -0.962270977415      0.272092936374
    21     -1.062557693932     -7.222310060735      0.977489232234     -0.210985309601
    22     -2.057192550601     -7.325758124512     -0.994634856669     -0.103448063776
    23     -1.237402121316     -6.753094477986      0.819790429285      0.572663646526
    24     -1.077163958624     -7.740172859482      0.160238162692     -0.987078381496
    25     -0.182223180959     -7.293987915235      0.894940777665      0.446184944247
    26      0.514936748139     -8.010903554107      0.697159929098     -0.716915638872
    27      0.198389120168     -7.062326936630     -0.316547627971      0.948576617478
    28     -0.579514080590     -7.690711062980     -0.777903200758     -0.628384126351
    29     -1.154024959766     -6.872214117532     -0.574510879176      0.818496945449
    30     -1.597618162444     -7.768442364430     -0.443593202678     -0.896228246898
    31     -0.754395648776     -8.306007051183      0.843222513668     -0.537564686753
    32     -1.386081187471     -7.530782322343     -0.631685538694      0.775224728840
    33     -2.023717336843     -6.760444642483     -0.637636149373      0.770337679861
    34     -3.017020364869     -6.875982924086     -0.993303028025     -0.115538281603
    35     -2.875132781235     -7.865865701798      0.141887583633     -0.989882777712
    36     -2.524146538241     -8.802246317375      0.350986242994     -0.936380615577
    37     -3.246161105906     -8.110368463935     -0.722014567664      0.691877853440
    38     -2.255403239378     -8.246010824257      0.990757866528     -0.135642360322
    39     -2.816124991924     -9.074015121481     -0.560721752547     -0.828004297224
    40     -1.871101352421     -9.401017141015      0.945023639504     -0.327002019534
    41     -0.889437303926     -9.210397897776      0.981664048495      0.190619243239
    42     -1.544093355459     -9.966324781933     -0.654656051533     -0.755926884157
    43     -2.378332263860    -10.517727940892     -0.834238908401     -0.551403158959
    44     -2.644350538014     -9.553759955005     -0.266018274154      0.963967985888
    45     -3.588145127601     -9.223227395842     -0.943794589587      0.330532559163
    46     -4.271377460118     -8.493026341472     -0.683232332517      0.730201054370
    47     -3.530921729755     -7.820921207305      0.740455730363      0.672105134167
    48     -4.040402357128     -6.960439080627     -0.509480627372      0.860482126678
    49     -4.945459276858     -7.385729536726     -0.905056919730     -0.425290456099
    50     -5.933073159803     -7.228825686507     -0.987613882945      0.156903850219
    51     -6.824879261533     -6.776407874174     -0.891806101730      0.452417812333
    52     -7.066684609049     -5.806083096631     -0.241805347515      0.970324777543
    53     -7.317227173998     -6.774188681342     -0.250542564950     -0.968105584711
    54     -7.796041796572     -5.896272650500     -0.478814622573      0.877916030842
    55     -8.417831807567     -6.679456653290     -0.621790010995     -0.783184002790
    56     -9.378513809285     -6.957107678094     -0.960682001718     -0.277651024804
    57     -9.016985352430     -6.024746602714      0.361528456854      0.932361075380
    58     -8.564078498464     -5.133188762958      0.452906853967      0.891557839756
    59     -8.072941895273     -6.004271329083      0.491136603191     -0.871082566124
    60     -8.240474866559     -6.990137802563     -0.167532971286     -0.985866473480
    61     -7.452335666304     -6.374640766809      0.788139200255      0.615497035754
    62     -7.239256166546     -5.397605902137      0.213079499758      0.977034864671
    63     -6.541830457206     -4.680948815414      0.697425709340      0.716657086724
    64     -7.356298095665     -4.100739830734     -0.814467638459      0.580208984679
    65     -8.337206605560     -3.906270051034     -0.980908509894      0.194469779700
    66     -7.977924966518     -2.973040870261      0.359281639041      0.933229180774
    67     -8.872718274813     -2.526560259897     -0.894793308295      0.446480610364
    68     -8.867067551267     -3.526544294431      0.005650723546     -0.999984034534
    69     -9.867058087002     -3.530894977141     -0.999990535735     -0.004350682710
    70    -10.501748924993     -4.303661138519     -0.634690837991     -0.772766161378
    71    -11.346232530403     -4.839242542409     -0.844483605410     -0.535581403890
    72    -10.459963554736     -4.376071620643      0.886268975667      0.463170921766
    73     -9.573570371422     -4.839004795706      0.886393183314     -0.462933175063
    74    -10.457384710089     -4.371166987523     -0.883814338668      0.467837808183
    75     -9.554392259630     -3.941510573149      0.902992450460      0.429656414374
    76    -10.177402711754     -3.159297062307     -0.623010452124      0.782213510842
    77     -9.201973770085     -3.379611337273      0.975428941669     -0.220314274967
    78     -8.494069919150     -2.673302525328      0.707903850934      0.706308811946
    79     -8.540605198049     -3.672219172410     -0.046535278898     -0.998916647082
    80     -7.542625134327     -3.608691285513      0.997980063722      0.063527886897
    81     -8.435873849265     -3.159128460914     -0.893248714938      0.449562824599
    82     -7.720204414344     -2.460689301130      0.715669434921      0.698439159784
    83     -7.281960304598     -1.561833305838      0.438244109746      0.898855995292
    84     -8.118642918338     -1.014145252413     -0.836682613741      0.547688053425
    85     -7.149592568590     -1.261008412186      0.969050349748     -0.246863159773
    86     -6.153514699642     -1.349489364886      0.996077868949     -0.088480952700
    87     -5.907605045156     -2.318782118305      0.245909654486     -0.969292753419
    88     -5.158190145431     -1.656681440107      0.749414899724      0.662100678199
    89     -6.088101923724     -1.288898780656     -0.929911778293      0.367782659451
    90     -6.321674792497     -2.261238080989     -0.233572868773     -0.972339300334
    91     -7.131782699685     -2.847518882919     -0.810107907188     -0.586280801930
    92     -7.873848659554     -3.517845751845     -0.742065959869     -0.670326868926
    93     -7.486610805006     -2.595865901737      0.387237854548      0.921979850108
    94     -8.117623596353     -1.820093475599     -0.631012791347      0.775772426138
    95     -8.092523002521     -0.820408545138      0.025100593832      0.999684930460
    96     -8.894758180285     -0.223400404860     -0.802235177764      0.597008140278
    97     -8.317556304872      0.593201086089      0.577201875412      0.816601490949
    98     -8.817685131005      1.459152099294     -0.500128826133      0.865951013205
    99     -9.800677195595      1.275504063767     -0.982992064590     -0.183648035528
   100    -10.481833283176      0.543365836141     -0.681156087581     -0.732138227626
   101    -11.169599134740      1.269298431788     -0.687765851564      0.725932595647
   102    -10.314739176365      0.750439634457      0.854859958374     -0.518858797331
   103    -10.440272563041     -0.241649761127     -0.125533386676     -0.992089395584
   104    -10.505215391596      0.756239225193     -0.064942828555      0.997888986320
   105     -9.818501098094      0.029311801649      0.686714293502     -0.726927423544
   106    -10.519146119217      0.742821825668     -0.700645021123      0.713510024019
   107     -9.594543646809      0.361888408892      0.924602472408     -0.380933416776
   108    -10.128960831273      1.207109251601     -0.534417184464      0.845220842709
   109     -9.844699822956      0.248362319845      0.284261008317     -0.958746931756
   110    -10.238592173093     -0.670794259038     -0.393892350136     -0.919156578883
   111     -9.657592178612     -1.484697819918      0.580999994480     -0.813903560880
   112    -10.417842616575     -0.835067716261     -0.760250437963      0.649630103657
   113    -11.085797589277     -0.090866026903     -0.667954972702      0.744201689358
   114    -11.971361004127      0.373652474642     -0.885563414850      0.464518501546
   115    -11.154791847515      0.950900092628      0.816569156612      0.577247617985
   116    -11.667288882839      1.809589086842     -0.512497035323      0.858688994214
   117    -12.647367932134      1.610981289584     -0.980079049296     -0.198607797258
   118    -12.040189286840      2.405546637871      0.607178645295      0.794565348287
   119    -11.771247383127      3.368703038684      0.268941903712      0.963156400813
   120    -11.249065582510      2.515868841959      0.522181800617     -0.852834196725
   121    -11.233679728819      1.515987211211      0.015385853692     -0.999881630747
   122    -10.843323832805      2.436651251156      0.390355896013      0.920664039945
   123    -11.603818602616      1.787307193595     -0.760494769811     -0.649344057562
   124    -11.489639687681      0.793846990373      0.114178914935     -0.993460203221
   125    -11.666730090652      1.778041579454     -0.177090402971      0.984194589081
   126    -11.566519148444      2.773007793484      0.100210942208      0.994966214030
   127    -11.233439750880      3.715906576450      0.333079397564      0.942898782966
   128    -10.233954380738      3.683828626507      0.999485370142     -0.032077949943
   129     -9.284783206934      3.998588984272      0.949171173804      0.314760357764
   130    -10.113218553447      4.558673689159     -0.828435346513      0.560084704887
   131    -11.097435699698      4.735638682943     -0.984217146251      0.176964993784
   132    -10.115282776816      4.547554563271      0.982152922883     -0.188084119672
   133     -9.621521379875      5.417151989033      0.493761396941      0.869597425762
   134     -9.150513764815      4.535022845111      0.471007615060     -0.882129143921
   135    -10.088539425434      4.188457036037     -0.938025660619     -0.346565809075
   136    -10.186093189766      5.183687292341     -0.097553764332      0.995230256305
   137    -10.991581212992      5.776299344565     -0.805488023225      0.592612052223
   138    -10.446893083169      6.614938027926      0.544688129823      0.838638683361
   139     -9.746961386620      5.900728240703      0.699931696549     -0.714209787223
   140     -8.799469240875      5.580949201752      0.947492145745     -0.319779038951
   141     -7.802431959692      5.657869029703      0.997037281183      0.076919827951
   142     -7.044638763549      5.005374223686      0.757793196143     -0.652494806017
   143     -6.612172502794      5.907024340587      0.432466260756      0.901650116901
   144     -5.707851356490      6.333877083753      0.904321146303      0.426852743166
   145     -6.470575909300      5.687153606106     -0.762724552810     -0.646723477647
   146     -6.812906831805      6.626733054315     -0.342330922504      0.939579448209
   147     -6.098602298374      5.926898049817      0.714304533431     -0.699835004498
   148     -5.163757226976      6.281953950320      0.934845071399      0.355055900503
   149     -6.054079853419      5.826623717585     -0.890322626444     -0.455330232735
   150     -6.083135401073      6.826201516033     -0.029055547654      0.999577798448
   151     -5.786195810896      5.871305249528      0.296939590176     -0.954896266505
   152     -6.548866032216      6.518092798505     -0.762670221320      0.646787548977
   153     -6.444607276813      5.523542592672      0.104258755404     -0.994550205833
   154     -6.331023143779      6.517070974110      0.113584133033      0.993528381438
   155     -6.648034524651      7.465492707517     -0.317011380871      0.948421733407
   156     -6.230971650307      6.556615070624      0.417062874344     -0.908877636893
   157     -7.212543201665      6.747710045869     -0.981571551358      0.191094975245
   158     -6.492860987442      6.053406430344      0.719682214223     -0.694303615525
   159     -6.136657970660      5.118997841538      0.356203016782     -0.934408588806
   160     -7.009350372349      5.607268229779     -0.872692401689      0.488270388241
   161     -7.885876965457      5.125914792505     -0.876526593107     -0.481353437274
   162     -8.545714310915      5.877323255020     -0.659837345458      0.751408462515
   163     -9.271174231214      5.189058840685     -0.725459920300     -0.688264414334
   164     -9.753016443912      4.312800840971     -0.481842212697     -0.876257999714
   165    -10.011966098085      3.346910020742     -0.258949654174     -0.965890820229
   166    -10.377333189969      4.277773538218     -0.365367091884      0.930863517476
   167    -11.312058764139      3.922403166645     -0.934725574170     -0.355370371574
   168    -12.247340559488      4.276307056550     -0.935281795349      0.353903889905
   169    -13.145200457534      3.836025778864     -0.897859898046     -0.440281277685
   170    -12.205711854786      4.178605937814      0.939488602748      0.342580158950
   171    -13.132598841337      4.553946468749     -0.926886986551      0.375340530935
   172    -13.954210219131      5.123994487673     -0.821611377794      0.570048018924
   173    -14.810736002383      4.607890251471     -0.856525783252     -0.516104236202
   174    -13.944826368104      5.108090716549      0.865909634278      0.500200465078
   175    -14.843758606433      5.546178414270     -0.898932238328      0.438087697721
   176    -14.121953117247      4.854082441314      0.721805489186     -0.692095972955
   177    -13.578586787030      5.693578141831      0.543366330217      0.839495700517
   178    -12.691633047052      5.231719870129      0.886953739978     -0.461858271702
   179    -13.576084659088      4.765087953125     -0.884451612036     -0.466631917004
   180    -13.428692376520      3.776009839405      0.147392282568     -0.989078113720
   181    -14.424852121075      3.688455494408     -0.996159744555     -0.087554344998
   182    -14.835117934004      2.776489506696     -0.410265812928     -0.911965987711
   183    -14.703888919347      1.785137427104      0.131229014657     -0.991352079592
   184    -14.219673169899      0.910188795476      0.484215749447     -0.874948631628
   185    -13.533027046437      1.637180611891      0.686646123462      0.726991816415
   186    -12.988220802881      2.475742569639      0.544806243557      0.838561957748
   187    -12.341140475057      1.713320738010      0.647080327823     -0.762421831629
   188    -13.210836779539      2.206907952159     -0.869696304482      0.493587214149
   189    -12.356886855517      1.686552758793      0.853949924022     -0.520355193366
   190    -13.123490646882      1.044432344022     -0.766603791364     -0.642120414771
   191    -12.257623782088      0.544157846918      0.865866864794     -0.500274497103
   192    -12.845814193851      1.352880320645     -0.588190411763      0.808722473726
   193    -13.845764056646      1.362893906189     -0.999949862795      0.010013585544
   194    -13.534367727537      0.412613775797      0.311396329109     -0.950280130392
   195    -13.613501506590      1.409477781072     -0.079133779053      0.996864005275
   196    -12.905704350252      2.115893512409      0.707797156338      0.706415731336
   197    -11.946350113491      1.833688890884      0.959354236760     -0.282204621524
   198    -11.068956713233      1.353917256476      0.877393400259     -0.479771634408
   199    -11.493383898798      2.259379328654     -0.424427185565      0.905462072178
   200    -12.426693085969      2.618453083114     -0.933309187171      0.359073754460
   201    -11.750326456196      1.881887958954      0.676366629773     -0.736565124161
   202    -11.499872766569      2.850016539955      0.250453689628      0.968128581001
   203    -10.639230677556      3.359226903773      0.860642089013      0.509210363818
   204    -11.633955393033      3.461807313300     -0.994724715477      0.102580409527
   205    -10.637967185567      3.551291896261      0.995988207467      0.089484582961
   206    -11.317158433448      2.817330556133     -0.679191247881     -0.733961340128
   207    -10.406256209879      3.229952827826      0.910902223569      0.412622271693
   208    -11.159485117112      2.572194351401     -0.753228907233     -0.657758476425
   209    -11.863332967468      3.282545112327     -0.703847850357      0.710350760926
   210    -12.611090516379      3.946516985261     -0.747757548911      0.663971872934
   211    -11.710405611760      4.380989887282      0.900684904620      0.434472902021
   212    -11.232156864313      5.259214309377      0.478248747447      0.878224422096
   213    -12.021191610666      4.644865736459     -0.789034746353     -0.614348572919
   214    -12.759265154489      3.970145465600     -0.738073543824     -0.674720270858
   215    -13.428281955833      4.713392745797     -0.669016801343      0.743247280197
   216    -13.957706774188      5.561749605680     -0.529424818355      0.848356859883
   217    -13.083645070799      5.075934683441      0.874061703388     -0.485814922239
   218    -13.459932109997      6.002437821122     -0.376287039197      0.926503137681
   219    -14.121243195465      5.252326063957     -0.661311085468     -0.750111757165
   220    -13.546149386187      6.070413535154      0.575093809278      0.818087471197
   221    -12.924447933176      6.853667838253      0.621701453012      0.783254303099
   222    -12.187690269238      7.529824731755      0.736757663937      0.676156893502
   223    -12.886054719999      6.814082394099     -0.698364450761     -0.715742337656
   224    -11.886522537911      6.783497806992      0.999532182089     -0.030584587108
   225    -11.147709169649      6.109587718866      0.738813368262     -0.673910088126
   226    -11.630479198582      6.985334885098     -0.482770028933      0.875747166232
   227    -11.843000957674      7.962491219526     -0.212521759093      0.977156334428
   228    -12.548242211057      8.671458619713     -0.705241253382      0.708967400187
   229    -12.609157644402      9.669601550350     -0.060915433346      0.998142930637
   230    -13.598992329282      9.811824251099     -0.989834684880      0.142222700749
   231    -13.092007545397      8.949869247106      0.506984783885     -0.861955003993
   232    -13.696377959828      9.746572706469     -0.604370414431      0.796703459363
   233    -12.921430561026     10.378598440983      0.774947398803      0.632025734515
   234    -13.906074963038     10.553170493687     -0.984644402013      0.174572052704
   235    -13.612683206452      9.597178193944      0.293391756586     -0.955992299743
   236    -14.555353087689      9.930904871046     -0.942669881237      0.333726677101
   237    -14.339217362569      8.954541543013      0.216135725120     -0.976363328033
   238    -14.626350353290      9.912432270413     -0.287132990721      0.957890727400
   239    -15.345868967557      9.217959114904     -0.719518614267     -0.694473155510
   240    -15.772667026156      8.313612158711     -0.426798058599     -0.904346956193
   241    -15.077898157436      9.032845235715      0.694768868720      0.719233077004
   242    -14.096531715082      9.224990768635      0.981366442354      0.192145532920
   243    -14.779077824249      8.494148235075     -0.682546109167     -0.730842533561
   244    -15.699641737757      8.103556272604     -0.920563913508     -0.390591962471
   245    -14.761447947745      8.449666677509      0.938193790012      0.346110404905
   246    -14.320131367621      7.552315198930      0.441316580124     -0.897351478579
   247    -13.341120220701      7.756121906881      0.979011146920      0.203806707951
   248    -12.405848582137      8.110052637530      0.935271638564      0.353930730650
   249    -11.436834374420      8.357057627851      0.969014207717      0.247004990320
   250    -12.157759108788      9.050070995238     -0.720924734368      0.693013367387
   251    -11.427222158585      8.367197826642      0.730536950203     -0.682873168596
   252    -11.913115552643      9.241215909756     -0.485893394058      0.874018083114
   253    -11.210026487183      8.530114112521      0.703089065460     -0.711101797235
   254    -11.779066089002      7.707803993672     -0.569039601819     -0.822310118849
   255    -11.243491711179      6.863315932288      0.535574377823     -0.844488061384
   256    -12.043773223703      6.263691465883     -0.800281512524     -0.599624466405
   257    -12.264727073866      7.238975730135     -0.220953850162      0.975284264252
   258    -12.677535661071      6.328157927098     -0.412808587206     -0.910817803037
   259    -11.996655711124      7.060552966513      0.680879949947      0.732395039415
   260    -12.916842574200      7.452032387457     -0.920186863076      0.391479420944
   261    -11.963928572528      7.148791715022      0.952914001671     -0.303240672436
   262    -11.340971233845      6.366535903807      0.622957338684     -0.782255811215
   263    -10.398450719717      6.032387612702      0.942520514128     -0.334148291104
   264     -9.527479637050      5.541053334274      0.870971082667     -0.491334278428
   265     -8.534962588491      5.418947198803      0.992517048559     -0.122106135471
   266     -9.212001733881      4.683000192824     -0.677039145390     -0.735947005979
   267     -8.212194833657      4.702651204642      0.999806900223      0.019651011818
   268     -9.184418479149      4.468597400684     -0.972223645491     -0.234053803958
   269     -8.567211831548      5.255398490005      0.617206647601      0.786801089322
   270     -9.298256940519      5.937727625137     -0.731045108971      0.682329135132
   271     -8.637871616010      5.186800715796      0.660385324509     -0.750926909342
   272     -8.521626809704      4.193580123477      0.116244806306     -0.993220592319
   273     -9.486028399826      4.458022126515     -0.964401590121      0.264442003039
   274     -8.953010936988      3.611917886891      0.533017462838     -0.846104239624
   275     -9.952611028047      3.640196110933     -0.999600091059      0.028278224042
   276     -9.384368425232      2.817335038609      0.568242602815     -0.822861072324
   277    -10.382844592434      2.872519669883     -0.998476167202      0.055184631275
   278    -10.019846342878      1.940729848723      0.362998249557     -0.931789821161
   279     -9.346344886695      2.679915744503      0.673501456182      0.739185895780
   280     -9.219621151756      1.687977694520      0.126723734939     -0.991938049983
   281     -8.250379155262      1.441868059943      0.969241996494     -0.246109634577
   282     -8.952805830028      2.153624174478     -0.702426674766      0.711756114535
   283     -7.976787030089      1.935937927402      0.976018799939     -0.217686247075
   284     -8.868177365310      2.389174367105     -0.891390335221      0.453236439703
   285     -9.776986825281      2.806385782897     -0.908809459971      0.417211415792
   286    -10.488973748424      2.104193059157     -0.711986923143     -0.702192723740
   287     -9.620871474236      2.600578435200      0.868102274188      0.496385376043
   288     -9.858792909454      1.629294032636     -0.237921435218     -0.971284402564
   289     -9.165451307728      0.908684968500      0.693341601726     -0.720609064136
   290     -8.524900614254      1.676600855228      0.640550693474      0.767915886729
   291     -9.288603019076      1.031032394978     -0.763702404822     -0.645568460250
   292    -10.016408721367      1.716815786227     -0.727805702291      0.685783391249
   293    -10.189728790485      2.701681337275     -0.173320069118      0.984865551048
   294    -10.687519218454      1.834383989290     -0.497790427969     -0.867297347985
   295    -11.297194977019      1.041733076580     -0.609675758565     -0.792650912709
   296    -10.724097101285      1.861220004377      0.573097875734      0.819486927797
   297     -9.785314367234      1.516710239279      0.938782734051     -0.344509765098
   298     -9.987347980221      2.496088827581     -0.202033612987      0.979378588301
   299    -10.979638275779      2.620024170968     -0.992290295559      0.123935343387
   300    -10.766646499402      1.642970179013      0.212991776377     -0.977053991955
   301    -11.672693870825      1.219793902813     -0.906047371423     -0.423176276200
   302    -12.484662099547      1.803495535109     -0.811968228722      0.583701632296
   303    -11.566197999935      1.407991176443      0.918464099612     -0.395504358666
   304    -12.076661184975      2.267890784955     -0.510463185040      0.859899608512
   305    -12.693201008394      3.055214508806     -0.616539823419      0.787323723851
   306    -11.714133177776      3.258748739462      0.979067830618      0.203534230656
   307    -11.051820103771      4.007975935979      0.662313074005      0.749227196518
   308    -12.033894442461      3.819481922054     -0.982074338691     -0.188494013925
   309    -12.262697136491      2.846009104147     -0.228802694030     -0.973472817908
   310    -11.382193102328      2.371970449792      0.880504034163     -0.474038654355
   311    -12.332709781586      2.682643980129     -0.950516679258      0.310673530337
   312    -12.588275710626      1.715852350090     -0.255565929041     -0.966791630039
   313    -11.755608108512      1.162079233742      0.832667602114     -0.553773116347
   314    -10.817628531870      0.815388717861      0.937979576642     -0.346690515881
   315    -10.122129258242      1.533915516514      0.695499273628      0.718526798653
   316    -10.817556129705      2.252512389905     -0.695426871463      0.718596873391
   317    -10.518569665743      1.298255037632      0.298986463962     -0.954257352273
   318     -9.605458237936      1.705965131214      0.913111427807      0.407710093581
   319    -10.410417292199      2.299295495311     -0.804959054263      0.593330364097
   320    -11.296439067805      2.762939122629     -0.886021775606      0.463643627317
   321    -11.486824104041      1.781229624876     -0.190385036237     -0.981709497752
   322    -11.354033604405      2.772373753248      0.132790499637      0.991144128372
   323    -11.933512055870      3.587361314066     -0.579478451465      0.814987560818
   324    -12.515088267931      2.773869390588     -0.581576212062     -0.813491923478
   325    -11.517734383313      2.701169811241      0.997353884618     -0.072699579347
   326    -10.838669115827      1.967091911769      0.679065267487     -0.734077899472
   327    -10.627709836764      2.944586762178      0.210959279062      0.977494850410
   328    -10.821842663812      1.963611509961     -0.194132827047     -0.980975252217
   329    -10.003622023050      2.538515835072      0.818220640762      0.574904325111
   330     -9.437847636507      3.363075925989      0.565774386543      0.824560090916
   331     -9.968518840958      2.515498158013     -0.530671204451     -0.847577767976
   332     -9.058117192063      2.929223716433      0.910401648895      0.413725558420
   333    -10.052703511216      3.033137400583     -0.994586319153      0.103913684150
   334     -9.068920583505      2.853774218342      0.983782927711     -0.179363182241
   335     -8.521512027448      2.016908713762      0.547408556057     -0.836865504580
   336     -7.602529293895      1.622610938684      0.918982733553     -0.394297775078
   337     -6.779543707616      1.054548684369      0.822985586279     -0.568062254315
   338     -6.192855776683      0.244735575252      0.586687930933     -0.809813109117
   339     -6.211010933798      1.244570756805     -0.018155157115      0.999835181553
   340     -5.303484132396      0.824576584538      0.907526801402     -0.419994172267
   341     -4.315634693379      0.979990502296      0.987849439017      0.155413917758
   342     -3.789879683344      0.129354464132      0.525755010035     -0.850636038164
   343     -4.774926387276      0.301641988560     -0.985046703932      0.172287524428
   344     -4.031419154014     -0.367085903850      0.743507233262     -0.668727892410
   345     -3.046367688803     -0.194825604054      0.985051465211      0.172260299796
   346     -3.899033051246      0.327631838892     -0.852665362443      0.522457442946
   347     -4.394186784922      1.196437214121     -0.495153733676      0.868805375229
   348     -3.610431417587      1.817506875411      0.783755367335      0.621069661290
   349     -4.188992234467      2.633146122365     -0.578560816880      0.815639246954
   350     -5.127357612925      2.978791050738     -0.938365378459      0.345644928374
   351     -4.290864455201      3.526768419869      0.836493157725      0.547977369131
   352     -4.808925464332      4.382112088121     -0.518061009131      0.855343668252
   353     -4.594104844885      5.358765609827      0.214820619447      0.976653521706
   354     -4.780297773712      6.341278812413     -0.186192928827      0.982513202586
   355     -5.554684057847      6.973991925081     -0.774386284136      0.632713112668
   356     -4.718324119444      7.522172600983      0.836359938404      0.548180675903
   357     -4.645149894821      8.519491773992      0.073174224623      0.997319173009
   358     -3.686153848503      8.802911221362      0.958996046318      0.283419447370
   359     -4.595870620658      9.218140548915     -0.909716772155      0.415229327553
   360     -5.262871969455      8.473084040518     -0.667001348796     -0.745056508396
   361     -4.357015700062      8.896669237617      0.905856269393      0.423585197099
   362     -3.545064440908      9.480394475001      0.811951259154      0.583725237384
   363     -2.921787642745      8.698393175213      0.623276798163     -0.782001299789
   364     -3.565227996159      9.463889427064     -0.643440353414      0.765496251851
   365     -3.455357194546     10.457835304339      0.109870801612      0.993945877276
   366     -4.101219913913      9.694381738147     -0.645862719366     -0.763453566193
   367     -4.411904028263     10.644894957986     -0.310684114350      0.950513219840
   368     -3.742755649790      9.901766134977      0.669148378473     -0.743128823009
   369     -4.539224043890     10.506446296054     -0.796468394100      0.604680161077
   370     -5.389733561569      9.980486639485     -0.850509517679     -0.525959656569
   371     -4.398925122940     10.115759097669      0.990808438628      0.135272458184
   372     -5.061496201778     10.864758140050     -0.662571078838      0.748999042381
   373     -5.522369927580     11.752223862692     -0.460873725802      0.887465722643
   374     -4.776403726714     11.086240058711      0.745966200866     -0.665983803981
   375     -4.324788834428     11.978453031642      0.451614892286      0.892212972931
   376     -3.683447833273     11.211197063769      0.641341001156     -0.767255967873
   377     -4.616287732395     10.850905900119     -0.932839899123     -0.360291163650
   378     -5.592706523490     11.066790925995     -0.976418791095      0.215885025876
   379     -4.638595494127     10.767337851795      0.954111029363     -0.299453074199
   380     -4.928619217034     11.724357308312     -0.290023722907      0.957019456516
   381     -4.310053732143     12.510090558786      0.618565484891      0.785733250474
   382     -3.978801861368     11.566548191901      0.331251870775     -0.943542366886
   383     -4.932039444389     11.868770147284     -0.953237583021      0.302221955383
   384     -5.674011037538     12.539201467376     -0.741971593149      0.670431320092
   385     -6.360073662873     13.266743956938     -0.686062625335      0.727542489562
   386     -5.360493851114     13.237757754616      0.999579811758     -0.028986202322
   387     -5.581588033195     12.262505293634     -0.221094182080     -0.975252460981
   388     -4.852429765314     11.578160190356      0.729158267880     -0.684345103279
   389     -3.855078255020     11.505428045372      0.997351510294     -0.072732144983
   390     -3.615398716111     10.534575987318      0.239679538909     -0.970852058054
   391     -3.961595870599     11.472737769861     -0.346197154488      0.938161782543
   392     -3.322811034977     12.242123195886      0.638784835622      0.769385426025
   393     -2.404034727558     11.847344654264      0.918776307419     -0.394778541622
   394     -3.083985728636     11.114087103240     -0.679951001078     -0.733257551024
   395     -2.087882838213     11.025888284136      0.996102890423     -0.088198819103
   396     -1.750897312884     10.084378456403      0.336985525329     -0.941509827733
   397     -1.704692080173     11.083310424292      0.046205232711      0.998931967889
   398     -2.644231015682     11.425752519633     -0.939538935509      0.342442095341
   399     -3.614528754608     11.667666342791     -0.970297738926      0.241913823158
   400     -4.604331841718     11.810108782914     -0.989803087110      0.142442440122
   401     -5.465002844160     12.319270275522     -0.860671002442      0.509161492608
   402     -4.519101986719     12.643726078201      0.945900857441      0.324455802679
   403     -5.282273945486     13.289921529555     -0.763171958767      0.646195451354
   404     -4.468305523911     12.709012406991      0.813968421575     -0.580909122564
   405     -3.828229039298     13.477323602956      0.640076484613      0.768311195965
   406     -4.354107994514     14.327883021493     -0.525878955216      0.850559418536
   407     -3.489060096565     14.829572302078      0.865047897949      0.501689280585
   408     -3.983301568288     15.698896963886     -0.494241471723      0.869324661809
   409     -3.039716016536     15.367768127139      0.943585551752     -0.331128836747
   410     -2.280417094675     16.018510124601      0.759298921861      0.650741997462
   411     -2.419871836800     17.008738570415     -0.139454742125      0.990228445814
   412     -3.244864736597     17.573881663167     -0.824992899797      0.565143092752
   413     -3.643328697736     16.656697673079     -0.398463961139     -0.917183990088
   414     -4.338131337348     17.375898126352     -0.694802639612      0.719200453273
   415     -5.063530148631     16.687569306246     -0.725398811284     -0.688328820106
   416     -4.604602500060     15.799095663769      0.458927648571     -0.888473642477
   417     -5.240356474841     15.027203907399     -0.635753974780     -0.771891756369
   418     -4.263125945128     14.815023578911      0.977230529713     -0.212180328489
   419     -5.027328705194     14.170047500666     -0.764202760066     -0.644976078245
   420     -5.718759637127     14.892490070263     -0.691430931933      0.722442569597
   421     -6.409725764900     14.169602935040     -0.690966127773     -0.722887135223
   422     -7.216353222684     14.760663121780     -0.806627457784      0.591060186740
   423     -6.481537650315     15.438930085889      0.734815572370      0.678266964110
   424     -7.163226349096     16.170572428810     -0.681688698781      0.731642342920
   425     -6.594251919739     16.992927643262      0.568974429357      0.822355214453
   426     -5.922635359286     16.252028732664      0.671616560453     -0.740898910598
   427     -5.447208207026     17.131783825229      0.475427152260      0.879755092565
   428     -4.561868995522     16.666838150366      0.885339211504     -0.464945674863
   429     -3.683568429635     16.188729254860      0.878300565887     -0.478108895506
   430     -2.821750371464     15.681511713156      0.861818058170     -0.507217541703
   431     -2.403225361460     14.773306441204      0.418525010004     -0.908205271952
   432     -1.601875914518     15.371502950627      0.801349446942      0.598196509422
   433     -1.056990853579     16.210013696155      0.544885060939      0.838510745528
   434     -2.034495201486     16.420928963081     -0.977504347907      0.210915266926
   435     -2.516596231711     17.297044592810     -0.482101030225      0.876115629729
   436     -3.413234148264     16.854280042964     -0.896637916552     -0.442764549846
   437     -2.525931024114     17.315466736044      0.887303124149      0.461186693081
   438     -2.302926436481     16.340649340890      0.223004587633     -0.974817395154
   439     -3.043775196275     15.668977460348     -0.740848759794     -0.671671880542
   440     -2.223272847204     15.097334306652      0.820502349072     -0.571643153697
   441     -1.600159705039     14.315202596476      0.623113142164     -0.782131710175
   442     -1.205591662203     13.396335870791      0.394568042836     -0.918866725686
   443     -2.132495364288     13.021036620776     -0.926903702085     -0.375299250015
   444     -2.675149038260     12.181080080160     -0.542653673972     -0.839956540616
   445     -3.674128835717     12.135920759151     -0.998979797456     -0.045159321009
   446     -4.275822076104     12.934648024537     -0.601693240387      0.798727265387
   447     -5.271593349317     12.842780884360     -0.995771273213     -0.091867140178
   448     -4.719537978049     13.676588336386      0.552055371268      0.833807452026
   449     -3.789618432428     13.308825316667      0.929919545621     -0.367763019718
   450     -3.269364146363     12.454813912861      0.520254286065     -0.854011403806
   451     -2.334821449442     12.098962893988      0.934542696920     -0.355851018873
   452     -2.321561557601     11.099050810218      0.013259891841     -0.999912083770
   453     -1.404346792017     11.497443924861      0.917214765584      0.398393114643
   454     -1.715440847668     10.547064796019     -0.311094055651     -0.950379128842
   455     -2.399069491279     11.276894829407     -0.683628643611      0.729830033388
   456     -3.016406883215     10.490196320118     -0.617337391936     -0.786698509289
   457     -2.089698653559     10.865977981576      0.926708229656      0.375781661458
   458     -1.183184448338     11.288153295555      0.906514205221      0.422175313979
   459     -2.144507149514     11.012728779207     -0.961322701175     -0.275424516347
   460     -1.890685218494     11.979979743194      0.253821931020      0.967250963987
   461     -2.851033723073     11.701177394293     -0.960348504579     -0.278802348901
   462     -1.999577686848     11.176751404876      0.851456036225     -0.524425989417
   463     -2.955658484829     10.883648167547     -0.956080797981     -0.293103237328
   464     -2.403590299467     10.049849199743      0.552068185362     -0.833798967804
   465     -1.707138238160      9.332245878749      0.696452061307     -0.717603320994
   466     -2.550497641841      8.794895977638     -0.843359403680     -0.537349901111
   467     -3.256804427757      8.086990105245     -0.706306785917     -0.707905872393
   468     -3.937814260524      7.354715834446     -0.681009832767     -0.732274270799
   469     -2.939815135454      7.417943568534      0.997999125071      0.063227734088
   470     -2.277003714854      6.669157203325      0.662811420599     -0.748786365209
   471     -1.319894319276      6.958883979608      0.957109395578      0.289726776284
   472     -0.612841316051      7.666044534667      0.707053003225      0.707160555059
   473     -0.175358985193      8.565271541705      0.437482330858      0.899227007038
   474     -0.843522000434      9.309286450873     -0.668163015241      0.744014909168
   475     -1.538513674501     10.028304234365     -0.694991674067      0.719017783492
   476     -0.625072422196      9.621333622911      0.913441252305     -0.406970611454
   477     -1.580710608679      9.915876754788     -0.955638186483      0.294543131876
   478     -2.491710100240     10.328284230926     -0.910999491561      0.412407476138
   479     -2.214758519066      9.367400355692      0.276951581174     -0.960883875234
   480     -3.164218484976      9.053512201833     -0.949459965910     -0.313888153859
   481     -3.904423228987      9.725893743031     -0.740204744011      0.672381541198
   482     -3.094023704945     10.311771385062      0.810399524042      0.585877642031
   483     -2.110057686053     10.490127415705      0.983966018891      0.178356030643
   484     -3.044279250287     10.846820657749     -0.934221564234      0.356693242044
   485     -3.425750008962      9.922439751263     -0.381470758675     -0.924380906486
   486     -4.082620450644      9.168436287847     -0.656870441683     -0.754003463416
   487     -3.093409606619      9.314935113991      0.989210844026      0.146498826144
   488     -2.983932548340     10.308924436725      0.109477058279      0.993989322735
   489     -2.221568158162     10.956072438800      0.762364390178      0.647148002075
   490     -2.643451674794     11.862722480654     -0.421883516632      0.906650041854
   491     -2.130186211319     11.004492579052      0.513265463475     -0.858229901602
   492     -1.846172582353     10.045672335961      0.284013628966     -0.958820243091
   493     -1.594113885805      9.077960388378      0.252058696548     -0.967711947583
   494     -2.589903496787      9.169628543484     -0.995789610982      0.091668155106
   495     -3.520656256343      8.803979393918     -0.930752759556     -0.365649149566
   496     -3.160196130648      7.871204770665      0.360460125695     -0.932774623253
   497     -4.120651316792      8.149639386703     -0.960455186145      0.278434616038
   498     -3.549350628096      7.328898548743      0.571300688696     -0.820740837960
   499     -2.904981025814      8.093612753956      0.644369602282      0.764714205213
   500     -2.449051847683      7.203596695377      0.455929178131     -0.890016058579
   501     -3.205012379347      7.858213892345     -0.755960531664      0.654617196968
   502     -2.525076740923      7.124942095805      0.679935638424     -0.733271796540
   503     -3.137057315748      6.334069301965     -0.611980574825     -0.790872793840
   504     -2.246867868780      6.789659851152      0.890189446967      0.455590549186
   505     -2.880336550755      6.015891520863     -0.633468681975     -0.773768330288
   506     -3.699051980445      6.590091002914     -0.818715429690      0.574199482050
   507     -3.192650941591      7.452389088176      0.506401038854      0.862298085263
   508     -2.194297267640      7.395031074713      0.998353673951     -0.057358013463
   509     -3.020049748134      6.830998415235     -0.825752480494     -0.564032659478
   510     -3.956105571210      7.182849940862     -0.936055823076      0.351851525627
   511     -3.930101640555      8.182511781482      0.026003930655      0.999661840619
   512     -3.417086638631      7.324132140646      0.513015001924     -0.858379640836
   513     -3.123026558450      8.279919077805      0.294060080181      0.955786937159
   514     -3.814355897500      9.002458865616     -0.691329339050      0.722539787811
   515     -4.785307852746      8.763184335830     -0.970951955246     -0.239274529785
   516     -5.241369542424      7.873236171493     -0.456061689678     -0.889948164338
   517     -4.507462716027      7.193986018627      0.733906826397     -0.679250152866
   518     -3.528104136424      7.396116601562      0.979358579603      0.202130582935
   519     -2.921506787712      6.601107383669      0.606597348712     -0.795009217894
   520     -3.091218629796      7.586601113054     -0.169711842084      0.985493729385
   521     -2.233886625434      7.071837250398      0.857332004362     -0.514763862656
   522     -2.413062966349      8.055654224665     -0.179176340916      0.983816974267
   523     -3.396731586515      7.875665209166     -0.983668620166     -0.179989015499
   524     -2.476197998654      8.266328636707      0.920533587862      0.390663427541
   525     -2.165249541963      7.315901860316      0.310948456691     -0.950426776391
   526     -3.164697035051      7.282664704021     -0.999447493089     -0.033237156295
   527     -3.611116936544      6.387841106014     -0.446419901493     -0.894823598008
   528     -3.164869826239      7.282750887245      0.446247110305      0.894909781232
   529     -2.672946562670      8.153389447591      0.491923263569      0.870638560345
   530     -3.373167647429      7.439463378267     -0.700221084759     -0.713926069323
   531     -4.291614361444      7.043918648160     -0.918446714015     -0.395544730107
   532     -3.906495479523      7.966785619499      0.385118881920      0.922866971339
   533     -4.626209497669      8.661056267075     -0.719714018146      0.694270647575
   534     -3.763441827358      8.155455686511      0.862767670311     -0.505600580564
   535     -4.732837803188      7.909953258731     -0.969395975829     -0.245502427780
   536     -4.950020682682      6.933822326501     -0.217182879494     -0.976130932229
   537     -5.845029083330      6.487773043609     -0.895008400649     -0.446049282892
   538     -6.253206916024      7.400675479195     -0.408177832694      0.912902435585
   539     -5.265055316778      7.247194480667      0.988151599245     -0.153480998527
   540     -4.551668722522      6.546423785550      0.713386594256     -0.700770695118
   541     -5.032180578084      7.423412016180     -0.480511855562      0.876988230631
   542     -4.430131351812      8.221870987665      0.602049226272      0.798458971485
   543     -4.992943763777      9.048455640885     -0.562812411965      0.826584653220
   544     -4.035265615013      8.760614428790      0.957678148764     -0.287841212095
   545     -4.779201707106      8.092363659331     -0.743936092092     -0.668250769459
   546     -4.376069935266      7.177221717044      0.403131771840     -0.915141942287
   547     -3.635654706371      7.849371468826      0.740415228894      0.672149751783
   548     -4.335429655615      8.563734836036     -0.699774949244      0.714363367209
   549     -3.341440008575      8.673208949769      0.993989647040      0.109474113733
   550     -4.008794945531      9.417948762133     -0.667354936956      0.744739812364
   551     -3.022668856308      9.583946762584      0.986126089223      0.165998000451
   552     -2.367062934899      8.828843540625      0.655605921409     -0.755103221959
   553     -3.298428951552      9.192927793268     -0.931366016654      0.364084252643
   554     -2.562217842332      9.869679743882      0.736211109221      0.676751950614
   555     -1.983412942328     10.685145799418      0.578804900004      0.815466055536
   556     -2.577024699836      9.880394234432     -0.593611757508     -0.804751564987
   557     -2.806391061988      8.907054071943     -0.229366362152     -0.973340162488
   558     -1.809430660910      8.829144132384      0.996960401078     -0.077909939559
   559     -0.809887228790      8.859358819321      0.999543432120      0.030214686937
   560     -1.506034328416      9.577257987508     -0.696147099626      0.717899168187
   561     -0.680971212974     10.142298566172      0.825063115442      0.565040578665
   562     -1.097507337455     11.051417731630     -0.416536124481      0.909119165458
   563     -0.220597481756     11.532072602590      0.876909855699      0.480654870960
   564      0.441353262818     10.782525264687      0.661950744574     -0.749547337903
   565      0.624894775413     11.765537224510      0.183541512595      0.983011959823
   566      1.363803342241     11.091731518191      0.738908566829     -0.673805706318
   567      1.109141211956     12.058761610483     -0.254662130285      0.967030092292
   568      0.946309506514     13.045415468583     -0.162831705442      0.986653858100
   569      0.725979160101     14.020840780152     -0.220330346413      0.975425311569
   570     -0.008136958346     13.341816830179     -0.734116118447     -0.679023949973
   571     -0.439460071083     14.244014354239     -0.431323112737      0.902197524059
   572     -0.209933521800     13.270711953556      0.229526549283     -0.973302400683
   573     -0.858823233203     12.509829477456     -0.648889711402     -0.760882476100
   574     -1.635981839786     11.880524702157     -0.777158606583     -0.629304775299
   575     -2.563589905019     11.506969783419     -0.927608065234     -0.373554918738
   576     -2.134333416276     12.410152415488      0.429256488743      0.903182632069
   577     -2.944418465790     12.996464800275     -0.810085049514      0.586312384787
   578     -2.363283111841     13.810271718647      0.581135353949      0.813806918372
   579     -1.496450704764     13.311672101679      0.866832407077     -0.498599616969
   580     -0.611805437665     12.845407422124      0.884645267098     -0.466264679555
   581      0.014615210609     12.065922225718      0.626420648274     -0.779485196406
   582     -0.748167020032     12.712577673865     -0.762782230641      0.646655448147
   583     -1.747177603893     12.757050736879     -0.999010583861      0.044473063014
   584     -0.849130499311     13.196950041212      0.898047104581      0.439899304333
   585     -0.363783270087     14.071271530759      0.485347229225      0.874321489547
   586     -0.979877134224     13.283598787437     -0.616093864137     -0.787672743322
   587     -0.000950749009     13.079385339472      0.978926385215     -0.204213447966
   588      0.992274637802     13.195589173289      0.993225386811      0.116203833817
   589      1.226306609258     14.167818074493      0.234031971456      0.972228901204
   590      1.908569227879     13.436710887253      0.682262618620     -0.731107187239
   591      2.069796972827     14.423628114917      0.161227744948      0.986917227664
   592      1.611857791153     15.312611638886     -0.457939181674      0.888983523969
   593      2.581323763444     15.557837511441      0.969465972291      0.245225872555
   594      2.003228020233     14.741868571051     -0.578095743211     -0.815968940390
   595      1.648701608989     15.676914571914     -0.354526411243      0.935046000864
   596      0.764432406518     16.143892063407     -0.884269202471      0.466977491493
   597      1.633039873799     16.639392888619      0.868607467280      0.495500825211
   598      0.982096623818     15.880266492487     -0.650943249981     -0.759126396132
   599      1.041315558270     14.882021473565      0.059218934453     -0.998245018922
   600      0.198612382149     15.420399924987     -0.842703176121      0.538378451422
   601     -0.191540076310     14.499649655284     -0.390152458459     -0.920750269703
   602      0.600986699709     13.889812538266      0.792526776019     -0.609837117019
   603      0.681710408502     14.886549054522      0.080723708793      0.996736516256
   604     -0.123428383148     15.479635495254     -0.805138791650      0.593086440732
   605      0.058842965750     16.462883762667      0.182271348899      0.983248267413
   606     -0.834619518915     16.912021590616     -0.893462484666      0.449137827949
   607      0.163139297089     16.845108624120      0.997758816005     -0.066912966496
   608      1.123810743645     16.567421080699      0.960671446556     -0.277687543421
   609      1.695802084389     17.387680738438      0.571991340743      0.820259657739
   610      0.932958145403     18.034263389576     -0.762843938986      0.646582651138
   611      0.013939737614     17.640048770181     -0.919018407789     -0.394214619395
   612     -0.859009251913     17.152237267976     -0.872948989527     -0.487811502206
   613     -0.787335215417     16.154809159041      0.071674036495     -0.997428108934
   614     -1.290771678755     15.290776910000     -0.503436463337     -0.864032249041
   615     -1.238887858619     16.289430037572      0.051883820136      0.998653127571
   616     -2.228260772375     16.434830304163     -0.989372913757      0.145400266591
   617     -2.766410690623     17.277679439827     -0.538149918248      0.842849135664
   618     -3.673754158089     17.698069534913     -0.907343467466      0.420390095086
   619     -4.332367011409     18.450551501104     -0.658612853319      0.752481966191
   620     -3.426461345688     18.874031045847      0.905905665720      0.423479544743
   621     -4.368672907109     18.539012578409     -0.942211561421     -0.335018467438
   622     -4.128871128788     19.509834450389      0.239801778321      0.970821871980
   623     -4.179752447979     18.511129743602     -0.050881319190     -0.998704706786
   624     -5.015071256117     17.961363894562     -0.835318808138     -0.549765849040
   625     -4.847335223884     18.947195839414      0.167736032233      0.985831944852
   626     -3.853779450309     19.060540114942      0.993555773575      0.113344275528
   627     -3.679890677064     18.075774815726      0.173888773245     -0.984765299216
   628     -3.492541678747     17.093481400891      0.187348998317     -0.982293414836
   629     -2.742698730567     16.431865535706      0.749842948180     -0.661615865185
   630     -3.568014464429     16.996537068049     -0.825315733862      0.564671532343
   631     -4.320641018126     17.654984689862     -0.752626553696      0.658447621813
   632     -5.312959722174     17.531277011862     -0.992318704048     -0.123707678000
   633     -6.209818493149     17.088959993282     -0.896858770975     -0.442317018580
   634     -6.818667375792     17.882246220380     -0.608848882644      0.793286227098
   635     -7.432651268479     18.671564774274     -0.613983892687      0.789318553894
   636     -8.144382613964     17.969113002367     -0.711731345485     -0.702451771906
   637     -8.999463743097     17.450618776169     -0.855081129133     -0.518494226198
   638     -8.106932690854     16.999632833170      0.892531052242     -0.450985942999
   639     -8.995115198564     17.459123674209     -0.888182507710      0.459490841039
   640     -8.234799572683     18.108677481865      0.760315625881      0.649553807657
   641     -9.151263043173     18.508795848425     -0.916463470490      0.400118366559
   642     -8.287301803033     19.012354162362      0.863961240140      0.503558313937
   643     -7.877135647179     18.100343348505      0.410166155854     -0.912010813857
   644     -7.741069565096     19.091043111958      0.136066082083      0.990699763453
   645     -7.291910693406     19.984495017761      0.449158871690      0.893451905803
   646     -8.189180869775     20.425976875372     -0.897270176368      0.441481857611
   647     -7.397512070037     19.815026376950      0.791668799738     -0.610950498422
   648     -6.411074000986     19.650892480612      0.986438069051     -0.164133896338
   649     -5.880833464290     18.803045222408      0.530240536696     -0.847847258204
   650     -6.880547986652     18.826938187490     -0.999714522361      0.023892965082
   651     -5.885344055803     18.729116226640      0.995203930848     -0.097821960850
   652     -6.542941363435     17.975746608859     -0.657597307632     -0.753369617781
   653     -5.739136496941     18.570639655213      0.803804866494      0.594893046354
   654     -6.576134446752     18.023433631843     -0.836997949811     -0.547206023370
   655     -7.575412692807     18.061420300054     -0.999278246055      0.037986668211
   656     -8.155483899882     18.875986070709     -0.580071207075      0.814565770655
   657     -8.617663796660     17.989199882829     -0.462179896778     -0.886786187880
   658     -9.570627230779     17.686114592469     -0.952963434119     -0.303085290360
   659     -9.556036302519     18.686008139210      0.014590928259      0.999893546740
   660    -10.248470718077     17.964527314689     -0.692434415558     -0.721480824521
   661     -9.464041876516     17.344308488365      0.784428841561     -0.620218826324
   662     -8.505563574352     17.629473956611      0.958478302164      0.285165468247
   663     -8.427795599529     18.626445441706      0.077767974823      0.996971485095
   664     -7.885693196268     19.466757874304      0.542102403261      0.840312432598
   665     -6.906184547425     19.668159976679      0.979508648843      0.201402102375
   666     -6.339655972593     20.492202071417      0.566528574832      0.824042094737
   667     -7.300567462699     20.215346318031     -0.960911490106     -0.276855753386
   668     -7.435605816534     21.206186690136     -0.135038353835      0.990840372105
   669     -8.163966869047     21.891380222784     -0.728361052513      0.685193532648
   670     -7.319954989620     22.427704702353      0.844011879428      0.536324479569
   671     -8.319924188413     22.419856042299     -0.999969198793     -0.007848660054
   672     -8.144630612158     23.404372249440      0.175293576255      0.984516207141
   673     -7.455872714719     24.129363669193      0.688757897440      0.724991419752
   674     -7.389676162233     25.127170271916      0.066196552485      0.997806602724
   675     -6.664524619504     25.815759583536      0.725151542729      0.688589311620
   676     -6.801769606903     24.825222449738     -0.137244987399     -0.990537133799
   677     -5.952606493529     25.353353121906      0.849163113374      0.528130672168
   678     -5.545889285323     26.266907232262      0.406717208206      0.913554110357
   679     -6.004416561850     25.378226897901     -0.458527276527     -0.888680334362
   680     -5.210039259430     25.985651544586      0.794377302420      0.607424646685
   681     -5.670147697445     25.097788815744     -0.460108438015     -0.887862728842
   682     -6.627993534814     24.810506112060     -0.957845837368     -0.287282703684
   683     -7.437886497914     25.397083803692     -0.809892963100      0.586577691632
   684     -8.270860571226     24.843771782143     -0.832974073312     -0.553312021549
   685     -8.254073994282     23.843912686653      0.016786576944     -0.999859095490
   686     -7.401541526767     24.366586955995      0.852532467515      0.522674269342
   687     -6.540461648865     24.875056663916      0.861079877902      0.508469707921
   688     -5.789828455782     24.214337503120      0.750633193083     -0.660719160795
   689     -4.990724733315     24.815530684003      0.799103722467      0.601193180883
   690     -4.070793779619     24.423450283534      0.919930953696     -0.392080400469
   691     -3.555590789547     23.566382095453      0.515202990072     -0.857068188081
   692     -3.490652441861     24.564271373379      0.064938347686      0.997889277926
   693     -4.001816591752     25.423754480756     -0.511164149892      0.859483107376
   694     -3.228653152266     26.057961304940      0.773163439487      0.634206824184
   695     -2.735682426984     25.187915407291      0.492970725281     -0.870045897649
   696     -1.797051236930     24.842992968101      0.938631190055     -0.344922439190
   697     -1.333907586948     23.956709740526      0.463143649982     -0.886283227575
   698     -2.332600622526     23.905599852166     -0.998693035578     -0.051109888360
   699     -3.207908949301     23.422034620706     -0.875308326776     -0.483565231460
   700     -3.756418425173     22.585890282162     -0.548509475872     -0.836144338544
   701     -4.612727193334     22.069426059228     -0.856308768161     -0.516464222934
   702     -5.457712303065     22.604215891154     -0.844985109732      0.534789831927
   703     -6.092930659200     21.831883294387     -0.635218356135     -0.772332596767
   704     -6.759808605683     21.086716330213     -0.666877946482     -0.745166964173
   705     -6.046286641210     20.386083468998      0.713521964473     -0.700632861215
   706     -5.322354943578     21.075955121673      0.723931697632      0.689871652675
   707     -4.761648581153     21.903969840827      0.560706362425      0.828014719154
   708     -4.947035207303     20.921304181081     -0.185386626151     -0.982665659746
   709     -4.187673087839     21.571972431054      0.759362119464      0.650668249973
   710     -4.956986919070     20.933101372798     -0.769313831230     -0.638871058256
   711     -5.182720324772     21.907290486651     -0.225733405702      0.974189113853
   712     -5.859494835767     21.171100116388     -0.676774510995     -0.736190370263
   713     -6.016389521094     20.183484777445     -0.156894685327     -0.987615338943
   714     -5.349176145962     20.928351417889      0.667213375132      0.744866640443
   715     -4.518199391136     20.372044278855      0.830976754826     -0.556307139033
   716     -4.292285117256     19.397897092411      0.225914273880     -0.974147186444
   717     -3.848820554919     18.501605185747      0.443464562337     -0.896291906664
   718     -4.109555039146     19.467015735066     -0.260734484227      0.965410549318
   719     -3.768254886438     20.406970098725      0.341300152708      0.939954363659
   720     -2.768261185205     20.410519393401      0.999993701234      0.003549294676
   721     -1.846226225075     20.023412777209      0.922034960129     -0.387106616192
   722     -1.661376168168     21.006179512738      0.184850056907      0.982766735529
   723     -2.079878177460     21.914395383673     -0.418502009292      0.908215870935
   724     -1.463980350502     22.702221422051      0.615897826959      0.787826038379
   725     -1.906020646550     23.599216615277     -0.442040296048      0.896995193225
   726     -1.080208662124     24.163162150218      0.825811984425      0.563945534941
   727     -1.363482760369     23.204123159736     -0.283274098245     -0.959038990481
   728     -0.981895972056     22.279790144539      0.381586788314     -0.924333015198
   729     -0.056499158428     22.658789798005      0.925396813628      0.378999653466
   730      0.156899149871     23.635755079893      0.213398308299      0.976965281888
   731     -0.168522136434     24.581324213495     -0.325421286305      0.945569133601
   732      0.652728202949     25.151892246304      0.821250339383      0.570568032809
   733      1.638262328450     25.321369346447      0.985534125501      0.169477100143
   734      1.052299779832     26.131707480572     -0.585962548618      0.810338134125
   735      0.301856266912     26.792642071826     -0.750443512920      0.660934591255
   736      1.272194205454     26.550889543345      0.970337938542     -0.241752528481
   737      0.587322178144     27.279552912954     -0.684872027310      0.728663369608
   738      1.364122075816     26.649805408808      0.776799897672     -0.629747504145
   739      1.025456915906     25.708898447700     -0.338665159910     -0.940906961109
   740      0.135192357259     26.164342204511     -0.890264558646      0.455443756811
   741     -0.729953690086     26.665862210855     -0.865146047345      0.501520006344
   742     -0.021866528343     25.959737171379      0.708087161743     -0.706125039476
   743      0.831194290175     26.481548669825      0.853060818517      0.521811498446
   744     -0.142549296898     26.253901076745     -0.973743587072     -0.227647593080
   745      0.626814462604     26.892712007744      0.769363759502      0.638810931000
   746     -0.158217738033     26.273257050574     -0.785032200638     -0.619454957170
   747      0.407151352998     27.098095089771      0.565369091032      0.824838039197
   748     -0.525282396703     26.736754111721     -0.932433749701     -0.361340978050
   749     -1.488624821264     26.468479302914     -0.963342424561     -0.268274808806
   750     -2.195845158780     27.175472509532     -0.707220337516      0.706993206618
   751     -1.207353426839     27.326747411229      0.988491731941      0.151274901697
   752     -2.057184430515     27.853802688398     -0.849831003676      0.527055277169
   753     -3.054050282972     27.932913194686     -0.996865852457      0.079110506288
   754     -2.119797029741     27.576302960918      0.934253253231     -0.356610233768
   755     -3.060054606158     27.235839027453     -0.940257576417     -0.340463933465
   756     -2.135946368308     26.853708205956      0.924108237850     -0.382130821497
   757     -3.135686322057     26.876512259929     -0.999739953749      0.022804053973
   758     -2.179395371599     26.584095403245      0.956290950457     -0.292416856684
   759     -1.277147719094     26.152877159721      0.902247652506     -0.431218243523
   760     -0.279031617033     26.214230617714      0.998116102060      0.061353457992
   761      0.130755565063     27.126411775922      0.409787182096      0.912181158208
   762      1.120019380360     26.980271077466      0.989263815296     -0.146140698456
   763      2.005048236850     27.445807244889      0.885028856490      0.465536167423
   764      1.317131319317     26.720017802577     -0.687916917533     -0.725789442312
   765      0.526315075481     27.332071450948     -0.790816243837      0.612053648371
   766     -0.228857485343     26.676545400071     -0.755172560824     -0.655526050877
   767      0.049599495786     25.716096697817      0.278456981130     -0.960448702253
   768      1.049181898813     25.744993402820      0.999582403026      0.028896705003
   769      1.862561293553     25.163259821005      0.813379394740     -0.581733581815
   770      2.137219795383     24.201717982408      0.274658501830     -0.961541838597
   771      1.669375217446     23.317907227271     -0.467844577937     -0.883810755136
   772      1.272559767125     24.235805641251     -0.396815450321      0.917898413980
   773      0.564537730317     24.941995980603     -0.708022036808      0.706190339352
   774      1.484075840302     25.334996825749      0.919538109985      0.393000845146
   775      1.764330748879     24.375071210809      0.280254908577     -0.959925614940
   776      2.290692475715     25.225331954652      0.526361726837      0.850260743844
   777      1.516680141399     25.858502473806     -0.774012334317      0.633170519154
   778      0.964802812897     25.024577168827     -0.551877328502     -0.833925304980
   779      1.350144919898     24.101803382587      0.385342107001     -0.922773786240
   780      1.514739944038     25.088164613591      0.164595024140      0.986361231004
   781      2.279696671742     25.732246289110      0.764956727705      0.644081675519
   782      3.176612350100     26.174447901405      0.896915678357      0.442201612296
   783      3.857161299831     26.907150519811      0.680548949732      0.732702618406
   784      4.822288263490     27.168932765233      0.965126963659      0.261782245422
   785      5.789504193503     27.422888164328      0.967215930013      0.253955399095
   786      5.832991455099     26.423834182764      0.043487261596     -0.999053981564
   787      5.916535806009     27.420338242681      0.083544350910      0.996504059917
   788      6.589705091700     26.680849829789      0.673169285691     -0.739488412893
   789      6.620357308774     25.681319719392      0.030652217073     -0.999530110396
   790      5.654077450598     25.938813866285     -0.966279858176      0.257494146892
   791      6.648412279698     26.045107081682      0.994334829100      0.106293215397
   792      5.778581942567     26.538458056758     -0.869830337130      0.493350975076
   793      6.554438398212     25.907548586046      0.775856455645     -0.630909470712
   794      5.722070227840     26.461771671952     -0.832368170372      0.554223085907
   795      6.514201170064     27.072122858051      0.792130942224      0.610351186098
   796      5.519953859396     26.965014103836     -0.994247310668     -0.107108754215
   797      5.146073932678     26.037536988001     -0.373879926718     -0.927477115835
   798      4.482889530983     26.785993031700     -0.663184401695      0.748456043698
   799      3.996259963375     25.912384616030     -0.486629567608     -0.873608415670
   800      3.721699605606     26.873954483456     -0.274560357769      0.961569867426
   801      4.188272084761     27.758437452028      0.466572479155      0.884482968573
   802      4.826747241106     28.528079885065      0.638475156345      0.769642433037
   803      4.084300552477     29.197985038460     -0.742446688628      0.669905153395
   804      4.524502035066     30.095884061027      0.440201482588      0.897899022567
   805      4.190066568515     29.153465407395     -0.334435466551     -0.942418653632
   806      4.659779099346     30.036284833087      0.469712530832      0.882819425692
   807      5.623599318294     29.769731676011      0.963820218948     -0.266553157077
   808      6.371389029695     29.105796025873      0.747789711401     -0.663935650137
   809      5.531981111088     29.649297954279     -0.839407918606      0.543501928406
   810      6.268329248369     28.972695101253      0.736348137280     -0.676602853026
   811      5.482704127258     29.591397912852     -0.785625121110      0.618702811599
   812      6.141126508992     30.344046547496      0.658422381733      0.752648634645
   813      5.346852449682     29.736486905397     -0.794274059309     -0.607559642100
   814      4.460387025201     30.199281731642     -0.886465424481      0.462794826246
   815      5.329301586055     30.694243837199      0.868914560854      0.494962105556
   816      4.685836596283     29.928768294194     -0.643464989772     -0.765475543004
   817      3.937548920560     29.265393924505     -0.748287675723     -0.663374369690
   818      3.051774741325     28.801277448389     -0.885774179234     -0.464116476116
   819      2.123803641292     28.428625281478     -0.927971100033     -0.372652166911
   820      1.305854232219     27.853335124952     -0.817949409074     -0.575290156526
   821      0.979383828042     28.798542549382     -0.326470404176      0.945207424430
   822      1.168426334770     29.780511454516      0.189042506728      0.981968905134
   823      1.259051170685     30.776396557886      0.090624835914      0.995885103371
   824      0.400971725564     30.262879600171     -0.858079445121     -0.513516957716
   825      1.293677614617     29.812239837555      0.892705889053     -0.450639762616
   826      0.390498343079     30.241503396996     -0.903179271538      0.429263559441
   827      0.156608647750     31.213766535462     -0.233889695329      0.972263138466
   828      1.090405355106     30.855962525797      0.933796707356     -0.357804009664
   829      1.659387587483     30.033612710184      0.568982232378     -0.822349815613
   830      0.946536020162     29.332297771682     -0.712851567322     -0.701314938503
   831      0.172759512227     28.698839078657     -0.773776507935     -0.633458693025
   832     -0.564341589319     28.023056594347     -0.737101101546     -0.675782484310
   833     -1.256005391080     28.745276218377     -0.691663801761      0.722219624030
   834     -0.414238049651     28.205435739250      0.841767341428     -0.539840479127
   835     -0.098396482582     27.256623795548      0.315841567069     -0.948811943702
   836     -0.341479378431     28.226629313958     -0.243082895849      0.970005518410
   837     -0.451795242875     29.220525893111     -0.110315864444      0.993896579153
   838     -1.399082877466     28.900141534333     -0.947287634592     -0.320384358778
   839     -2.268567481204     29.394101577112     -0.869484603738      0.493960042780
   840     -1.901048251297     28.464085654857      0.367519229907     -0.930015922255
   841     -1.164585529740     27.787607525308      0.736462721557     -0.676478129548
   842     -0.325427124979     28.331494619952      0.839158404761      0.543887094643
   843     -0.029386677913     29.286670024629      0.296040447067      0.955175404677
   844     -0.238251578997     28.308725520531     -0.208864901084     -0.977944504098
   845      0.447850948520     27.581220660249      0.686102527517     -0.727504860282
   846      0.506370676527     26.582934407998      0.058519728007     -0.998286252251
   847      0.093901686534     25.671962766126     -0.412468989993     -0.910971641872
   848     -0.876026323963     25.915354743097     -0.969928010497      0.243391976971
   849     -0.292550448445     26.727485214567      0.583475875517      0.812130471470
   850      0.549037953339     27.267604610610      0.841588401785      0.540119396043
   851     -0.079031314882     28.045762046041     -0.628069268221      0.778157435431
   852     -0.970043675000     27.591783000140     -0.891012360118     -0.453979045900
   853     -0.422155811484     28.428334785155      0.547887863516      0.836551785015
   854     -1.414002064711     28.555775006276     -0.991846253227      0.127440221120
   855     -0.535453474811     28.078122020119      0.878548589900     -0.477652986157
   856      0.330401788795     28.578416595829      0.865855263606      0.500294575710
   857      1.098828210276     29.218354745005      0.768426421481      0.639938149175
   858      0.860162766667     28.247252893484     -0.238665443609     -0.971101851521
   859      1.288217294082     29.151005803056      0.428054527416      0.903752909571
   860      1.227793396233     30.149178610023     -0.060423897850      0.998172806967
   861      2.182918533065     30.445381197775      0.955125136832      0.296202587752
   862      3.179623253467     30.526496549763      0.996704720402      0.081115351988
   863      2.488328558683     29.803923615754     -0.691294694785     -0.722572934009
   864      1.868799152476     29.018950167257     -0.619529406207     -0.784973448497
   865      2.469628291170     28.219572693159      0.600829138694     -0.799377474099
   866      3.179019516490     28.924387625916      0.709391225321      0.704814932758
   867      2.235069546282     28.594299071519     -0.943949970208     -0.330088554397
   868      1.907045348018     27.649629750882     -0.328024198264     -0.944669320637
   869      1.150365772480     28.303415663826     -0.756679575538      0.653785912944
   870      1.014741534187     27.312655316422     -0.135624238293     -0.990760347404
   871      0.513914116584     28.178202483118     -0.500827417604      0.865547166697
   872     -0.159294609186     28.917654991091     -0.673208725770      0.739452507973
   873     -0.922815496002     28.271871857682     -0.763520886816     -0.645783133409
   874     -0.397050779023     27.421241819193      0.525764716979     -0.850630038489
   875      0.158976770070     26.590077957701      0.556027549092     -0.831163861492
   876      1.116497300954     26.878443061231      0.957520530885      0.288365103531
   877      0.122625859265     26.767900954345     -0.993871441689     -0.110542106887
   878      0.306349769664     25.784923068150      0.183723910399     -0.982977886195
   879      0.626568832264     24.837579544423      0.320219062600     -0.947343523727
   880      0.286708182212     23.897103740085     -0.339860650053     -0.940475804338
   881      0.235650642894     22.898408026827     -0.051057539318     -0.998695713257
   882     -0.699847093216     23.251740711041     -0.935497736110      0.353332684214
   883     -1.374092928676     22.513233735201     -0.674245835460     -0.738506975840
   884     -0.655308427064     23.208466674756      0.718784501613      0.695232939555
   885     -0.329677628273     22.262969671652      0.325630798791     -0.945497003104
   886      0.176829709502     23.125205322028      0.506507337775      0.862235650376
   887      0.667321845770     22.253759704529      0.490492136268     -0.871445617499
   888      0.945282506767     23.214352162826      0.277960660997      0.960592458298
   889      1.125948244429     22.230807608047      0.180665737662     -0.983544554779
   890      1.660969485681     23.075646214770      0.535021241252      0.844838606723
   891      0.744702526412     23.476214385437     -0.916266959269      0.400568170667
   892      0.704054636866     24.475387918451     -0.040647889546      0.999173533014
   893      0.846525581760     23.485588933878      0.142470944895     -0.989798984573
   894      1.634736718344     24.100993844621      0.788211136583      0.615404910743
   895      2.136607675344     23.236051336405      0.501870957000     -0.864942508217
   896      1.302260719746     23.787290991805     -0.834346955597      0.551239655400
   897      1.427621708839     22.795179797223      0.125360989093     -0.992111194581
   898      1.465483002958     23.794462801386      0.037861294119      0.999283004162
   899      0.830010789483     24.566586538815     -0.635472213474      0.772123737430
   900      0.351153699105     23.688693671209     -0.478857090378     -0.877892867607
   901     -0.630793436634     23.877849222580     -0.981947135739      0.189155551371
   902      0.069607713741     24.591598638379      0.700401150375      0.713749415799
   903      1.028656265347     24.308356911820      0.959048551605     -0.283241726559
   904      0.083086012057     23.982938878987     -0.945570253290     -0.325418032833
   905     -0.074116623606     22.995372510918     -0.157202635663     -0.987566368069
   906     -0.897959841405     23.562190252777     -0.823843217799      0.566817741859
   907     -0.508774226607     24.483349607739      0.389185614798      0.921159354962
   908     -1.457130685563     24.166143008254     -0.948356458956     -0.317206599485
   909     -1.763166825916     23.214123113085     -0.306036140353     -0.952019895169
   910     -2.759705227833     23.297256821683     -0.996538401917      0.083133708598
   911     -2.468337238878     22.340645774803      0.291367988954     -0.956611046880
   912     -1.468338880540     22.338833781129      0.999998358338     -0.001811993674
   913     -0.471912066394     22.423294446822      0.996426814147      0.084460665694
   914     -0.105667587836     21.492775783965      0.366244478558     -0.930518662858
   915     -0.839986279736     20.813970908669     -0.734318691900     -0.678804875296
   916      0.140455612165     20.617162126842      0.980441891902     -0.196808781827
   917      0.748501034089     21.411064365708      0.608045421924      0.793902238867
   918      0.046309909957     20.699075864966     -0.702191124133     -0.711988500742
   919     -0.490595982472     21.542718006324     -0.536905892429      0.843642141358
   920      0.461626135770     21.848124354540      0.952222118242      0.305406348216
   921      1.454183989316     21.726350353354      0.992557853546     -0.121774001186
   922      1.431331424657     22.726089199398     -0.022852564659      0.999738846044
   923      0.504499468097     23.101565595859     -0.926831956560      0.375476396461
   924      0.185531833196     22.153799987765     -0.318967634901     -0.947765608094
   925      0.280313399108     21.158301893963      0.094781565912     -0.995498093802
   926     -0.681899127452     21.430601460127     -0.962212526559      0.272299566164
   927      0.266361278015     21.113107832750      0.948260405466     -0.317493627377
   928     -0.165237933707     20.211042358163     -0.431599211722     -0.902065474586
   929      0.807475161952     20.443053637054      0.972713095660      0.232011278891
   930      0.144074580574     19.694789199420     -0.663400581378     -0.748264437634
   931      1.105041661684     19.971451934574      0.960967081110      0.276662735153
   932      0.132420272147     19.739056511607     -0.972621389537     -0.232395422966
   933     -0.622697733647     20.394645405141     -0.755118005795      0.655588893534
   934     -0.024513012745     19.593287158363      0.598184720902     -0.801358246778
   935      0.915993367459     19.253511130966      0.940506380205     -0.339776027397
   936      0.220859395394     18.534630917800     -0.695133972065     -0.718880213166
   937     -0.027179169786     19.503381076604     -0.248038565180      0.968750158804
   938      0.618883054996     20.266665821447      0.646062224782      0.763284744843
   939      1.377042688032     20.918734813836      0.758159633036      0.652068992388
   940      1.965158442779     21.727511580947      0.588115754747      0.808776767111
   941      2.773741602154     22.315893492951      0.808583159376      0.588381912005
   942      3.595970518683     22.885050421069      0.822228916528      0.569156928118
   943      4.588463384618     22.762747881984      0.992492865936     -0.122302539085
   944      4.686377228828     21.767552986945      0.097913844210     -0.995194895039
   945      3.973346046314     21.066420665081     -0.713031182514     -0.701132321864
   946      4.380888999014     21.979606704015      0.407542952700      0.913186038934
   947      3.385309083416     22.073524921938     -0.995579915598      0.093918217923
   948      4.023028962604     22.843793287956      0.637719879188      0.770268366018
   949      3.183098407170     22.301099394451     -0.839930555435     -0.542693893505
   950      3.234476720655     23.299778656729      0.051378313486      0.998679262278
   951      3.965242252191     22.617150106257      0.730765531535     -0.682628550472
   952      3.286306393800     23.351347695595     -0.678935858391      0.734197589339
   953      3.447786956382     24.338223588455      0.161480562582      0.986875892860
   954      4.214118102856     23.695777813355      0.766331146474     -0.642445775100
   955      5.195608674893     23.504267351495      0.981490572037     -0.191510461860
   956      5.638785184913     24.400701722192      0.443176510020      0.896434370697
   957      6.072271133503     23.499541396626      0.433485948590     -0.901160325567
   958      5.343494595566     22.814789793669     -0.728776537937     -0.684751602957
   959      4.375887061375     23.067249017659     -0.967607534190      0.252459223991
   960      3.375960637419     23.079379420517     -0.999926423957      0.012130402858
   961      4.072702451369     23.796701415644      0.696741813951      0.717321995127
   962      3.709215669684     24.728300771343     -0.363486781686      0.931599355699
   963      3.074276077224     25.500862557822     -0.634939592460      0.772561786479
   964      3.722493237011     24.739407034657      0.648217159787     -0.761455523164
   965      4.424834236972     25.451247690826      0.702340999961      0.711840656168
   966      3.521607924820     25.880412261866     -0.903226312152      0.429164571041
   967      2.521706206382     25.866392509187     -0.999901718438     -0.014019752680
   968      3.167152139609     25.102586547387      0.645445933227     -0.763805961800
   969      2.264482877074     25.532921536058     -0.902669262535      0.430334988671
   970      2.856408565530     26.338914079043      0.591925688456      0.805992542984
   971      3.849318410540     26.457783922491      0.992909845010      0.118869843448
   972      4.298332294808     25.564259142904      0.449013884268     -0.893524779586
   973      3.564048721774     26.243102007176     -0.734283573034      0.678842864271
   974      2.925272945553     27.012494954709     -0.638775776221      0.769392947533
   975      3.379194849295     26.121453482439      0.453921903741     -0.891041472269
   976      2.492423310525     26.583661485430     -0.886771538769      0.462208002990
   977      2.216992365172     27.544982344634     -0.275430945353      0.961320859205
   978      2.709408357532     26.674622367114      0.492415992360     -0.870359977520
   979      1.844254322950     27.176128594840     -0.865154034581      0.501506227726
   980      0.982356586620     26.669046459374     -0.861897736330     -0.507082135466
   981      0.046283598211     27.020852315451     -0.936072988410      0.351805856077
   982      0.160980760458     28.014252819262      0.114697162247      0.993400503811
   983     -0.468597244262     27.237315539957     -0.629578004720     -0.776937279305
   984      0.401180254998     27.730759662206      0.869777499259      0.493444122249
   985     -0.196551784620     26.929063704368     -0.597732039618     -0.801695957838
   986      0.508440476397     27.638278701323      0.704992261017      0.709214996955
   987     -0.443663119856     27.332503061348     -0.952103596253     -0.305775639975
   988     -1.191275202516     26.668367402118     -0.747612082660     -0.664135659230
   989     -0.969255417297     27.643409562731      0.222019785219      0.975042160612
   990     -0.000472901936     27.395497405041      0.968782515361     -0.247912157689
   991     -0.736115728292     26.718127762948     -0.735642826357     -0.677369642094
   992     -1.690526516355     26.419631452032     -0.954410788062     -0.298496310915
   993     -2.684024702812     26.533479392316     -0.993498186457      0.113847940283
   994     -1.745466694872     26.188357869180      0.938558007940     -0.345121523135
   995     -2.176530472005     25.286036407591     -0.431063777133     -0.902321461589
   996     -1.931832842909     24.316436969517      0.244697629096     -0.969599438075
   997     -1.260357744201     23.575409850030      0.671475098709     -0.741027119486
   998     -1.002499288415     22.609227146408      0.257858455786     -0.966182703623
   999     -0.638320405101     21.677898127774      0.364178883314     -0.931329018633
  1000      0.227841953117     22.177660840674      0.866162358219      0.499762712900
