# File chua thong tin toa do tai lan chay thu 20
##########################################################################################
#  Step                   x                   y            delta_x            delta_y
     1      0.000000000000      0.000000000000      0.000000000000      0.000000000000
     2     -0.821443080880     -0.570290509192     -0.821443080880     -0.570290509192
     3      0.103433154960     -0.950558767634      0.924876235840     -0.380268258442
     4     -0.657694600137     -1.599160756855     -0.761127755097     -0.648601989221
     5     -0.803280848738     -2.588506320456     -0.145586248601     -0.989345563602
     6     -0.182296956143     -3.372329645662      0.620983892595     -0.783823325206
     7     -1.170400627300     -3.526118900964     -0.988103671157     -0.153789255302
     8     -0.406186560576     -2.881156219702      0.764214066724      0.644962681262
     9     -0.017711383112     -1.959697030972      0.388475177464      0.921459188730
    10      0.079084112887     -0.964392739836      0.096795495999      0.995304291136
    11     -0.544716953923     -0.182809584282     -0.623801066810      0.781583155554
    12      0.313358798906      0.330713543150      0.858075752829      0.513523127432
    13      0.523472420079     -0.646963431212      0.210113621174     -0.977676974362
    14     -0.137506685472      0.103440874495     -0.660979105552      0.750404305707
    15     -0.735072490050      0.905260747783     -0.597565804577      0.801819873288
    16     -0.275573844425      1.793439217838      0.459498645625      0.888178470055
    17     -1.067264681748      2.404361158923     -0.791690837323      0.610921941085
    18     -0.137268150168      2.771929453595      0.929996531580      0.367568294672
    19     -0.199246522996      1.773851960962     -0.061978372829     -0.998077492633
    20      0.324076330959      2.625986451831      0.523322853955      0.852134490869
    21      1.249469542996      3.004994899117      0.925393212038      0.379008447286
    22      0.351595717423      3.445247773441     -0.897873825573      0.440252874324
    23     -0.045706514449      4.362935594298     -0.397302231872      0.917687820857
    24     -0.965737426216      3.971089806527     -0.920030911766     -0.391845787771
    25     -0.800652484428      2.984810453607      0.165084941788     -0.986279352919
    26     -1.519566613798      2.289711558060     -0.718914129370     -0.695098895548
    27     -1.251860422547      3.253212152333      0.267706191251      0.963500594274
    28     -1.457875356289      2.274663304766     -0.206014933742     -0.978548847567
    29     -2.181909623556      2.964427307758     -0.724034267266      0.689764002992
    30     -1.276246891869      3.388426147892      0.905662731686      0.423998840133
    31     -0.285716567675      3.525720273226      0.990530324194      0.137294125334
    32     -1.233229695115      3.845437137544     -0.947513127440      0.319716864317
    33     -1.480753096057      2.876555222145     -0.247523400942     -0.968881915398
    34     -1.188170480305      1.920314973589      0.292582615752     -0.956240248557
    35     -0.476425152432      1.217877369064      0.711745327873     -0.702437604525
    36     -0.898130428974      2.124610328505     -0.421705276542      0.906732959441
    37     -1.313954168388      3.034055553760     -0.415823739415      0.909445225255
    38     -2.181805753083      3.530879090786     -0.867851584695      0.496823537026
    39     -3.149912013930      3.781419043105     -0.968106260847      0.250539952319
    40     -3.351237165212      2.801894575080     -0.201325151282     -0.979524468026
    41     -2.922999195390      3.705560575991      0.428237969822      0.903666000911
    42     -1.986818580671      3.354041221438      0.936180614719     -0.351519354553
    43     -2.986620477118      3.334137255469     -0.999801896447     -0.019903965969
    44     -3.698345610923      4.036595321058     -0.711725133804      0.702458065589
    45     -4.390821885337      4.758035969604     -0.692476274414      0.721440648545
    46     -3.836184556867      5.590128172348      0.554637328469      0.832092202745
    47     -4.380480433520      6.429021490154     -0.544295876652      0.838893317806
    48     -4.781820833121      7.344950463191     -0.401340399601      0.915928973037
    49     -3.893882791101      6.884987384745      0.887938042020     -0.459963078446
    50     -3.825398157241      7.882639556058      0.068484633859      0.997652171313
    51     -4.250396927835      6.977445629325     -0.424998770594     -0.905193926733
    52     -4.577449218836      7.922451872136     -0.327052291000      0.945006242811
    53     -4.857041562510      8.882570677992     -0.279592343674      0.960118805856
    54     -4.123380360547      8.203055232447      0.733661201963     -0.679515445545
    55     -3.137216066991      8.368826116847      0.986164293556      0.165770884400
    56     -2.371558554439      7.725577662925      0.765657512551     -0.643248453923
    57     -1.572778705320      7.123954231997      0.798779849119     -0.601623430928
    58     -1.029975437239      6.284094355494      0.542803268081     -0.839859876504
    59     -1.888898192016      6.796199521770     -0.858922754777      0.512105166276
    60     -2.527569870041      7.565678883214     -0.638671678025      0.769479361444
    61     -3.090122008197      6.738917072378     -0.562552138156     -0.826761810836
    62     -4.016298463336      7.116007477913     -0.926176455139      0.377090405534
    63     -3.805935262353      8.093630781477      0.210363200983      0.977623303564
    64     -3.146048651599      8.844995979598      0.659886610754      0.751365198121
    65     -3.832030934851      9.572614222266     -0.685982283252      0.727618242668
    66     -4.556666488333     10.261746513361     -0.724635553482      0.689132291095
    67     -5.405402786422     10.790562829587     -0.848736298088      0.528816316226
    68     -6.126943702667     11.482934627240     -0.721540916245      0.692371797652
    69     -5.497867440504     10.705591037581      0.629076262162     -0.777343589659
    70     -5.946900629163      9.812075959094     -0.449033188659     -0.893515078486
    71     -5.704285243014      8.841953402711      0.242615386149     -0.970122556383
    72     -6.444684961351      8.169786565471     -0.740399718338     -0.672166837240
    73     -5.444959542806      8.146353948996      0.999725418545     -0.023432616474
    74     -4.852423184263      7.340810242048      0.592536358544     -0.805543706948
    75     -4.881793663966      6.341241647643     -0.029370479704     -0.999568594406
    76     -5.079232722087      5.360926484887     -0.197439058121     -0.980315162755
    77     -4.249360331269      5.918879722136      0.829872390819      0.557953237249
    78     -3.288744591493      5.640999531235      0.960615739776     -0.277880190901
    79     -2.531153212587      4.988270412375      0.757591378906     -0.652729118859
    80     -1.727240385504      4.393523267404      0.803912827083     -0.594747144971
    81     -2.613075133656      3.929522406451     -0.885834748153     -0.464000860953
    82     -1.792053500813      4.500419488597      0.821021632844      0.570897082146
    83     -1.274817134595      5.356262080118      0.517236366217      0.855842591521
    84     -0.480711935062      4.748481748029      0.794105199533     -0.607780332089
    85      0.087208158202      5.571565442235      0.567920093264      0.823083694206
    86      0.984981963455      6.012022244432      0.897773805253      0.440456802197
    87      0.481974744756      6.876304454093     -0.503007218699      0.864282209661
    88      1.238929629103      6.222837314090      0.756954884346     -0.653467140003
    89      0.790678758552      7.116745115292     -0.448250870551      0.893907801202
    90      0.050732161786      7.789410733512     -0.739946596766      0.672665618220
    91     -0.487958519682      6.946907113520     -0.538690681468     -0.842503619992
    92      0.359498857263      7.477770555717      0.847457376945      0.530863442198
    93      0.145251933676      8.454550088536     -0.214246923586      0.976779532819
    94      1.144002129708      8.504530543983      0.998750196032      0.049980455447
    95      1.407294102776      9.469246738995      0.263291973068      0.964716195012
    96      0.438500135252      9.221379337974     -0.968793967524     -0.247867401021
    97      0.526890138683      8.225293394246      0.088390003431     -0.996085943728
    98      0.368905885531      7.237851762677     -0.157984253152     -0.987441631569
    99      1.224630511932      6.720420256320      0.855724626401     -0.517431506356
   100      1.324080345827      5.725377679071      0.099449833895     -0.995042577249
   101      1.188392272499      4.734626072080     -0.135688073327     -0.990751606992
   102      0.911399030685      3.773754205497     -0.276993241814     -0.960871866582
   103      0.148854634393      4.420690093885     -0.762544396292      0.646935888388
   104      1.105687850903      4.711327661630      0.956833216509      0.290637567745
   105      0.321259875638      5.331547583612     -0.784427975264      0.620219921981
   106      1.033361383990      4.629471062282      0.712101508352     -0.702076521330
   107      0.606850651122      5.533953563355     -0.426510732868      0.904482501074
   108     -0.323754457359      5.167928793607     -0.930605108481     -0.366024769748
   109     -1.323541181808      5.188580805957     -0.999786724450      0.020652012350
   110     -2.305360780884      5.378397230092     -0.981819599075      0.189816424136
   111     -1.957700663884      4.440776601561      0.347660117000     -0.937620628531
   112     -1.025302273321      4.802208809970      0.932398390563      0.361432208409
   113     -0.054931154055      4.560589500115      0.970371119266     -0.241619309855
   114      0.836231699833      5.014273054864      0.891162853888      0.453683554749
   115      1.435676453827      5.814689188453      0.599444753994      0.800416133589
   116      0.960286122686      6.694464178468     -0.475390331142      0.879774990016
   117      1.897859988263      6.346677970309      0.937573865578     -0.347786208159
   118      2.865027801190      6.092539382843      0.967167812926     -0.254138587466
   119      2.995664828002      7.083969646263      0.130637026812      0.991430263420
   120      3.791019842438      6.477825768120      0.795355014436     -0.606143878144
   121      4.782396366838      6.346781550893      0.991376524400     -0.131044217226
   122      5.478253241686      7.064962036375      0.695856874848      0.718180485482
   123      6.389387748981      7.477071135542      0.911134507295      0.412109099167
   124      7.358221924902      7.229360942840      0.968834175920     -0.247710192702
   125      8.192844890873      6.678539279619      0.834622965971     -0.550821663221
   126      8.889453908789      7.395990236938      0.696609017916      0.717450957319
   127      9.453818653399      8.221515787749      0.564364744610      0.825525550811
   128     10.154287883159      8.935198390984      0.700469229759      0.713682603235
   129      9.318327217913      8.386409026872     -0.835960665245     -0.548789364112
   130     10.298759838481      8.189554063694      0.980432620567     -0.196854963178
   131     10.604412361268      9.141697191230      0.305652522787      0.952143127536
   132      9.906261383092      8.425746626126     -0.698150978176     -0.715950565103
   133      8.972735790068      8.784257389103     -0.933525593024      0.358510762976
   134      8.849686706258      7.791856803163     -0.123049083810     -0.992400585940
   135      7.922545581817      8.166569139989     -0.927141124441      0.374712336826
   136      8.785708482128      7.661643593471      0.863162900311     -0.504925546518
   137      8.684952359838      8.656554747204     -0.100756122290      0.994911153732
   138      9.541314566063      8.140179136094      0.856362206225     -0.516375611109
   139      8.668969293812      7.651288835535     -0.872345272251     -0.488890300560
   140      9.054263343028      6.728494982261      0.385294049216     -0.922793853273
   141      9.741255197185      6.001829865222      0.686991854157     -0.726665117039
   142      8.767176578998      6.228039603277     -0.974078618187      0.226209738055
   143      7.770112528968      6.304611661749     -0.997064050030      0.076572058472
   144      8.649350527440      6.780994430166      0.879237998471      0.476382768417
   145      8.357509777593      7.737461354178     -0.291840749847      0.956466924012
   146      9.273716113816      7.336754541827      0.916206336223     -0.400706812351
   147      9.561863021183      8.294340757149      0.288146907367      0.957586215322
   148      8.563087469001      8.343811924135     -0.998775552182      0.049471166987
   149      9.163019508162      9.143862890254      0.599932039161      0.800050966119
   150     10.109622907256      9.466263269944      0.946603399094      0.322400379690
   151     10.295830441992     10.448773704498      0.186207534736      0.982510434554
   152      9.900750711898      9.530126869817     -0.395079730094     -0.918646834681
   153     10.366741797251     10.414916284521      0.465991085354      0.884789414703
   154      9.617800542914      9.752279885316     -0.748941254338     -0.662636399205
   155      9.605269455828     10.752201368161     -0.012531087086      0.999921482846
   156     10.520478047622     10.349220930043      0.915208591794     -0.402980438118
   157     11.016723317316      9.481038557320      0.496245269693     -0.868182372723
   158     10.263413303451     10.138704143323     -0.753310013864      0.657665586002
   159     10.249160918088     11.138602572920     -0.014252385363      0.999898429597
   160     11.041409846696     10.528404543491      0.792248928608     -0.610198029430
   161     10.130058671334     10.940034274154     -0.911351175362      0.411629730663
   162     10.468383304859     11.881063732965      0.338324633525      0.941029458811
   163      9.504802289069     11.613647155301     -0.963581015790     -0.267416577664
   164      9.775277767702     10.650920290890      0.270475478633     -0.962726864411
   165      8.775341040095     10.639671256204     -0.999936727608     -0.011249034687
   166      8.369791352314      9.725598255431     -0.405549687781     -0.914073000772
   167      7.849001392329      8.871913408677     -0.520789959985     -0.853684846755
   168      8.468477076257      9.656929253753      0.619475683929      0.785015845077
   169      8.657432571377      8.674943601687      0.188955495119     -0.981985652066
   170      7.759803115408      9.115694506141     -0.897629455969      0.440750904454
   171      6.925357297115      8.564604516816     -0.834445818293     -0.551089989325
   172      6.107330937601      7.989423784229     -0.818026359514     -0.575180732587
   173      5.176078997493      8.353799722027     -0.931251940108      0.364375937798
   174      4.675542832730      7.488084094489     -0.500536164764     -0.865715627538
   175      4.087780295717      8.297117591993     -0.587762537013      0.809033497505
   176      5.072628572875      8.470535788786      0.984848277158      0.173418196792
   177      4.253120224397      9.043603033334     -0.819508348478      0.573067244549
   178      4.070124521740     10.026716746395     -0.182995702658      0.983113713061
   179      3.106838783318     10.295195025131     -0.963285738422      0.268478278736
   180      3.929243275649     10.864098225151      0.822404492332      0.568903200020
   181      4.430290960688     11.729517902139      0.501047685039      0.865419676987
   182      5.406871821227     11.514367204185      0.976580860538     -0.215150697954
   183      5.370085655338     10.515044044241     -0.036786165889     -0.999323159943
   184      4.416943446368     10.817566654106     -0.953142208970      0.302522609864
   185      3.521058627663     10.373280269423     -0.895884818705     -0.444286384682
   186      4.517990529235     10.451554042985      0.996931901572      0.078273773562
   187      4.926701322515     11.364217993986      0.408710793280      0.912663951001
   188      5.706756409069     11.989928839297      0.780055086555      0.625710845311
   189      4.736295956546     12.231189093147     -0.970460452524      0.241260253849
   190      5.736260742713     12.222797047766      0.999964786167     -0.008392045381
   191      5.697719127579     13.222054043689     -0.038541615134      0.999256995924
   192      6.342920545240     13.986066563645      0.645201417661      0.764012519955
   193      7.076351771518     13.306302901538      0.733431226278     -0.679763662107
   194      7.565261803559     12.433968687735      0.488910032041     -0.872334213802
   195      8.324634499265     13.084624594506      0.759372695706      0.650655906771
   196      8.666479236760     14.024381039255      0.341844737495      0.939756444749
   197      9.628027118167     14.299018385152      0.961547881407      0.274637345897
   198     10.473328861440     13.764729172441      0.845301743273     -0.534289212711
   199     10.300091696601     12.779849035207     -0.173237164840     -0.984880137234
   200     11.083735786582     12.158638973926      0.783644089982     -0.621210061281
   201     10.455738273829     11.380423628424     -0.627997512754     -0.778215345502
   202     10.667486631246     12.357747849515      0.211748357417      0.977324221091
   203      9.741699546697     11.979702516145     -0.925787084549     -0.378045333370
   204     10.712303759903     11.739021271951      0.970604213206     -0.240681244194
   205     10.432406340937     10.778991358429     -0.279897418966     -0.960029913522
   206      9.625265840091     11.369350750574     -0.807140500846      0.590359392145
   207      9.439333735789     10.386788155830     -0.185932104302     -0.982562594744
   208      8.440279112714     10.430260677182     -0.999054623075      0.043472521352
   209      9.171926047851      9.748576907165      0.731646935137     -0.681683770017
   210      9.529338977878      8.814630443256      0.357412930027     -0.933946463910
   211      8.986175138570      9.654257172027     -0.543163839308      0.839626728772
   212      8.997636581849      8.654322856525      0.011461443279     -0.999934315502
   213      8.268004538814      7.970482903191     -0.729632043035     -0.683839953335
   214      7.890774802307      7.044363188524     -0.377229736507     -0.926119714667
   215      7.363101316814      7.893810475121     -0.527673485493      0.849447286598
   216      6.921880512848      8.791209049974     -0.441220803965      0.897398574853
   217      6.192835849817      9.475675177190     -0.729044663031      0.684466127216
   218      7.038304178896     10.009700742611      0.845468329079      0.534025565422
   219      7.734001460457      9.291365658943      0.695697281561     -0.718335083669
   220      6.772870957049      9.567460127229     -0.961130503408      0.276094468286
   221      5.797528727003      9.788157962039     -0.975342230045      0.220697834810
   222      4.841381763293      9.495270639358     -0.956146963710     -0.292887322682
   223      5.617061635827     10.126397199839      0.775679872534      0.631126560481
   224      4.982702553228      9.353358679244     -0.634359082600     -0.773038520595
   225      5.038460995967      8.354914391332      0.055758442739     -0.998444287912
   226      5.782656598136      9.022876146010      0.744195602169      0.667961754678
   227      6.584581143534      8.425450817214      0.801924545398     -0.597425328797
   228      5.745894858541      8.970065649333     -0.838686284993      0.544614832120
   229      4.943368634961      9.566682494944     -0.802526223580      0.596616845610
   230      4.675456387950     10.530125813412     -0.267912247011      0.963443318468
   231      5.001592976550      9.584803156550      0.326136588600     -0.945322656862
   232      5.555809060589      8.752430324106      0.554216084039     -0.832372832445
   233      5.454349762069      9.747270015083     -0.101459298521      0.994839690977
   234      4.568440380115     10.211128363037     -0.885909381954      0.463858347954
   235      5.397757348735     10.769906821424      0.829316968620      0.558778458388
   236      4.914108936988      9.894644452866     -0.483648411747     -0.875262368559
   237      4.093103956100     10.465565481868     -0.821004980888      0.570921029002
   238      4.730023881898     11.236495445043      0.636919925798      0.770929963175
   239      5.371556262686     10.469399489898      0.641532380788     -0.767095955145
   240      5.017383266952     11.404579413278     -0.354172995734      0.935179923380
   241      5.305412760756     10.446957874934      0.288029493804     -0.957621538343
   242      6.304483310084     10.403852916212      0.999070549328     -0.043104958722
   243      5.709106712551     11.207299683030     -0.595376597533      0.803446766818
   244      5.008107548513     11.920461776820     -0.700999164038      0.713162093790
   245      5.716121103517     12.626660619874      0.708013555004      0.706198843054
   246      4.968784858723     13.291106657725     -0.747336244794      0.664446037852
   247      4.850665561556     12.298107246025     -0.118119297167     -0.992999411700
   248      4.289411677555     11.470463555967     -0.561253884001     -0.827643690059
   249      4.371465599123     10.473835664547      0.082053921568     -0.996627891420
   250      4.106755363329     11.438163664278     -0.264710235794      0.964327999731
   251      3.594198586110     10.579510329033     -0.512556777218     -0.858653335245
   252      4.173678277940      9.764523650150      0.579479691829     -0.814986678883
   253      5.146199004912      9.997339963174      0.972520726972      0.232816313024
   254      4.252538230332      9.548596807261     -0.893660774579     -0.448743155913
   255      4.063084575266      8.566707143102     -0.189453655066     -0.981889664159
   256      4.843257295777      9.192271309412      0.780172720511      0.625564166310
   257      5.599328301840      8.537781711488      0.756071006063     -0.654489597924
   258      5.449546166069      9.526500737200     -0.149782135771      0.988719025711
   259      6.124688180590      8.788812957561      0.675142014521     -0.737687779639
   260      5.125439746061      8.750050010162     -0.999248434529     -0.038762947398
   261      4.687376667597      7.851105774246     -0.438063078463     -0.898944235916
   262      5.681477085191      7.742642140985      0.994100417594     -0.108463633261
   263      5.548990637572      6.751457324113     -0.132486447619     -0.991184816872
   264      4.757530197406      7.362677719432     -0.791460440165      0.611220395319
   265      5.655308053669      7.803126264445      0.897777856263      0.440448545013
   266      6.050087154786      8.721902331461      0.394779101117      0.918776067016
   267      5.390047019431      9.473132668788     -0.660040135355      0.751230337327
   268      6.158777160175      8.833559396433      0.768730140744     -0.639573272355
   269      6.738032581909      9.648705491555      0.579255421734      0.815146095122
   270      6.250910428973     10.522039338442     -0.487122152936      0.873333846887
   271      5.668643116985      9.709041935378     -0.582267311989     -0.812997403064
   272      5.359426250351      8.758050384738     -0.309216866633     -0.950991550640
   273      5.312945983585      7.759131176392     -0.046480266766     -0.998919208345
   274      4.706129723727      6.964289036863     -0.606816259858     -0.794842139529
   275      3.936676801011      6.325585506480     -0.769452922716     -0.638703530383
   276      3.149267091715      5.709155502581     -0.787409709295     -0.616430003899
   277      2.719713175066      6.612196715755     -0.429553916650      0.903041213174
   278      3.490395406219      7.249416378496      0.770682231153      0.637219662741
   279      4.224613510341      6.570502705354      0.734218104122     -0.678913673142
   280      3.249413751027      6.349176183143     -0.975199759314     -0.221326522211
   281      3.615120733176      7.279906220913      0.365706982148      0.930730037770
   282      3.493175480450      6.287369392711     -0.121945252726     -0.992536828202
   283      4.482152479297      6.435438618924      0.988976998847      0.148069226213
   284      4.541790143615      5.437218528466      0.059637664318     -0.998220090458
   285      5.356152555714      6.017575196180      0.814362412099      0.580356667714
   286      6.307042764388      6.327103564909      0.950890208674      0.309528368729
   287      7.078287368554      6.963642456529      0.771244604166      0.636538891620
   288      8.033245555986      6.666902064509      0.954958187432     -0.296740392020
   289      7.317931253860      7.365704933116     -0.715314302126      0.698802868607
   290      8.178701886005      7.874697977113      0.860770632145      0.508993043997
   291      9.175634410269      7.796432134854      0.996932524264     -0.078265842259
   292      8.257339215668      7.400535765115     -0.918295194601     -0.395896369739
   293      7.318855789857      7.745860046737     -0.938483425811      0.345324281622
   294      6.345491759992      7.975125101564     -0.973364029865      0.229265054827
   295      5.624731889553      8.668309932014     -0.720759870438      0.693184830450
   296      4.913706679277      7.965143415211     -0.711025210276     -0.703166516802
   297      5.311091838649      7.047491501297      0.397385159372     -0.917651913914
   298      5.423473525521      8.041156614127      0.112381686872      0.993665112830
   299      4.870187046720      7.208165574334     -0.553286478801     -0.832991039793
   300      4.066857684856      7.803700574453     -0.803329361864      0.595535000119
   301      3.329704740882      7.127974640964     -0.737152943974     -0.675725933489
   302      2.670527074401      7.879961877567     -0.659177666480      0.751987236603
   303      2.841758373399      6.894731020232      0.171231298997     -0.985230857334
   304      2.136928524253      6.185354615386     -0.704829849146     -0.709376404847
   305      2.954126744235      6.761711335879      0.817198219982      0.576356720494
   306      3.618469849223      7.509139084130      0.664343104988      0.747427748250
   307      4.438409120981      8.081589597824      0.819939271758      0.572450513694
   308      4.399834832726      7.082333862646     -0.038574288256     -0.999255735178
   309      5.399018990728      7.122719731423      0.999184158002      0.040385868777
   310      6.176686833433      7.751395105860      0.777667842704      0.628675374437
   311      5.708219705648      6.867914177834     -0.468467127785     -0.883480928026
   312      5.694939192489      5.868002367738     -0.013280513159     -0.999911810096
   313      5.591087539430      6.862595165901     -0.103851653059      0.994592798163
   314      4.819793395284      7.499074029027     -0.771294144145      0.636478863127
   315      3.993181842510      8.061846932444     -0.826611552774      0.562772903417
   316      3.436949728182      8.892873908534     -0.556232114328      0.831026976090
   317      4.278866713595      9.432480978236      0.841916985414      0.539607069702
   318      4.147450958858      8.441153636029     -0.131415754738     -0.991327342207
   319      3.250572777222      8.883431294639     -0.896878181636      0.442277658610
   320      2.269325751758      8.690676852362     -0.981247025464     -0.192754442277
   321      1.616805789582      9.448448387168     -0.652519962176      0.757771534806
   322      0.974144146474     10.214598511150     -0.642661643109      0.766150123981
   323      0.246949664996      9.528167024322     -0.727194481478     -0.686431486828
   324     -0.729253424828      9.745025336171     -0.976203089824      0.216858311849
   325      0.090861911177     10.317223584725      0.820115336005      0.572198248554
   326      0.385328314558     11.272885416798      0.294466403381      0.955661832072
   327     -0.238782020343     10.491549196039     -0.624110334901     -0.781336220759
   328      0.528850645310      9.850659119176      0.767632665653     -0.640890076863
   329      1.106911930551      9.034665767177      0.578061285240     -0.815993351999
   330      0.487618188796      8.249506381177     -0.619293741754     -0.785159386000
   331      0.885767699433      9.166826917947      0.398149510636      0.917320536770
   332      1.260991393771     10.093761208610      0.375223694338      0.926934290663
   333      0.267448837321      9.980301134038     -0.993542556451     -0.113460074572
   334     -0.384012842087      9.221619593296     -0.651461679408     -0.758681540742
   335      0.270069597883      8.465196324403      0.654082439971     -0.756423268892
   336      0.791467557468      7.611882684679      0.521397959585     -0.853313639725
   337      0.131580585570      6.860517803733     -0.659886971898     -0.751364880946
   338     -0.574097868018      7.569050033163     -0.705678453588      0.708532229431
   339     -1.075697621476      8.434149846671     -0.501599753458      0.865099813508
   340     -0.336534161594      9.107675926029      0.739163459882      0.673526079358
   341     -0.749886938182     10.018246890911     -0.413352776589      0.910570964882
   342     -1.749835970324     10.008150697630     -0.999949032142     -0.010096193280
   343     -2.223989598695     10.888592823328     -0.474153628371      0.880442125698
   344     -1.417802605439     11.480253648383      0.806186993256      0.591660825055
   345     -1.608926699427     10.498687766388     -0.191124093988     -0.981565881995
   346     -0.695976580336     10.090616596060      0.912950119091     -0.408071170328
   347      0.243968435922     10.431942490788      0.939945016258      0.341325894728
   348     -0.558962100098     11.028015099055     -0.802930536020      0.596072608267
   349     -1.549195446681     10.888595160325     -0.990233346583     -0.139419938730
   350     -2.027075954088     10.010170308309     -0.477880507407     -0.878424852017
   351     -1.565088371168     10.897056700823      0.461987582921      0.886886392514
   352     -0.644154959723     10.507336735097      0.920933411445     -0.389719965726
   353     -0.176296746225     11.391140272125      0.467858213498      0.883803537027
   354      0.823667859196     11.399553827012      0.999964605421      0.008413554887
   355      1.370782201095     10.562495945567      0.547114341899     -0.837057881445
   356      1.815873614819     11.457981084154      0.445091413724      0.895485138586
   357      1.387137089337     10.554551512069     -0.428736525482     -0.903429572085
   358      0.679493503946     11.261121081223     -0.707643585391      0.706569569154
   359      1.232704360743     10.428079816985      0.553210856797     -0.833041264237
   360      1.791530874010      9.598795228880      0.558826513267     -0.829284588106
   361      2.469201789673      8.863429925059      0.677670915663     -0.735365303821
   362      3.096102156722      9.642529360172      0.626900367049      0.779099435113
   363      2.615600485431     10.519523170804     -0.480501671292      0.876993810632
   364      1.854484987689     11.168139543629     -0.761115497741      0.648616372826
   365      2.532493293466     11.903193784688      0.678008305777      0.735054241058
   366      3.454863815773     12.289500165140      0.922370522308      0.386306380452
   367      4.306870386650     11.765969074197      0.852006570876     -0.523531090943
   368      4.251314988452     10.767513467907     -0.055555398198     -0.998455606290
   369      4.969286907258     10.071441399939      0.717971918806     -0.696072067968
   370      5.718835114493     10.733391160141      0.749548207235      0.661949760202
   371      6.434529774523     11.431804471587      0.715694660029      0.698413311446
   372      5.807018740966     12.210412140933     -0.627511033557      0.778607669346
   373      6.230128957708     13.116490362992      0.423110216742      0.906078222058
   374      5.245399565840     13.290582363931     -0.984729391868      0.174092000940
   375      5.850771082816     14.086525406136      0.605371516976      0.795943042205
   376      5.130648844887     13.392678187766     -0.720122237929     -0.693847218370
   377      5.923601557868     14.001961369035      0.792952712980      0.609283181269
   378      6.906792905403     13.819383237456      0.983191347536     -0.182578131579
   379      7.681268369358     14.451987186014      0.774475463955      0.632603948559
   380      6.759119957712     14.065150906823     -0.922148411646     -0.386836279191
   381      5.848483092251     13.651943332759     -0.910636865461     -0.413207574064
   382      6.416627747892     14.474872035787      0.568144655641      0.822928703028
   383      5.646618821039     13.836838923349     -0.770008926853     -0.638033112438
   384      4.664897127187     13.646516786381     -0.981721693852     -0.190322136968
   385      3.918599374781     12.980904538331     -0.746297752406     -0.665612248049
   386      3.024373063850     13.428519668592     -0.894226310931      0.447615130260
   387      2.804801149374     14.404115985914     -0.219571914476      0.975596317323
   388      2.847893030973     15.403187099369      0.043091881599      0.999071113455
   389      2.984305523775     14.412534974854      0.136412492802     -0.990652124516
   390      2.590957332723     13.493145394427     -0.393348191052     -0.919389580426
   391      3.589945187076     13.448164655694      0.998987854352     -0.044980738734
   392      2.877904706218     12.746026240834     -0.712040480857     -0.702138414859
   393      2.155969278164     12.054065810087     -0.721935428054     -0.691960430748
   394      1.378787312258     12.683341736744     -0.777181965906      0.629275926657
   395      2.133237556328     12.026984494670      0.754450244070     -0.656357242074
   396      1.736688953849     12.944998223256     -0.396548602478      0.918013728586
   397      2.580977204647     13.480887530450      0.844288250797      0.535889307195
   398      3.569516892365     13.631848736743      0.988539687718      0.150961206293
   399      2.600581229776     13.879161659501     -0.968935662589      0.247312922758
   400      2.098688237025     14.744091381402     -0.501892992752      0.864929721900
   401      1.646812171036     13.852010655802     -0.451876065988     -0.892080725600
   402      0.708264018987     14.197158980853     -0.938548152049      0.345148325051
   403      0.753001075654     15.196157777529      0.044737056666      0.998998796676
   404      0.120965425684     14.421218465604     -0.632035649970     -0.774939311925
   405      0.995064779251     14.906965642738      0.874099353567      0.485747177135
   406      0.060052602303     14.552350035412     -0.935012176948     -0.354615607326
   407     -0.218785716352     15.512688096747     -0.278838318655      0.960338061335
   408     -0.832765352414     14.723366231789     -0.613979636062     -0.789321864958
   409     -0.255490736252     15.539916302229      0.577274616162      0.816550070440
   410     -1.010938639856     14.884707583620     -0.755447903603     -0.655208718609
   411     -0.541622659296     15.767737883435      0.469315980559      0.883030299815
   412      0.446478916211     15.921540602789      0.988101575507      0.153802719355
   413     -0.553384698344     15.905025388883     -0.999863614554     -0.016515213907
   414     -0.802533079360     14.936560064652     -0.249148381016     -0.968465324231
   415      0.074420943234     14.455985780846      0.876954022594     -0.480574283806
   416     -0.883445238755     14.743200643627     -0.957866181989      0.287214862780
   417     -0.295082877805     13.934603257892      0.588362360950     -0.808597385735
   418     -0.923646277079     14.712361609240     -0.628563399275      0.777758351348
   419     -1.494465131592     13.891285586370     -0.570818854512     -0.821076022871
   420     -2.203302305512     13.185913442839     -0.708837173920     -0.705372143531
   421     -2.095129871853     14.180045589284      0.108172433658      0.994132146446
   422     -2.875354909858     14.805544502209     -0.780225038005      0.625498912925
   423     -3.240308205200     15.736570330111     -0.364953295341      0.931025827901
   424     -3.830337516554     14.929188504861     -0.590029311354     -0.807381825250
   425     -3.754317321859     15.926294783047      0.076020194695      0.997106278186
   426     -3.027839917228     15.239104430554      0.726477404631     -0.687190352494
   427     -2.881856479383     14.249817396435      0.145983437844     -0.989287034119
   428     -2.672976883929     15.227758762061      0.208879595454      0.977941365626
   429     -3.241598452428     14.405159520731     -0.568621568499     -0.822599241330
   430     -3.930532896286     13.680335864890     -0.688934443858     -0.724823655841
   431     -2.961536066289     13.433262710834      0.968996829997     -0.247073154056
   432     -2.384966208927     14.250310567193      0.576569857362      0.817047856359
   433     -2.104753654499     15.210248546617      0.280212554428      0.959937979424
   434     -3.075026274413     14.968233995309     -0.970272619914     -0.242014551309
   435     -2.794179239922     14.008481452609      0.280847034491     -0.959752542699
   436     -2.633440216943     13.021484509103      0.160739022979     -0.986996943507
   437     -1.903086776475     12.338415074860      0.730353440468     -0.683069434243
   438     -2.296090566916     13.257951926051     -0.393003790441      0.919536851191
   439     -3.022131351188     13.945603567199     -0.726040784272      0.687651641148
   440     -3.717589037189     13.227036516060     -0.695457686001     -0.718567051139
   441     -2.719613483545     13.290635213600      0.997975553644      0.063598697539
   442     -1.996943759794     12.599441702076      0.722669723752     -0.691193511524
   443     -0.997745775023     12.559399384070      0.999197984770     -0.040042318006
   444     -1.832308928941     12.008487102374     -0.834563153917     -0.550912281696
   445     -0.885834223078     11.685709111858      0.946474705863     -0.322777990517
   446     -0.053924217412     12.240619683456      0.831910005666      0.554910571599
   447     -0.662406700428     13.034186988644     -0.608482483016      0.793567305188
   448     -1.095684383454     12.132926510541     -0.433277683027     -0.901260478103
   449     -1.042643111789     11.134334189571      0.053041271666     -0.998592320970
   450     -1.502764911819     10.246478385322     -0.460121800030     -0.887855804248
   451     -0.605903170216      9.804167390152      0.896861741603     -0.442310995170
   452     -1.147305124417     10.644931283279     -0.541401954202      0.840763893127
   453     -1.949335609490     11.242214382835     -0.802030485073      0.597283099555
   454     -2.830078319192     10.768619324471     -0.880742709702     -0.473595058364
   455     -2.250209118981     11.583328911162      0.579869200212      0.814709586691
   456     -1.633518389680     10.796123382476      0.616690729301     -0.787205528686
   457     -1.912413277047     11.756445017034     -0.278894887368      0.960321634558
   458     -1.739144209831     10.771570491855      0.173269067216     -0.984874525179
   459     -1.739428405276      9.771570532238     -0.000284195445     -0.999999959616
   460     -0.961763777091      9.142891181480      0.777664628185     -0.628679350758
   461     -1.469095402298      8.281140276598     -0.507331625207     -0.861750904882
   462     -2.270527727631      7.683054807864     -0.801432325333     -0.598085468734
   463     -2.164471969358      8.677414992172      0.106055758273      0.994360184308
   464     -2.144886750602      9.677223183380      0.019585218757      0.999808191208
   465     -1.335547862596      9.089881234970      0.809338888005     -0.587341948410
   466     -2.140784307067      8.496927384746     -0.805236444471     -0.592953850224
   467     -1.851265525075      7.539755051843      0.289518781992     -0.957172332902
   468     -2.828223120214      7.753188548040     -0.976957595140      0.213433496197
   469     -2.641713141508      6.770735481557      0.186509978707     -0.982453066483
   470     -1.643911818290      6.704459397000      0.997801323218     -0.066276084557
   471     -2.642632147453      6.755033146282     -0.998720329163      0.050573749282
   472     -3.521520897873      7.232059942578     -0.878888750421      0.477026796296
   473     -2.838731314357      6.501444869751      0.682789583516     -0.730615072827
   474     -2.156569734547      7.232646332435      0.682161579810      0.731201462684
   475     -3.080510074762      7.615182929016     -0.923940340215      0.382536596581
   476     -2.510582333290      6.793488113710      0.569927741472     -0.821694815306
   477     -3.076935289849      5.969325309042     -0.566352956558     -0.824162804668
   478     -3.601893931040      6.820453046246     -0.524958641192      0.851127737204
   479     -4.079314080417      5.941777906636     -0.477420149376     -0.878675139610
   480     -4.015831139760      6.939760830460      0.063482940656      0.997982923825
   481     -3.675709589204      7.880142312013      0.340121550556      0.940381481553
   482     -4.542884893762      8.378145315182     -0.867175304558      0.498003003169
   483     -4.697525235308      7.390174483241     -0.154640341546     -0.987970831941
   484     -4.042477173499      8.145761696420      0.655048061809      0.755587213179
   485     -4.899226811212      7.630029151124     -0.856749637714     -0.515732545296
   486     -4.229571686168      6.887356939781      0.669655125045     -0.742672211343
   487     -4.639494557117      5.975236750402     -0.409922870949     -0.912120189379
   488     -4.046996493587      6.780808624733      0.592498063530      0.805571874331
   489     -3.334615745046      7.482601805882      0.712380748542      0.701793181149
   490     -2.657691957461      8.218654919321      0.676923787584      0.736053113439
   491     -1.705324083905      7.913703392980      0.952367873557     -0.304951526340
   492     -1.031203840409      8.652325012830      0.674120243496      0.738621619849
   493     -1.647447587333      7.864769526291     -0.616243746924     -0.787555486539
   494     -1.103288393902      8.703751511917      0.544159193431      0.838981985626
   495     -1.882259313207      9.330811562373     -0.778970919304      0.627060050456
   496     -0.927377791506      9.627798564639      0.954881521701      0.296987002265
   497     -0.241150607561     10.355185842514      0.686227183945      0.727387277876
   498     -0.662171737008     11.262236672710     -0.421021129447      0.907050830196
   499      0.132287298078     11.869554416210      0.794459035086      0.607317743500
   500     -0.283209226178     12.779149182208     -0.415496524256      0.909594765998
   501     -0.045947459815     13.750594936855      0.237261766363      0.971445754647
   502     -0.012158097675     14.750023913324      0.033789362140      0.999428976469
   503      0.933122725549     14.423766093118      0.945280823224     -0.326257820206
   504      1.859789949487     14.799648862181      0.926667223938      0.375882769063
   505      1.437642212652     15.706175909922     -0.422147736835      0.906527047740
   506      1.274056082676     14.719646854050     -0.163586129976     -0.986529055872
   507      0.289626061151     14.895423794288     -0.984430021525      0.175776940238
   508     -0.686723367384     14.679225289668     -0.976349428535     -0.216198504620
   509     -1.494495008488     14.089729763112     -0.807771641103     -0.589495526556
   510     -2.002572717934     14.951040996735     -0.508077709446      0.861311233622
   511     -2.153043518487     15.939655450493     -0.150470800554      0.988614453759
   512     -3.094992239640     16.275412217690     -0.941948721153      0.335756767196
   513     -2.108074320910     16.436635732380      0.986917918730      0.161223514690
   514     -2.624991720730     17.292671013056     -0.516917399820      0.856035280677
   515     -3.238114636208     18.082658538601     -0.613122915478      0.789987525545
   516     -2.377858268229     17.572796810923      0.860256367979     -0.509861727678
   517     -3.129586733400     18.232269565971     -0.751728465172      0.659472755048
   518     -4.104751384871     18.453750722105     -0.975164651470      0.221481156135
   519     -4.531631456907     17.549442475931     -0.426880072036     -0.904308246174
   520     -3.578071184067     17.248240208239      0.953560272839     -0.301202267692
   521     -3.572603505078     18.248225260371      0.005467678990      0.999985052132
   522     -2.730383890836     17.709090656225      0.842219614241     -0.539134604146
   523     -3.372134434001     16.942177205862     -0.641750543165     -0.766913450363
   524     -2.392327457879     16.742231489372      0.979806976122     -0.199945716491
   525     -1.944278512309     17.636240517499      0.448048945570      0.894009028128
   526     -2.208216593563     18.600780143053     -0.263938081254      0.964539625554
   527     -3.173973174907     18.341330291270     -0.965756581344     -0.259449851783
   528     -3.464601112129     19.298166432992     -0.290627937222      0.956836141722
   529     -4.299800391452     18.748219013851     -0.835199279322     -0.549947419141
   530     -3.483360626892     18.170788402569      0.816439764560     -0.577430611282
   531     -4.136923214794     18.927660877755     -0.653562587902      0.756872475186
   532     -4.238107070570     19.922528621393     -0.101183855776      0.994867743637
   533     -3.326813993647     20.334286958227      0.911293076923      0.411758336835
   534     -4.201607239689     20.818783373777     -0.874793246041      0.484496415550
   535     -3.432177611429     20.180051781357      0.769429628260     -0.638731592420
   536     -3.126321637440     19.227973988750      0.305855973989     -0.952077792607
   537     -2.852567235197     18.266174359278      0.273754402243     -0.961799629472
   538     -3.756897472042     17.839340875672     -0.904330236845     -0.426833483606
   539     -3.032347731605     17.150118361797      0.724549740437     -0.689222513875
   540     -3.449092376922     18.059141959180     -0.416744645317      0.909023597383
   541     -4.165279312993     18.757050457911     -0.716186936071      0.697908498732
   542     -5.157320689767     18.882962755835     -0.992041376774      0.125912297923
   543     -5.959243652990     19.480390208381     -0.801922963223      0.597427452546
   544     -5.101672915387     18.966024161672      0.857570737603     -0.514366046709
   545     -5.381678946743     18.006025920838     -0.280006031356     -0.959998240834
   546     -5.972766249038     17.199418332810     -0.591087302296     -0.806607588028
   547     -6.084912582710     18.193110035424     -0.112146333672      0.993691702614
   548     -6.025814337286     17.194857864183      0.059098245424     -0.998252171241
   549     -6.238404944023     18.171999222394     -0.212590606737      0.977141358211
   550     -7.126333001323     17.712016869407     -0.887928057300     -0.459982352987
   551     -8.032233654873     17.288526602815     -0.905900653550     -0.423490266592
   552     -7.435316791361     16.486223506688      0.596916863511     -0.802303096127
   553     -6.583565374476     15.962277398931      0.851751416885     -0.523946107757
   554     -5.761550209805     16.531742998463      0.822015164671      0.569465599532
   555     -6.478837157799     15.834965103982     -0.717286947994     -0.696777894481
   556     -5.818151328354     16.585627634531      0.660685829445      0.750662530549
   557     -5.113700571435     15.875874768332      0.704450756918     -0.709752866199
   558     -5.535610622871     14.969237074158     -0.421910051435     -0.906637694174
   559     -5.749390227770     15.946118991550     -0.213779604899      0.976881917393
   560     -4.829988168669     16.339438014382      0.919402059101      0.393319022831
   561     -4.574875048107     15.372526800404      0.255113120562     -0.966911213978
   562     -5.546782536126     15.607889997894     -0.971907488019      0.235363197491
   563     -4.841322482909     16.316639681009      0.705460053217      0.708749683114
   564     -4.083333872443     16.968907468351      0.757988610466      0.652267787342
   565     -4.841643223195     17.620802343742     -0.758309350753      0.651894875391
   566     -5.155385257442     18.570310603815     -0.313742034247      0.949508260073
   567     -6.097724331157     18.904970237099     -0.942339073715      0.334659633285
   568     -5.231702790649     18.404963545769      0.866021540509     -0.500006691330
   569     -5.882999089923     19.163787063164     -0.651296299274      0.758823517395
   570     -6.049737717977     20.149788193952     -0.166738628054      0.986001130788
   571     -7.034782657860     20.322085803948     -0.985044939883      0.172297609997
   572     -6.586308606207     21.215881655915      0.448474051654      0.893795851967
   573     -5.682690368108     21.644220400106      0.903618238099      0.428338744190
   574     -4.985509443785     20.927325178500      0.697180924323     -0.716895221605
   575     -5.185616723835     21.907099171047     -0.200107280051      0.979773992547
   576     -5.971387605607     22.525616851765     -0.785770881771      0.618517680717
   577     -5.248181766976     23.216249398761      0.723205838631      0.690632546996
   578     -4.309564908124     22.871287962831      0.938616858852     -0.344961435929
   579     -5.049707633570     23.543737772088     -0.740142725446      0.672449809256
   580     -4.483606709881     22.719401830740      0.566100923689     -0.824335941348
   581     -5.345502413972     23.226487420427     -0.861895704091      0.507085589688
   582     -6.084088387590     23.900646718794     -0.738585973618      0.674159298367
   583     -6.172183735470     22.904534672044     -0.088095347880     -0.996112046751
   584     -7.101094671834     22.534231455337     -0.928910936364     -0.370303216706
   585     -7.314245889765     21.557212234291     -0.213151217931     -0.977019221047
   586     -6.589741704140     22.246482634796      0.724504185625      0.689270400505
   587     -7.535684912048     21.922150324636     -0.945943207908     -0.324332310159
   588     -8.153658632574     22.708349078603     -0.617973720526      0.786198753967
   589     -8.285015933398     21.717013989181     -0.131357300824     -0.991335089422
   590     -9.216323106074     21.352779243280     -0.931307172676     -0.364234745901
   591    -10.163149301323     21.674524726527     -0.946826195249      0.321745483247
   592     -9.546925928272     20.886953298335      0.616223373052     -0.787571428192
   593    -10.542197349222     20.984086189979     -0.995271420950      0.097132891645
   594     -9.628466464226     21.390406100647      0.913730884996      0.406319910667
   595    -10.186254638766     20.560422756028     -0.557788174539     -0.829983344618
   596     -9.321820833279     21.063169407863      0.864433805487      0.502746651835
   597     -8.535784241176     21.681349378321      0.786036592103      0.618179970458
   598     -9.361298952749     21.116968778924     -0.825514711573     -0.564380599398
   599     -8.361304010632     21.113788253858      0.999994942117     -0.003180525066
   600     -7.698396437407     20.365087012132      0.662907573225     -0.748701241725
   601     -8.283175707341     21.176279471081     -0.584779269934      0.811192458949
   602     -7.816204086990     20.292007168119      0.466971620351     -0.884272302962
   603     -7.959666935475     21.281662871434     -0.143462848485      0.989655703315
   604     -7.696191107348     20.316996873281      0.263475828127     -0.964665998153
   605     -6.720030684275     20.534047163366      0.976160423073      0.217050290085
   606     -7.594375186311     21.019352934771     -0.874344502036      0.485305771405
   607     -8.316762050122     21.710842066279     -0.722386863811      0.691489131508
   608     -7.806350434667     22.570772286011      0.510411615455      0.859930219732
   609     -8.701083494338     23.017373620459     -0.894733059671      0.446601334449
   610     -9.700704737376     22.989853255871     -0.999621243038     -0.027520364589
   611    -10.496923239312     23.594862427020     -0.796218501936      0.605009171150
   612    -11.112413811273     24.383006675129     -0.615490571961      0.788144248109
   613    -12.013860295559     23.950116116247     -0.901446484286     -0.432890558882
   614    -12.464249821273     24.842948281398     -0.450389525714      0.892832165150
   615    -13.302468953741     24.297614726621     -0.838219132468     -0.545333554776
   616    -12.536456174761     23.654789382970      0.766012778980     -0.642825343651
   617    -13.208368356498     22.914158557232     -0.671912181737     -0.740630825738
   618    -14.110753471337     23.345089067312     -0.902385114838      0.430930510080
   619    -15.101305819135     23.207953928591     -0.990552347798     -0.137135138722
   620    -14.116298235219     23.380464970642      0.985007583915      0.172511042052
   621    -13.540662663771     24.198171329235      0.575635571449      0.817706358593
   622    -13.074045489417     23.313711939213      0.466617174354     -0.884459390022
   623    -12.085436749816     23.464220277801      0.988608739601      0.150508338589
   624    -11.751795878660     22.521520023694      0.333640871156     -0.942700254107
   625    -12.200351164282     23.415275110807     -0.448555285622      0.893755087113
   626    -13.194985200127     23.518731066356     -0.994634035845      0.103455955549
   627    -13.591653014706     24.436693290458     -0.396667814579      0.917962224101
   628    -12.730652379604     24.945297170067      0.861000635102      0.508603879609
   629    -11.982913812786     25.609290419802      0.747738566818      0.663993249735
   630    -12.475223269094     24.738870176913     -0.492309456307     -0.870420242889
   631    -13.177914137972     25.450365463472     -0.702690868879      0.711495286558
   632    -14.165340111200     25.608447554158     -0.987425973227      0.158082090686
   633    -13.768959346037     26.526533764167      0.396380765162      0.918086210009
   634    -13.038364833994     25.843722180366      0.730594512043     -0.682811583801
   635    -13.168815594441     26.835176969602     -0.130450760446      0.991454789236
   636    -12.189229347701     27.036201309419      0.979586246740      0.201024339816
   637    -12.858078776514     27.779599212009     -0.668849428813      0.743397902591
   638    -13.321158176717     26.893282412491     -0.463079400203     -0.886316799518
   639    -14.099612101074     26.265580661933     -0.778453924357     -0.627701750558
   640    -14.878576772222     26.892648474137     -0.778964671149      0.627067812204
   641    -15.641355061653     27.539308571231     -0.762778289431      0.646660097094
   642    -15.105571185989     26.694953409833      0.535783875664     -0.844355161397
   643    -15.669082897853     27.521061484235     -0.563511711864      0.826108074402
   644    -14.766384803889     27.090786977491      0.902698093964     -0.430274506745
   645    -15.052177989661     26.132495656980     -0.285793185771     -0.958291320511
   646    -15.680186351242     25.354289066296     -0.628008361581     -0.778206590684
   647    -15.210638623988     26.237196157575      0.469547727254      0.882907091279
   648    -14.868175207278     27.176727321622      0.342463416710      0.939531164047
   649    -13.870887063237     27.250323230168      0.997288144041      0.073595908547
   650    -14.855319263874     27.074558494374     -0.984432200637     -0.175764735795
   651    -13.866249222714     26.927112050947      0.989070041160     -0.147446443427
   652    -14.352286510308     26.053173978159     -0.486037287594     -0.873938072788
   653    -14.167705164012     25.070356738485      0.184581346296     -0.982817239674
   654    -13.614566142784     24.237267773732      0.553139021228     -0.833088964754
   655    -12.913673283542     24.950534343721      0.700892859242      0.713266569989
   656    -12.116934423275     24.346210598911      0.796738860267     -0.604323744809
   657    -12.960405933041     24.883384511359     -0.843471509766      0.537173912447
   658    -13.879079178561     24.488366197903     -0.918673245520     -0.395018313456
   659    -13.513569350186     25.419173678191      0.365509828375      0.930807480289
   660    -12.680168638854     25.971842886988      0.833400711332      0.552669208796
   661    -11.682938599724     26.046221977181      0.997230039129      0.074379090193
   662    -11.955499527865     27.008360501746     -0.272560928140      0.962138524565
   663    -12.517978420297     27.835172146298     -0.562478892432      0.826811644553
   664    -11.753271231356     27.190794217454      0.764707188941     -0.644377928844
   665    -12.170127083384     28.099766823549     -0.416855852028      0.908972606094
   666    -11.919651715243     27.131643851011      0.250475368141     -0.968122972537
   667    -12.075754369100     26.143903013818     -0.156102653857     -0.987740837193
   668    -11.077092515713     26.195618607110      0.998661853387      0.051715593292
   669    -10.582489679606     25.326499492998      0.494602836107     -0.869119114112
   670     -9.900696116106     26.058044116907      0.681793563500      0.731544623909
   671    -10.832285778297     25.694532492197     -0.931589662191     -0.363511624709
   672    -11.567223117048     26.372667514232     -0.734937338750      0.678135022035
   673    -11.117048122944     25.479727160859      0.450174994104     -0.892940353374
   674    -11.271017900763     24.491651603263     -0.153969777819     -0.988075557596
   675    -12.261383552621     24.353174617376     -0.990365651858     -0.138476985887
   676    -12.981650400605     23.659477516549     -0.720266847984     -0.693697100827
   677    -13.684767690180     24.370551406592     -0.703117289576      0.711073890042
   678    -12.778682528522     24.793646762064      0.906085161658      0.423095355473
   679    -13.063970179431     25.752088704092     -0.285287650909      0.958441942028
   680    -13.689867467505     24.972183206752     -0.625897288074     -0.779905497340
   681    -13.080750719578     25.765263774787      0.609116747927      0.793080568035
   682    -12.314698505406     26.408042123180      0.766052214172      0.642778348393
   683    -11.317068550679     26.339234613192      0.997629954727     -0.068807509988
   684    -11.254143599574     25.341216351572      0.062924951105     -0.998018261621
   685    -11.192577582288     26.339319365050      0.061566017286      0.998103013479
   686    -11.557766046815     27.270252974593     -0.365188464527      0.930933609543
   687    -10.812777489957     27.937330219109      0.744988556858      0.667077244515
   688    -11.068909885713     28.903971929281     -0.256132395756      0.966641710172
   689    -10.311105657676     28.251489935683      0.757804228037     -0.652481993598
   690    -10.234125927305     29.248522593680      0.076979730371      0.997032657997
   691     -9.576582561669     28.495105894696      0.657543365636     -0.753416698984
   692     -8.686262888259     28.039769887839      0.890319673410     -0.455336006856
   693     -8.993185621715     28.991504323324     -0.306922733456      0.951734435485
   694     -9.717971676851     29.680478324488     -0.724786055136      0.688974001164
   695    -10.253139444577     28.835732528176     -0.535167767725     -0.844745796313
   696     -9.256516749590     28.753615515097      0.996622694987     -0.082117013079
   697     -8.693966701578     27.926852282072      0.562550048012     -0.826763233025
   698     -8.809729219847     28.920129201850     -0.115762518269      0.993276919778
   699     -9.317438621917     28.058600814012     -0.507709402070     -0.861528387838
   700    -10.161527359159     27.522397304455     -0.844088737242     -0.536203509557
   701     -9.186550028856     27.744701612545      0.974977330303      0.222304308091
   702     -9.591768292403     28.658921585466     -0.405218263548      0.914219972921
   703     -9.609080334038     29.658771720844     -0.017312041635      0.999850135378
   704    -10.280404595993     28.917607949932     -0.671324261954     -0.741163770911
   705    -11.041106595873     28.268506673259     -0.760701999880     -0.649101276673
   706    -11.402007436290     29.201110867645     -0.360900840417      0.932604194386
   707    -10.841176897668     28.373180250414      0.560830538622     -0.827930617231
   708    -10.244394517518     29.175583385217      0.596782380150      0.802403134803
   709     -9.512610152830     29.857119623138      0.731784364687      0.681536237921
   710     -9.052843637860     28.969079786356      0.459766514970     -0.888039836782
   711     -9.737801825426     29.697662164187     -0.684958187566      0.728582377831
   712    -10.727996373834     29.837357390674     -0.990194548408      0.139695226487
   713    -10.487655934176     28.866668731492      0.240340439658     -0.970688659182
   714    -10.003790324485     27.991526416346      0.483865609690     -0.875142315146
   715     -9.012842299402     27.857280330429      0.990948025083     -0.134246085917
   716     -9.815314709292     27.260591105317     -0.802472409890     -0.596689225112
   717    -10.456027575158     26.492810522394     -0.640712865866     -0.767780582923
   718     -9.494316189240     26.766874767042      0.961711385918      0.274064244649
   719     -9.923380610520     27.670148658169     -0.429064421281      0.903273891127
   720    -10.689284281927     28.313103995751     -0.765903671407      0.642955337582
   721     -9.727118238832     28.585567764926      0.962166043096      0.272463769176
   722    -10.016926772183     29.542652407995     -0.289808533351      0.957084643068
   723     -9.184520531926     30.096818313822      0.832406240257      0.554165905827
   724     -9.397372939328     29.119733950697     -0.212852407402     -0.977084363125
   725     -8.588196967736     28.532167574023      0.809175971592     -0.587566376674
   726     -9.587582905326     28.497128342478     -0.999385937590     -0.035039231546
   727     -9.070596372854     27.641134811403      0.516986532472     -0.855993531075
   728    -10.070554037352     27.650336398899     -0.999957664498      0.009201587497
   729    -11.029574519036     27.933673152090     -0.959020481685      0.283336753191
   730    -10.227653073924     28.531102642380      0.801921445113      0.597429490290
   731    -11.039395868311     27.947087543465     -0.811742794387     -0.584015098915
   732    -10.157090753055     28.417765441389      0.882305115256      0.470677897924
   733    -11.156385835422     28.380224285872     -0.999295082367     -0.037541155517
   734    -10.156611460494     28.401465736780      0.999774374928      0.021241450908
   735    -10.698508632199     29.241910532884     -0.541897171705      0.840444796104
   736    -10.028454927826     28.499597907870      0.670053704373     -0.742312625014
   737    -10.853575367419     29.064554773626     -0.825120439594      0.564956865756
   738    -11.716808236353     28.559748856473     -0.863232868934     -0.504805917152
   739    -10.788826517206     28.187123134159      0.927981719147     -0.372625722314
   740    -10.141651046871     27.424782061806      0.647175470335     -0.762341072353
   741    -10.287711918759     28.414057666329     -0.146060871888      0.989275604523
   742    -10.940536527611     27.656548570623     -0.652824608852     -0.757509095706
   743    -11.573535907838     28.430700871293     -0.632999380227      0.774152300670
   744    -10.969501140213     29.227658837248      0.604034767625      0.796957965955
   745    -10.156693438130     29.810190930299      0.812807702083      0.582532093051
   746     -9.672963780743     30.685408399597      0.483729657387      0.875217469298
   747    -10.383665931200     29.981915362434     -0.710702150457     -0.703493037163
   748    -10.916155402742     29.135478735925     -0.532489471542     -0.846436626510
   749    -11.521418567597     28.339453295836     -0.605263164855     -0.796025440089
   750    -11.477762276849     29.338499905498      0.043656290748      0.999046609662
   751    -10.766735403043     30.041664740175      0.711026873806      0.703164834676
   752    -10.237044671400     29.193473883816      0.529690731644     -0.848190856359
   753    -10.863508394495     29.972924461880     -0.626463723095      0.779450578065
   754    -10.203975347414     30.724600030067      0.659533047081      0.751675568187
   755     -9.519364223971     29.995691524384      0.684611123443     -0.728908505683
   756     -9.782733773110     30.960386543852     -0.263369549139      0.964695019468
   757     -9.247981984361     30.115377357848      0.534751788749     -0.845009186003
   758     -8.263708629578     29.938725261725      0.984273354783     -0.176652096123
   759     -7.412022275897     29.414673398878      0.851686353681     -0.524051862847
   760     -8.411166897597     29.373320951198     -0.999144621699     -0.041352447680
   761     -7.706988269444     30.083343809740      0.704178628153      0.710022858542
   762     -7.830136158410     29.090955479779     -0.123147888966     -0.992388329961
   763     -8.462231618015     28.316064952061     -0.632095459605     -0.774890527718
   764     -7.803172020454     29.068155669238      0.659059597560      0.752090717177
   765     -8.410930265374     29.862277773031     -0.607758244919      0.794122103793
   766     -7.416605907132     29.968668893934      0.994324358242      0.106391120903
   767     -8.344028298508     30.342684545978     -0.927422391376      0.374015652044
   768     -7.355885355482     30.189147826766      0.988142943027     -0.153536719211
   769     -7.317879420089     31.188425340211      0.038005935392      0.999277513444
   770     -7.602179344953     32.147160732653     -0.284299924864      0.958735392443
   771     -8.590708641005     31.996131494271     -0.988529296052     -0.151029238382
   772     -9.519360202533     31.625178293352     -0.928651561528     -0.370953200919
   773     -8.910483924536     30.831913092998      0.608876277997     -0.793265200354
   774     -8.283226708701     30.053100930033      0.627257215835     -0.778812162966
   775     -8.217193002113     31.050918322943      0.066033706589      0.997817392910
   776     -8.498207033374     30.091214663351     -0.281014031261     -0.959703659592
   777     -9.116456461005     30.877196625760     -0.618249427632      0.785981962409
   778     -8.479576576716     31.648159668317      0.636879884289      0.770963042556
   779     -8.974010352063     30.778944365992     -0.494433775347     -0.869215302325
   780     -8.400990928498     29.959402579249      0.573019423565     -0.819541786742
   781     -7.635898436198     29.315482181820      0.765092492300     -0.643920397430
   782     -8.568030028558     29.677601905840     -0.932131592360      0.362119724021
   783     -9.477488158334     29.261806390974     -0.909458129777     -0.415795514866
   784     -8.750542968797     28.575110904307      0.726945189537     -0.686695486667
   785     -7.851830441133     28.136572658975      0.898712527665     -0.438538245332
   786     -8.832596714710     28.331758510441     -0.980766273578      0.195185851466
   787     -7.868434733795     28.066444216522      0.964161980915     -0.265314293919
   788     -8.788188991979     28.458938935662     -0.919754258184      0.392494719140
   789     -7.994735504680     27.850308043008      0.793453487299     -0.608630892654
   790     -7.188362095378     28.441714776796      0.806373409303      0.591406733788
   791     -8.183269497954     28.542507932808     -0.994907402576      0.100793156013
   792     -7.515675001150     27.797982857450      0.667594496804     -0.744525075358
   793     -6.577804500266     27.450997377105      0.937870500885     -0.346985480345
   794     -7.061147829594     28.326428257297     -0.483343329329      0.875430880192
   795     -6.427897545493     29.100375334096      0.633250284101      0.773947076799
   796     -7.151427292797     28.410082132067     -0.723529747303     -0.690293202029
   797     -7.579404134455     27.506292431415     -0.427976841659     -0.903789700652
   798     -6.852858686212     28.193410843072      0.726545448243      0.687118411656
   799     -7.339561400090     29.066978509772     -0.486702713878      0.873567666700
   800     -6.488674916640     28.541628919231      0.850886483451     -0.525349590541
   801     -5.835030272749     29.298430530959      0.653644643890      0.756801611728
   802     -6.154396137823     28.350799039172     -0.319365865074     -0.947631491787
   803     -5.754477592838     29.267349723737      0.399918544985      0.916550684565
   804     -4.774008534601     29.464023122651      0.980469058237      0.196673398914
   805     -3.982053875757     30.074603025969      0.791954658843      0.610579903318
   806     -3.592104814387     30.995439455275      0.389949061370      0.920836429306
   807     -3.007081656559     31.806456042531      0.585023157828      0.811016587256
   808     -3.982290839329     32.027741039405     -0.975209182770      0.221284996874
   809     -4.979079386239     32.107819705403     -0.996788546911      0.080078665998
   810     -5.344763401575     33.038558767078     -0.365684015336      0.930739061675
   811     -5.237900482947     32.044285003660      0.106862918628     -0.994273763418
   812     -4.865545333192     32.972375323861      0.372355149755      0.928090320201
   813     -4.808595822187     31.973998264230      0.056949511004     -0.998377059630
   814     -4.413400993856     31.055400938053      0.395194828331     -0.918597326177
   815     -4.038786863532     30.128220128630      0.374614130324     -0.927180809423
   816     -4.247912438881     31.106108922786     -0.209125575349      0.977888794156
   817     -3.778278553328     31.988970187957      0.469633885553      0.882861265172
   818     -4.764603395865     32.153783127362     -0.986324842537      0.164812939405
   819     -4.816080792041     31.155108967447     -0.051477396176     -0.998674159916
   820     -4.015974597156     31.754967348156      0.800106194885      0.599858380709
   821     -3.492280279101     30.903061096720      0.523694318055     -0.851906251436
   822     -4.455958810458     31.170126047997     -0.963678531357      0.267064951278
   823     -5.358978739916     30.740527389944     -0.903019929458     -0.429598658054
   824     -4.461316512604     30.299843233595      0.897662227312     -0.440684156348
   825     -3.804842233565     31.054191641800      0.656474279038      0.754348408205
   826     -3.205787838709     31.854899973218      0.599054394857      0.800708331418
   827     -3.933369335179     31.168878715534     -0.727581496470     -0.686021257684
   828     -4.562125888421     31.946480925379     -0.628756553242      0.777602209844
   829     -3.965999229088     32.749371332615      0.596126659333      0.802890407237
   830     -3.102825296361     32.244464646325      0.863173932727     -0.504906686290
   831     -2.306834244298     32.849773034699      0.795991052063      0.605308388373
   832     -2.791733531361     33.724343032701     -0.484899287063      0.874569998002
   833     -2.720553033039     32.726879581411      0.071180498322     -0.997463451290
   834     -2.137778987729     33.539513823930      0.582774045310      0.812634242518
   835     -1.370851770456     34.181247914815      0.766927217274      0.641734090886
   836     -2.325804047287     33.884488502201     -0.954952276831     -0.296759412614
   837     -2.522064381693     32.903936677391     -0.196260334407     -0.980551824810
   838     -3.482580781838     32.625713304805     -0.960516400145     -0.278223372586
   839     -4.086269718874     33.422933266485     -0.603688937036      0.797219961680
   840     -4.749045035229     32.674114944039     -0.662775316355     -0.748818322445
   841     -5.401144464048     31.915981489472     -0.652099428819     -0.758133454568
   842     -4.403459134874     31.983981371473      0.997685329173      0.067999882002
   843     -4.305785897561     30.988762833306      0.097673237313     -0.995218538168
   844     -4.255724591726     31.987508980061      0.050061305835      0.998746146755
   845     -4.962709607528     32.694737505668     -0.706985015801      0.707228525607
   846     -4.355184461760     33.489037950877      0.607525145768      0.794300445210
   847     -5.067073297165     34.191330116594     -0.711888835404      0.702292165716
   848     -4.098001613802     33.944550716106      0.969071683363     -0.246779400487
   849     -3.756786424373     33.004565506380      0.341215189429     -0.939985209726
   850     -2.985118294452     32.368540115957      0.771668129922     -0.636025390423
   851     -2.067280587376     32.765495961700      0.917837707076      0.396955845743
   852     -2.157478245162     31.769572077797     -0.090197657786     -0.995923883904
   853     -2.768812494275     30.978199576467     -0.611334249113     -0.791372501330
   854     -2.465178992457     30.025410671948      0.303633501818     -0.952788904519
   855     -1.781881637853     30.755550881217      0.683297354604      0.730140209269
   856     -1.854051811635     31.752943214262     -0.072170173782      0.997392333045
   857     -0.941274042170     32.161399752428      0.912777769465      0.408456538166
   858     -1.926234673897     31.988620836038     -0.984960631727     -0.172778916390
   859     -1.196531269430     32.672384641390      0.729703404467      0.683763805352
   860     -1.576220348894     31.747270484685     -0.379689079464     -0.925114156705
   861     -2.413170953149     31.199992049118     -0.836950604255     -0.547278435567
   862     -1.962355295334     32.092609124167      0.450815657815      0.892617075049
   863     -2.761377884790     32.693910131598     -0.799022589456      0.601301007432
   864     -3.049873306825     33.651391406332     -0.288495422035      0.957481274733
   865     -2.853148954015     34.631850242291      0.196724352811      0.980458835960
   866     -2.918449259198     33.633984584929     -0.065300305183     -0.997865657362
   867     -1.982677947955     33.986592090599      0.935771311243      0.352607505670
   868     -2.179973198685     34.966936205714     -0.197295250730      0.980344115114
   869     -1.192379134951     35.123964754953      0.987594063735      0.157028549239
   870     -1.676014108791     34.248694961073     -0.483634973841     -0.875269793880
   871     -2.490466586400     33.668464694957     -0.814452477609     -0.580230266116
   872     -3.474066395396     33.488100020635     -0.983599808996     -0.180364674322
   873     -4.141916775240     34.232395573585     -0.667850379845      0.744295552950
   874     -4.950212973049     34.821171640191     -0.808296197809      0.588776066606
   875     -4.110905561346     34.277514516022      0.839307411703     -0.543657124169
   876     -4.847062812532     34.954325051938     -0.736157251186      0.676810535915
   877     -4.468739766304     34.028651420093      0.378323046228     -0.925673631845
   878     -5.465620110542     33.949723736285     -0.996880344238     -0.078927683807
   879     -4.567365787851     33.510247716728      0.898254322691     -0.439476019558
   880     -3.656075821223     33.922012937119      0.911289966628      0.411765220391
   881     -4.049368070732     33.002599424887     -0.393292249509     -0.919413512233
   882     -3.439118758783     32.210389997232      0.610249311949     -0.792209427655
   883     -3.459720104764     31.210602227481     -0.020601345981     -0.999787769751
   884     -4.325509912368     30.710194384769     -0.865789807605     -0.500407842712
   885     -3.411495364819     31.115875795321      0.914014547549      0.405681410553
   886     -3.398808778157     32.115795317342      0.012686586661      0.999919522021
   887     -2.839583872663     32.944811303361      0.559224905494      0.829015986019
   888     -3.443051313939     33.742198942669     -0.603467441276      0.797387639307
   889     -3.001099529119     32.845160136433      0.441951784821     -0.897038806236
   890     -2.883241547024     33.838190597222      0.117857982095      0.993030460790
   891     -2.486056312530     32.920452132571      0.397185234494     -0.917738464651
   892     -1.782970632405     32.209346988163      0.703085680124     -0.711105144409
   893     -1.332375145837     31.316618749848      0.450595486569     -0.892728238314
   894     -0.883728161136     32.210327809397      0.448646984701      0.893709059548
   895     -1.655953780276     32.845676212356     -0.772225619140      0.635348402960
   896     -0.690075706257     33.104673405640      0.965878074019      0.258997193283
   897      0.262646910285     33.408514837855      0.952722616541      0.303841432215
   898      0.241752855609     34.408296533266     -0.020894054675      0.999781695411
   899      0.383515421953     33.418395843912      0.141762566344     -0.989900689354
   900      1.150673565562     34.059853857109      0.767158143609      0.641458013197
   901      0.514720214590     33.288126356377     -0.635953350973     -0.771727500732
   902     -0.142429519055     32.534366296696     -0.657149733645     -0.753760059681
   903      0.270067343868     31.623407275620      0.412496862923     -0.910959021075
   904     -0.323687088370     32.428053579407     -0.593754432238      0.804646303787
   905     -0.938159743564     33.216991698665     -0.614472655194      0.788938119258
   906     -1.876256884522     32.870619421880     -0.938097140958     -0.346372276785
   907     -1.683526344026     33.851871142266      0.192730540496      0.981251720386
   908     -2.648677081046     34.113565725378     -0.965150737020      0.261694583112
   909     -2.819373290570     35.098889430591     -0.170696209524      0.985323705213
   910     -3.819314416885     35.088038444310     -0.999941126315     -0.010850986280
   911     -2.823227786872     34.999656175104      0.996086630013     -0.088382269207
   912     -2.150844954175     35.739859745950      0.672382832697      0.740203570846
   913     -1.229783475004     35.350442551174      0.921061479171     -0.389417194777
   914     -2.186119943890     35.642710507470     -0.956336468886      0.292267956297
   915     -2.732457857708     34.805145653906     -0.546337913817     -0.837564853564
   916     -3.732457748189     34.805613667280     -0.999999890482      0.000468013374
   917     -3.275087265848     35.694889913383      0.457370482342      0.889276246103
   918     -3.938961699883     36.442733971883     -0.663874434036      0.747844058500
   919     -3.117741549653     37.013345455167      0.821220150231      0.570611483284
   920     -2.289382855719     36.453147388244      0.828358693934     -0.560198066923
   921     -1.294690167335     36.556037891575      0.994692688384      0.102890503331
   922     -0.567821757857     37.242814649557      0.726868409477      0.686776757982
   923     -0.573650116437     38.242797664531     -0.005828358579      0.999983014974
   924     -1.133871694949     37.414454871378     -0.560221578513     -0.828342793153
   925     -0.354638814293     38.041189358783      0.779232880657      0.626734487405
   926     -0.012484504237     37.101545581541      0.342154310056     -0.939643777242
   927     -0.873052116136     37.610881801880     -0.860567611900      0.509336220339
   928     -0.693522068820     38.594634292149      0.179530047316      0.983752490269
   929     -1.301937732828     37.801015756712     -0.608415664008     -0.793618535437
   930     -0.571862440389     37.117649041565      0.730075292439     -0.683366715146
   931     -1.031211581160     36.229393241205     -0.459349140771     -0.888255800360
   932     -0.259975156436     35.592844439323      0.771236424725     -0.636548801882
   933      0.371161791024     36.368515860449      0.631136947460      0.775671421126
   934      1.261354829062     36.824099392886      0.890193038038      0.455583532437
   935      0.836957118558     37.729575280648     -0.424397710505      0.905475887762
   936      1.170030793550     36.786674476201      0.333073674992     -0.942900804447
   937      0.781335201146     35.865308242586     -0.388695592404     -0.921366233615
   938      0.145938255939     35.093122564125     -0.635396945208     -0.772185678461
   939      0.907871396530     34.445466876843      0.761933140591     -0.647655687282
   940     -0.074977464870     34.629879771306     -0.982848861400      0.184412894463
   941     -0.808849065481     33.950591560149     -0.733871600611     -0.679288211157
   942     -0.776317375172     32.951120855663      0.032531690309     -0.999470704486
   943     -1.775843777394     32.920347957500     -0.999526402222     -0.030772898163
   944     -1.667442336246     31.926240756260      0.108401441148     -0.994107201240
   945     -2.426505408180     31.275223665221     -0.759063071935     -0.651017091039
   946     -3.079808563391     30.518127246400     -0.653303155211     -0.757096418821
   947     -2.201940713806     30.039224293116      0.877867849585     -0.478902953285
   948     -2.941551794196     30.712258801714     -0.739611080390      0.673034508598
   949     -2.199693852567     30.041701724023      0.741857941629     -0.670557077691
   950     -1.659578967630     30.883293020954      0.540114884937      0.841591296931
   951     -2.006685250024     29.945467222246     -0.347106282394     -0.937825798708
   952     -2.728914348406     29.253813313524     -0.722229098382     -0.691653908722
   953     -3.537471998072     29.842230280619     -0.808557649666      0.588416967096
   954     -3.404065242300     30.833291649816      0.133406755772      0.991061369197
   955     -2.556425130248     31.363863266509      0.847640112052      0.530571616693
   956     -1.777896896156     30.736253683471      0.778528234092     -0.627609583038
   957     -2.641378352699     30.231873098786     -0.863481456543     -0.504380584684
   958     -1.654597327249     30.069813826261      0.986781025450     -0.162059272526
   959     -2.457245910127     30.666266047652     -0.802648582879      0.596452221391
   960     -3.241962249360     31.286121084690     -0.784716339233      0.619855037038
   961     -3.891313895930     30.525632794775     -0.649351646570     -0.760488289915
   962     -3.146346252700     31.192733394790      0.744967643230      0.667100600015
   963     -3.917094601879     30.555593706623     -0.770748349179     -0.637139688167
   964     -3.388914728240     31.404726217532      0.528179873639      0.849132510909
   965     -3.791598395135     30.489387010234     -0.402683666895     -0.915339207298
   966     -4.790060624204     30.433950766472     -0.998462229069     -0.055436243762
   967     -4.096104270478     29.713933697839      0.693956353726     -0.720017068633
   968     -4.034480125065     28.715834271578      0.061624145412     -0.998099426261
   969     -4.828326919117     28.107716464263     -0.793846794051     -0.608117807316
   970     -4.568878426314     27.141959517831      0.259448492803     -0.965756946432
   971     -5.074223231309     28.004877027251     -0.505344804996      0.862917509420
   972     -5.963023289043     27.546581863222     -0.888800057734     -0.458295164028
   973     -5.765261059895     28.526831882719      0.197762229148      0.980250019496
   974     -5.261665258919     27.662892492924      0.503595800976     -0.863939389795
   975     -5.986340532622     28.351983015049     -0.724675273704      0.689090522125
   976     -6.769967414137     27.730751246247     -0.783626881514     -0.621231768802
   977     -7.691774698521     28.118399708717     -0.921807284384      0.387648462471
   978     -7.879839727889     27.136243130198     -0.188065029368     -0.982156578519
   979     -8.515525248899     27.908191262121     -0.635685521010      0.771948131922
   980     -7.742244413706     28.542254941828      0.773280835193      0.634063679707
   981     -7.718245129634     29.541966917531      0.023999284072      0.999711975703
   982     -7.710924687937     30.541940122738      0.007320441697      0.999973205208
   983     -7.962220995124     31.509850328281     -0.251296307187      0.967910205543
   984     -7.644101884274     32.457901081834      0.318119110850      0.948050753553
   985     -8.367262713888     31.767221406072     -0.723160829615     -0.690679675762
   986     -9.301263363094     31.409950098403     -0.934000649206     -0.357271307669
   987     -9.367772748124     32.407735897913     -0.066509385030      0.997785799510
   988    -10.165563548654     33.010670254696     -0.797790800530      0.602934356784
   989    -10.355147868827     33.992534698265     -0.189584320173      0.981864443569
   990    -10.080766453598     33.030913754765      0.274381415228     -0.961620943500
   991     -9.712605876594     33.960675976809      0.368160577005      0.929762222044
   992    -10.067771537398     34.895479353667     -0.355165660804      0.934803376858
   993     -9.348833128038     34.200405570859      0.718938409360     -0.695073782808
   994    -10.201221124295     34.723315413793     -0.852387996257      0.522909842934
   995    -11.027604995671     35.286422594648     -0.826383871376      0.563107180854
   996    -10.945057425598     36.283009720129      0.082547570072      0.996587125481
   997    -11.613663062620     37.026626894583     -0.668605637021      0.743617174454
   998    -12.438263512569     37.592342457338     -0.824600449950      0.565715562755
   999    -12.720864940713     38.551579879883     -0.282601428144      0.959237422545
  1000    -13.521239371454     37.952079445674     -0.800374430741     -0.599500434209
