# File chua thong tin toa do tai lan chay thu 13
##########################################################################################
#  Step                   x                   y            delta_x            delta_y
     1      0.000000000000      0.000000000000      0.000000000000      0.000000000000
     2     -0.106050756332     -0.994360717789     -0.106050756332     -0.994360717789
     3     -0.814504429188     -1.700118036856     -0.708453672856     -0.705757319067
     4     -0.505593592185     -0.749027034489      0.308910837003      0.951091002366
     5     -0.852756513016     -1.686831868344     -0.347162920831     -0.937804833854
     6     -1.844478310071     -1.815236997698     -0.991721797056     -0.128405129355
     7     -2.834160245973     -1.671955227224     -0.989681935901      0.143281770474
     8     -1.942281481202     -1.219680676811      0.891878764770      0.452274550413
     9     -1.909297348720     -0.220224801344      0.032984132482      0.999455875466
    10     -2.073998239960      0.766118757678     -0.164700891240      0.986343559022
    11     -1.963872263951      1.760036394813      0.110125976009      0.993917637135
    12     -1.003635966447      1.480847833164      0.960236297504     -0.279188561649
    13     -0.008711002980      1.380228167741      0.994924963467     -0.100619665423
    14      0.820013519747      1.939884906673      0.828724522726      0.559656738932
    15      1.757934289317      1.593035328312      0.937920769570     -0.346849578361
    16      0.819952913299      1.246349680722     -0.937981376017     -0.346685647590
    17      0.859188772511      0.247119703514      0.039235859211     -0.999229977208
    18      0.251151758086      1.041028381568     -0.608037014425      0.793908678054
    19      0.588216670393      1.982509791310      0.337064912307      0.941481409743
    20      0.492045083186      2.977874561540     -0.096171587207      0.995364770230
    21     -0.101146724844      3.782935726226     -0.593191808030      0.805061164686
    22     -0.841951791128      3.111215655238     -0.740805066284     -0.671720070988
    23     -0.951928750540      4.105149792089     -0.109976959412      0.993934136851
    24     -1.927152411460      3.883928610505     -0.975223660920     -0.221221181584
    25     -2.871600789094      4.212588407233     -0.944448377634      0.328659796728
    26     -2.060518061748      4.797519864244      0.811082727346      0.584931457012
    27     -1.189683079744      4.305944402979      0.870834982004     -0.491575461265
    28     -1.741776639357      3.472162236323     -0.552093559613     -0.833782166656
    29     -2.118790008339      2.545954419681     -0.377013368982     -0.926207816642
    30     -1.903599370958      3.522526480301      0.215190637381      0.976572060620
    31     -2.139770199753      2.550814928642     -0.236170828795     -0.971711551658
    32     -3.119096684797      2.753100953103     -0.979326485044      0.202286024460
    33     -2.872403584752      3.722194609253      0.246693100045      0.969093656150
    34     -1.874362844926      3.784762026074      0.998040739826      0.062567416821
    35     -2.510600118343      3.013268583513     -0.636237273417     -0.771493442561
    36     -3.214953438958      3.723118144856     -0.704353320615      0.709849561343
    37     -4.154924459715      3.381863869956     -0.939971020757     -0.341254274900
    38     -5.150067972287      3.480298565999     -0.995143512572      0.098434696044
    39     -4.698023653191      4.372294044448      0.452044319095      0.891995478449
    40     -4.628482339810      3.374714972027      0.069541313381     -0.997579072421
    41     -3.805654812778      3.943006148060      0.822827527032      0.568291176034
    42     -3.900931620796      4.938456965456     -0.095276808019      0.995450817396
    43     -3.794919106716      3.944092169791      0.106012514081     -0.994364795665
    44     -3.081975696827      3.242870596894      0.712943409889     -0.701221572897
    45     -2.711162184685      4.171577945424      0.370813512142      0.928707348530
    46     -3.529869836605      4.745788517155     -0.818707651920      0.574210571731
    47     -4.293312227253      5.391664446541     -0.763442390649      0.645875929386
    48     -3.404081773506      4.934204939996      0.889230453748     -0.457459506545
    49     -2.636775227368      4.292924452025      0.767306546138     -0.641280487972
    50     -1.903322814939      4.972665254612      0.733452412429      0.679740802588
    51     -1.219842301854      5.702634013008      0.683480513085      0.729968758395
    52     -1.822078560141      6.500951925374     -0.602236258287      0.798317912366
    53     -1.067042806656      5.845268304289      0.755035753485     -0.655683621085
    54     -1.708026007970      6.612823211532     -0.640983201314      0.767554907243
    55     -2.463775543950      7.267683989764     -0.755749535980      0.654860778232
    56     -2.761661876016      8.222285337536     -0.297886332066      0.954601347772
    57     -1.792172849422      8.467420050120      0.969489026594      0.245134712584
    58     -0.851103007270      8.805632338768      0.941069842152      0.338212288649
    59     -1.290925704739      7.907547713139     -0.439822697468     -0.898084625629
    60     -2.165642107426      7.422912577321     -0.874716402688     -0.484635135818
    61     -1.202939015559      7.693472657357      0.962703091867      0.270560080036
    62     -0.445849533604      7.040161463275      0.757089481955     -0.653311194083
    63      0.222843122134      7.783700387718      0.668692655738      0.743538924443
    64     -0.758498937190      7.591430362488     -0.981342059324     -0.192270025230
    65     -0.587753511281      8.576745540252      0.170745425909      0.985315177764
    66      0.079874123764      9.321240900159      0.667627635045      0.744495359908
    67      0.492582898068     10.232103934656      0.412708774304      0.910863034497
    68      1.344596014580      9.708583496380      0.852013116511     -0.523520438276
    69      0.346093215998      9.653882845335     -0.998502798582     -0.054700651045
    70      0.623838607499     10.614537568688      0.277745391501      0.960654723353
    71     -0.318707302552     10.948614217748     -0.942545910051      0.334076649060
    72      0.130436630464     10.055154802086      0.449143933016     -0.893459415662
    73     -0.660568463883     10.666964364546     -0.791005094346      0.611809562460
    74     -1.207109252894     11.504396848957     -0.546540789011      0.837432484411
    75     -1.069293690713     12.494854758623      0.137815562181      0.990457909666
    76     -2.064563359354     12.592005603617     -0.995269668641      0.097150844993
    77     -1.325919572141     11.917909649312      0.738643787214     -0.674095954305
    78     -0.900130969583     11.013086978325      0.425788602558     -0.904822670987
    79     -1.336201494255     10.113174483961     -0.436070524672     -0.899912494364
    80     -2.330912892991     10.010465023704     -0.994711398735     -0.102709460257
    81     -1.806883546846     10.862165231746      0.524029346145      0.851700208042
    82     -1.111576209282     11.580877765608      0.695307337564      0.718712533862
    83     -0.470175440558     12.348083770459      0.641400768724      0.767206004852
    84      0.131557712255     13.146780967654      0.601733152812      0.798697197195
    85     -0.662903041128     12.539465471939     -0.794460753382     -0.607315495715
    86      0.269730051748     12.900291626858      0.932633092875      0.360826154920
    87     -0.487106940894     13.553895303844     -0.756836992642      0.653603676986
    88     -1.462899516213     13.772593383287     -0.975792575319      0.218698079443
    89     -0.483280910045     13.571726794604      0.979618606168     -0.200866588683
    90     -0.452920961396     14.571265825117      0.030359948649      0.999539030513
    91     -1.194917039507     15.241670046515     -0.741996078110      0.670404221398
    92     -0.195255524878     15.215653586896      0.999661514628     -0.026016459620
    93      0.000331013712     16.196340033178      0.195586538590      0.980686446282
    94     -0.669768063192     16.938611699842     -0.670099076904      0.742271666664
    95     -1.651490547054     16.748293637953     -0.981722483861     -0.190318061889
    96     -1.471735718079     17.732005080125      0.179754828975      0.983711442172
    97     -1.848080902604     16.805525559528     -0.376345184525     -0.926479520597
    98     -1.148630003015     16.090844904225      0.699450899588     -0.714680655303
    99     -0.222285175152     15.714168305680      0.926344827863     -0.376676598545
   100      0.667248855753     16.171037223271      0.889534030905      0.456868917591
   101      1.227099846927     16.999630529835      0.559850991174      0.828593306563
   102      0.300177936858     17.374884807137     -0.926921910069      0.375254277303
   103      0.896002757939     18.177999233967      0.595824821082      0.803114426830
   104      0.937546294143     19.177135928619      0.041543536204      0.999136694652
   105      1.704821806748     18.535818310152      0.767275512605     -0.641317618468
   106      2.695998879929     18.403273941726      0.991177073180     -0.132544368426
   107      2.903058346549     17.424945583105      0.207059466621     -0.978328358621
   108      2.045315015724     16.910867399921     -0.857743330825     -0.514078183184
   109      2.837084288809     16.300047116860      0.791769273085     -0.610820283061
   110      3.745165776050     15.881253596697      0.908081487241     -0.418793520163
   111      2.778763268925     15.624220147079     -0.966402507125     -0.257033449619
   112      1.782176705645     15.706774504261     -0.996586563280      0.082554357182
   113      2.702097921442     15.314671256727      0.919921215797     -0.392103247534
   114      3.064647277020     16.246635829428      0.362549355578      0.931964572701
   115      2.806102710654     17.212635160278     -0.258544566366      0.965999330850
   116      2.090893277050     16.513724961408     -0.715209433604     -0.698910198870
   117      1.115303164191     16.733324441578     -0.975590112860      0.219599480169
   118      1.676080465858     15.905357764751      0.560777301667     -0.827966676826
   119      2.135782027845     15.017284302753      0.459701561987     -0.888073461999
   120      2.581328164667     15.912543282022      0.445546136822      0.895258979270
   121      1.659016229491     15.526097044842     -0.922311935177     -0.386446237181
   122      2.432610165560     14.892415403891      0.773593936069     -0.633681640951
   123      2.709327811486     13.931464133309      0.276717645926     -0.960951270582
   124      3.685049709409     14.150477324493      0.975721897923      0.219013191184
   125      3.562419105621     15.142929708749     -0.122630603788      0.992452384256
   126      3.054638283547     16.004416003900     -0.507780822074      0.861486295151
   127      2.056834180762     15.938181779623     -0.997804102785     -0.066234224277
   128      1.936638189413     16.930931961524     -0.120195991349      0.992750181901
   129      2.341378759747     17.845363517588      0.404740570334      0.914431556064
   130      1.502943890163     17.300361710740     -0.838434869583     -0.545001806847
   131      2.502774241031     17.318780980124      0.999830350867      0.018419269384
   132      2.277895014298     16.344394335417     -0.224879226732     -0.974386644707
   133      2.306473685725     17.343985881769      0.028578671427      0.999591546353
   134      2.457914279701     16.355519520938      0.151440593976     -0.988466360832
   135      2.611664023065     15.367409700920      0.153749743364     -0.988109820018
   136      3.538411926307     15.743093509243      0.926747903242      0.375683808324
   137      3.265068263120     16.705009951454     -0.273343663187      0.961916442211
   138      2.265186822547     16.720408159055     -0.999881440573      0.015398207601
   139      2.700501250611     17.620686643036      0.435314428064      0.900278483981
   140      3.187433774658     18.494126232833      0.486932524047      0.873439589797
   141      3.956508576012     19.133285015861      0.769074801354      0.639158783028
   142      4.183371699908     20.107211667625      0.226863123896      0.973926651764
   143      3.349200809479     20.658717719779     -0.834170890429      0.551506052153
   144      3.220162343088     19.667078130920     -0.129038466391     -0.991639588859
   145      3.722305839981     20.531862444219      0.502143496893      0.864784313299
   146      4.636249703567     20.937703070837      0.913943863586      0.405840626618
   147      5.357293055238     20.244813119250      0.721043351671     -0.692889951587
   148      6.034263021811     19.508802477779      0.676969966573     -0.736010641471
   149      6.479779191191     18.613528585151      0.445516169380     -0.895273892628
   150      5.549097674669     18.979359030582     -0.930681516522      0.365830445431
   151      6.529024092209     18.779999515618      0.979926417540     -0.199359514964
   152      7.097330656759     17.957182616977      0.568306564550     -0.822816898641
   153      6.121778362812     18.176950043534     -0.975552293947      0.219767426557
   154      6.984442564194     18.682727144296      0.862664201381      0.505777100762
   155      7.213557267059     17.709327712957      0.229114702865     -0.973399431339
   156      8.176940840788     17.441200709712      0.963383573729     -0.268127003245
   157      7.395776309364     16.816875494103     -0.781164531424     -0.624325215609
   158      7.530774669236     15.826029672175      0.134998359872     -0.990845821928
   159      8.323626923125     16.435443573807      0.792852253889      0.609413901632
   160      8.775244760177     15.543232091447      0.451617837052     -0.892211482361
   161      9.523149148851     16.207038558275      0.747904388674      0.663806466828
   162      8.524061817007     16.164324352794     -0.999087331844     -0.042714205480
   163      9.307307934189     15.542612586845      0.783246117181     -0.621711765950
   164      8.561227762221     16.208468710190     -0.746080171967      0.665856123346
   165      9.436541925950     15.724914044433      0.875314163729     -0.483554665758
   166      9.048029200241     16.646357402411     -0.388512725709      0.921443357978
   167      9.981267498477     17.005615358072      0.933238298236      0.359257955661
   168      9.278201836664     16.294490421665     -0.703065661813     -0.711124936407
   169      9.286215946590     15.294522535160      0.008014109926     -0.999967886505
   170      9.639102244824     14.358856323032      0.352886298235     -0.935666212128
   171     10.238568260786     15.159256532744      0.599466015961      0.800400209712
   172      9.860240625233     14.233584776571     -0.378327635553     -0.925671756173
   173      9.303551974616     15.064305997122     -0.556688650617      0.830721220551
   174      9.411545403095     16.058457604979      0.107993428479      0.994151607857
   175      9.713887074529     15.105257985952      0.302341671434     -0.953199619028
   176      8.960966914427     14.447146116653     -0.752920160102     -0.658111869298
   177      8.236944259622     15.136922308856     -0.724022654805      0.689776192203
   178      7.377039790896     14.626467311167     -0.859904468726     -0.510454997689
   179      8.300016150501     15.011323959299      0.922976359604      0.384856648132
   180      7.755239974981     15.849905451216     -0.544776175520      0.838581491917
   181      7.360092624363     16.768523201589     -0.395147350618      0.918617750373
   182      7.815562914206     15.878272217276      0.455470289843     -0.890250984313
   183      7.200831521625     15.089535686502     -0.614731392580     -0.788736530773
   184      7.123088273546     14.092562272926     -0.077743248079     -0.996973413576
   185      6.343221430884     14.718507723997     -0.779866842662      0.625945451071
   186      5.472515891520     15.210312424789     -0.870705539364      0.491804700792
   187      4.800962721711     14.469356056223     -0.671553169809     -0.740956368566
   188      5.309430426845     15.330437116771      0.508467705134      0.861081060549
   189      4.331864907079     15.119805555591     -0.977565519766     -0.210631561180
   190      5.226813349850     14.673635986053      0.894948442771     -0.446169569538
   191      4.441848161356     14.054096114171     -0.784965188495     -0.619539871882
   192      3.818524003003     14.836059664226     -0.623324158353      0.781963550055
   193      4.294693054975     15.715413423496      0.476169051972      0.879353759271
   194      5.162202834249     16.212833550616      0.867509779274      0.497420127120
   195      4.633274157658     15.364167270457     -0.528928676592     -0.848666280159
   196      3.639103548897     15.256348901539     -0.994170608761     -0.107818368918
   197      4.428656938827     14.642667025931      0.789553389930     -0.613681875608
   198      3.776883799627     13.884253039366     -0.651773139201     -0.758413986564
   199      3.344464407000     12.982580444196     -0.432419392627     -0.901672595170
   200      3.390872245496     13.981503020038      0.046407838496      0.998922575842
   201      2.444747934924     14.305306647173     -0.946124310571      0.323803627135
   202      2.144294698670     15.259103194045     -0.300453236254      0.953796546872
   203      3.110828140372     15.002562542156      0.966533441702     -0.256540651889
   204      2.665961209423     14.106965861865     -0.444866930949     -0.895596680291
   205      3.031765154916     13.176273929235      0.365803945492     -0.930691932630
   206      3.288308008256     14.142806786618      0.256542853340      0.966532857382
   207      3.724312670859     13.242862380453      0.436004662603     -0.899944406165
   208      2.728597722711     13.150386751048     -0.995714948148     -0.092475629404
   209      3.533755836567     12.557326541886      0.805158113856     -0.593060209162
   210      4.505665568960     12.792680471278      0.971909732393      0.235353929392
   211      4.303236887719     13.771977478836     -0.202428681241      0.979297007557
   212      3.699027771275     14.568803271344     -0.604209116444      0.796825792508
   213      4.429508332422     13.885869782791      0.730480561147     -0.682933488553
   214      3.767476436148     13.136394120535     -0.662031896274     -0.749475662257
   215      4.366052664783     12.335328268989      0.598576228635     -0.801065851546
   216      5.089798869242     13.025394520541      0.723746204459      0.690066251553
   217      5.511748471383     13.932013808475      0.421949602141      0.906619287933
   218      4.632272584250     13.456070362306     -0.879475887134     -0.475943446168
   219      3.678150598734     13.755488526009     -0.954121985516      0.299418163703
   220      2.864215478748     14.336444307850     -0.813935119985      0.580955781841
   221      2.332100950575     15.183116693668     -0.532114528173      0.846672385818
   222      1.610813629407     14.490480714007     -0.721287321168     -0.692635979662
   223      2.289614751300     13.756158552474      0.678801121892     -0.734322161532
   224      1.710477827225     14.571388840905     -0.579136924074      0.815230288430
   225      2.228278414668     15.426890186107      0.517800587443      0.855501345203
   226      2.696108384875     14.543071698534      0.467829970207     -0.883818487573
   227      3.022172441856     15.488419375712      0.326064056981      0.945347677178
   228      4.014102392665     15.615206491331      0.991929950810      0.126787115619
   229      4.611278584254     16.417316581156      0.597176191588      0.802110089826
   230      4.379634611703     17.390117213342     -0.231643972551      0.972800632186
   231      3.380035753164     17.418438971907     -0.999598858539      0.028321758565
   232      3.538079765517     16.431006903277      0.158044012352     -0.987432068630
   233      2.538222245790     16.447887076427     -0.999857519727      0.016880173150
   234      3.535936987508     16.380320115872      0.997714741718     -0.067566960554
   235      4.314848403854     17.007454077228      0.778911416346      0.627133961356
   236      5.158263543166     16.470191662035      0.843415139312     -0.537262415193
   237      5.111161287483     17.469081734820     -0.047102255683      0.998890072786
   238      5.030055823121     18.465787259863     -0.081105464361      0.996705525043
   239      5.694676259884     19.212968412621      0.664620436763      0.747181152758
   240      4.815532401598     19.689524890321     -0.879143858286      0.476556477700
   241      5.142957080769     20.634402173078      0.327424679170      0.944877282757
   242      4.387737894807     19.978929838684     -0.755219185961     -0.655472334394
   243      5.232321721135     20.514353185490      0.844583826328      0.535423346806
   244      4.403472534997     21.073825281880     -0.828849186138      0.559472096389
   245      4.521159963981     20.080774593818      0.117687428984     -0.993050688061
   246      3.783533339254     19.405565765015     -0.737626624727     -0.675208828803
   247      2.898654700748     19.871387399459     -0.884878638506      0.465821634444
   248      3.478812769271     19.056883491839      0.580158068523     -0.814503907619
   249      2.815271447559     19.805023127456     -0.663541321712      0.748139635616
   250      3.135785675619     18.857779426178      0.320514228061     -0.947243701278
   251      2.444957491781     19.580798388871     -0.690828183839      0.723018962693
   252      1.843259739209     18.782074522601     -0.601697752572     -0.798723866270
   253      1.692815804707     17.793455980102     -0.150443934502     -0.988618542498
   254      1.885601722571     16.812215138172      0.192785917864     -0.981240841931
   255      2.561615348039     17.549104260212      0.676013625468      0.736889122041
   256      1.567910690542     17.437072775045     -0.993704657497     -0.112031485167
   257      1.192053004181     16.510395377240     -0.375857686361     -0.926677397805
   258      0.306453889010     16.974845812926     -0.885599115171      0.464450435686
   259     -0.322998883323     17.751884555462     -0.629452772333      0.777038742537
   260      0.383064716932     17.043736130063      0.706063600254     -0.708148425400
   261      1.237729147537     16.524555322387      0.854664430605     -0.519180807675
   262      0.336285717031     16.957452240368     -0.901443430506      0.432896917980
   263      1.295945559397     16.676288610164      0.959659842366     -0.281163630204
   264      2.050634215231     17.332371709135      0.754688655834      0.656083098971
   265      1.877253255855     16.347516875707     -0.173380959376     -0.984854833428
   266      0.896581901230     16.151854681560     -0.980671354625     -0.195662194147
   267      0.072490935470     15.585397198467     -0.824090965760     -0.566457483093
   268     -0.858280977705     15.950997589117     -0.930771913175      0.365600390651
   269     -1.074504233092     16.927341536622     -0.216223255387      0.976343947505
   270     -0.365279869463     17.632324374736      0.709224363629      0.704982838113
   271     -1.112933932812     16.968235975833     -0.747654063350     -0.664088398903
   272     -0.740812976906     17.896420221647      0.372120955906      0.928184245813
   273      0.198670187603     17.553825149289      0.939483164509     -0.342595072357
   274      0.958106105105     18.204407263405      0.759435917502      0.650582114116
   275      1.832572533383     17.719321223805      0.874466428278     -0.485086039600
   276      0.832688226827     17.734532190332     -0.999884306556      0.015210966527
   277      1.831223763420     17.788631933042      0.998535536593      0.054099742710
   278      1.507071302570     16.842627079923     -0.324152460850     -0.946004853119
   279      0.508738196815     16.784912177574     -0.998333105755     -0.057714902349
   280      1.168801724842     17.536121961169      0.660063528027      0.751209783595
   281      2.120703041352     17.842526732062      0.951901316510      0.306404770893
   282      2.642290692400     16.989329027967      0.521587651048     -0.853197704095
   283      3.640582257721     17.047758049936      0.998291565321      0.058429021970
   284      3.515510262340     16.055610381506     -0.125071995382     -0.992147668430
   285      3.535830762783     17.055403898820      0.020320500443      0.999793517313
   286      4.500090381207     17.320363118846      0.964259618424      0.264959220026
   287      3.522132422734     17.111561223597     -0.977957958473     -0.208801895249
   288      3.049507551995     16.230297510762     -0.472624870739     -0.881263712835
   289      3.329337750880     15.270248001730      0.279830198885     -0.960049509032
   290      4.259071188424     15.638481263554      0.929733437544      0.368233261823
   291      3.766788037710     16.508916384354     -0.492283150714      0.870435120801
   292      4.301951017719     17.353665213787      0.535162980009      0.844748829433
   293      4.534485698980     16.381077108775      0.232534681261     -0.972588105012
   294      5.050182825538     15.524306151249      0.515697126558     -0.856770957526
   295      5.706039745440     16.279191374721      0.655856919902      0.754885223473
   296      4.727681761977     16.072271930991     -0.978357983463     -0.206919443730
   297      3.961637853450     15.429483684203     -0.766043908527     -0.642788246788
   298      4.863189036680     14.996811216837      0.901551183230     -0.432672467366
   299      4.451358518644     14.085550757685     -0.411830518036     -0.911260459152
   300      3.749038585953     14.797412199361     -0.702319932691      0.711861441676
   301      4.702812481243     15.097937334191      0.953773895290      0.300525134829
   302      4.723629188807     16.097720643056      0.020816707564      0.999783308866
   303      4.243017530021     15.220787103135     -0.480611658786     -0.876933539921
   304      3.349879499549     14.771004423915     -0.893138030471     -0.449782679219
   305      2.611554206584     14.096559643546     -0.738325292966     -0.674444780369
   306      1.891874877973     14.790866250149     -0.719679328610      0.694306606602
   307      2.103885497035     13.813598887855      0.212010619062     -0.977267362294
   308      2.993974115671     14.269386394239      0.890088618635      0.455787506384
   309      3.443492211527     13.376115169192      0.449518095856     -0.893271225047
   310      4.276450893253     12.822779977344      0.832958681726     -0.553335191847
   311      3.471597795910     13.416254064139     -0.804853097344      0.593474086794
   312      2.766773117388     14.125635606432     -0.704824678522      0.709381542293
   313      1.767028963769     14.103016426382     -0.999744153618     -0.022619180050
   314      2.588609062440     14.673109525330      0.821580098671      0.570093098948
   315      2.798469430479     13.695378158375      0.209860368039     -0.977731366954
   316      3.530699381713     13.014320672904      0.732229951233     -0.681057485472
   317      2.836555615496     12.294484280504     -0.694143766216     -0.719836392400
   318      2.037518251122     12.895765654183     -0.799037364374      0.601281373679
   319      1.404245959569     13.669694723769     -0.633272291553      0.773929069586
   320      0.412000228688     13.545403092721     -0.992245730881     -0.124291631048
   321     -0.077915998037     14.417172609734     -0.489916226725      0.871769517012
   322      0.575077848556     15.174535822672      0.652993846593      0.757363212938
   323      0.321722671476     16.141909149907     -0.253355177081      0.967373327235
   324     -0.457880769270     16.768182632643     -0.779603440745      0.626273482736
   325      0.332843249334     17.380355423939      0.790724018604      0.612172791296
   326      1.329115842564     17.466616191260      0.996272593230      0.086260767321
   327      1.964782054070     18.238580223809      0.635666211506      0.771964032549
   328      2.587961004121     17.456500946361      0.623178950051     -0.782079277448
   329      2.724735738980     16.465898769953      0.136774734858     -0.990602176408
   330      2.588316334911     15.475247597141     -0.136419404068     -0.990651172812
   331      3.356493745202     16.115484636306      0.768177410291      0.640237039165
   332      2.459527963551     16.557584609781     -0.896965781651      0.442099973476
   333      1.634097275845     17.122088090544     -0.825430687706      0.564503480763
   334      0.894782940342     16.448727627405     -0.739314335504     -0.673360463139
   335      1.224720368652     15.504724823702      0.329937428311     -0.944002803703
   336      0.395776390981     14.945393185152     -0.828943977671     -0.559331638549
   337     -0.285501771119     15.677417819879     -0.681278162100      0.732024634726
   338     -1.146255201054     15.168395685925     -0.860753429935     -0.509022133954
   339     -1.162538734368     16.168263100407     -0.016283533314      0.999867414482
   340     -2.162482511581     16.157659213684     -0.999943777213     -0.010603886723
   341     -1.644613035822     17.013118859768      0.517869475759      0.855459646084
   342     -2.426677566364     17.636316316493     -0.782064530541      0.623197456725
   343     -1.433425646832     17.520339489728      0.993251919532     -0.115976826765
   344     -2.093505575177     18.271534862581     -0.660079928345      0.751195372853
   345     -2.716176726168     17.489051228424     -0.622671150991     -0.782483634157
   346     -1.966374408944     18.150713139891      0.749802317223      0.661661911467
   347     -0.979160670470     18.310115255838      0.987213738474      0.159402115947
   348     -1.528533123374     19.145692845288     -0.549372452904      0.835577589449
   349     -2.147992686418     19.930721411490     -0.619459563044      0.785028566202
   350     -1.402007664053     19.264758690006      0.745985022365     -0.665962721485
   351     -1.037212393571     20.195846446683      0.364795270482      0.931087756677
   352     -1.536695801314     19.329522993584     -0.499483407743     -0.866323453099
   353     -2.364815905340     18.768972288198     -0.828120104026     -0.560550705386
   354     -2.679174932457     17.819668120889     -0.314359027117     -0.949304167309
   355     -1.990646667792     18.544877627691      0.688528264665      0.725209506803
   356     -2.978737034035     18.391002911976     -0.988090366244     -0.153874715716
   357     -1.996333817565     18.204230536424      0.982403216470     -0.186772375551
   358     -1.752988681960     19.174170300006      0.243345135605      0.969939763582
   359     -1.262445471307     20.045587168377      0.490543210654      0.871416868371
   360     -0.711118512493     20.879876437447      0.551326958814      0.834289269070
   361     -0.397981840295     19.930168364129      0.313136672197     -0.949708073318
   362     -1.305765531439     19.510729727266     -0.907783691144     -0.419438636863
   363     -0.508070981750     20.113791420128      0.797694549689      0.603061692861
   364      0.123838931381     20.888833265248      0.631909913131      0.775041845120
   365      0.864187742755     21.561056172843      0.740348811375      0.672222907596
   366      1.741192502057     21.080574485199      0.877004759302     -0.480481687644
   367      0.848510633169     21.531261827997     -0.892681868888      0.450687342798
   368      0.033562297726     20.951728213304     -0.814948335443     -0.579533614693
   369      1.006884241283     21.181171875649      0.973321943557      0.229443662345
   370      1.697986325131     20.458414717469      0.691102083848     -0.722757158181
   371      2.531681135648     21.010640181312      0.833694810517      0.552225463844
   372      2.888254960722     20.076373031471      0.356573825074     -0.934267149841
   373      2.936008712984     19.077513892681      0.047753752262     -0.998859138790
   374      3.905743190622     19.321675812071      0.969734477638      0.244161919390
   375      4.695700594510     19.934837536286      0.789957403888      0.613161724215
   376      3.754478218303     20.272625100485     -0.941222376207      0.337787564199
   377      3.320197943544     19.371847301605     -0.434280274759     -0.900777798880
   378      2.742554212286     18.555558308823     -0.577643731259     -0.816288992782
   379      3.713063629168     18.314495097732      0.970509416883     -0.241063211091
   380      4.170891270242     17.425454125071      0.457827641073     -0.889040972661
   381      4.406129513476     18.397391864291      0.235238243234      0.971937739220
   382      4.803456387351     17.479714712295      0.397326873876     -0.917677151996
   383      4.042331446126     16.831109421039     -0.761124941225     -0.648605291256
   384      5.039073818387     16.911760790157      0.996742372260      0.080651369118
   385      4.493167088582     16.073914836324     -0.545906729805     -0.837845953833
   386      4.900377307274     15.160580375246      0.407210218692     -0.913334461078
   387      3.957029180442     14.828775746582     -0.943348126832     -0.331804628664
   388      3.439124881142     15.684214310576     -0.517904299300      0.855438563993
   389      2.552128580316     16.145990839127     -0.886996300826      0.461776528551
   390      1.580215861034     15.910649244634     -0.971912719282     -0.235341594493
   391      1.279341303466     14.956985519515     -0.300874557569     -0.953663725119
   392      1.685143026969     14.043024381829      0.405801723504     -0.913961137687
   393      0.793061261158     13.591150369402     -0.892081765811     -0.451874012427
   394      1.543496461888     14.252094398428      0.750435200729      0.660944029027
   395      2.049464476040     13.389542157312      0.505968014152     -0.862552241117
   396      2.395297237582     12.451245988160      0.345832761542     -0.938296169151
   397      3.343114422975     12.770060327666      0.947817185393      0.318814339505
   398      2.699662759204     13.535547072418     -0.643451663770      0.765486744752
   399      2.633819689845     14.533377063056     -0.065843069359      0.997829990638
   400      3.625604569804     14.405460090439      0.991784879960     -0.127916972617
   401      4.102867653860     15.284220551883      0.477263084055      0.878760461444
   402      4.383606658551     16.244004700140      0.280739004691      0.959784148257
   403      4.177997105978     15.265370594924     -0.205609552573     -0.978634105215
   404      5.174493635485     15.181736471022      0.996496529507     -0.083634123902
   405      4.204002948854     15.422875076730     -0.970490686631      0.241138605707
   406      5.059511461584     14.905086331539      0.855508512730     -0.517788745191
   407      4.812602276447     15.874124955276     -0.246909185137      0.969038623737
   408      3.815254807135     15.946912491688     -0.997347469312      0.072787536412
   409      3.593583039504     14.971791151836     -0.221671767630     -0.975121339852
   410      3.597460243571     15.971783635452      0.003877204067      0.999992483616
   411      3.078700591074     16.826703762096     -0.518759652497      0.854920126644
   412      2.210839060543     16.329897598864     -0.867861530531     -0.496806163232
   413      1.331564865142     15.853581643534     -0.879274195401     -0.476315955330
   414      2.105100428543     15.219828748350      0.773535563400     -0.633752895185
   415      1.193543788459     15.631003275673     -0.911556640083      0.411174527324
   416      0.689070163738     16.494430378538     -0.504473624721      0.863427102864
   417      0.100042834864     17.302543493046     -0.589027328874      0.808113114508
   418     -0.160548942337     16.337094413262     -0.260591777201     -0.965449079784
   419      0.725117786155     16.801415903225      0.885666728492      0.464321489963
   420     -0.238112818629     17.070091920032     -0.963230604784      0.268676016807
   421     -0.369778841658     16.078797786902     -0.131666023029     -0.991294133131
   422     -0.095838522424     15.117051093901      0.273940319234     -0.961746693001
   423     -0.030439201626     14.119191921052      0.065399320798     -0.997859172849
   424      0.701593545219     14.800461366680      0.732032746845      0.681269445629
   425      0.104499879412     15.602632890890     -0.597093665807      0.802171524210
   426     -0.638508931577     16.271914525774     -0.743008810989      0.669281634883
   427      0.222445083133     16.780597319423      0.860954014710      0.508682793649
   428     -0.728809890803     17.089002855302     -0.951254973936      0.308405535880
   429     -1.314851433822     16.278721848579     -0.586041543019     -0.810281006723
   430     -1.501919814214     17.261068743041     -0.187068380392      0.982346894461
   431     -1.014933939973     18.134478588583      0.486985874241      0.873409845542
   432     -0.019335454143     18.040757432947      0.995598485830     -0.093721155636
   433      0.565850768786     17.229858496893      0.585186222930     -0.810898936054
   434      1.276573916619     17.933330320873      0.710723147833      0.703471823981
   435      1.718225205772     17.036143529402      0.441651289153     -0.897186791471
   436      0.987079002610     16.353922722330     -0.731146203162     -0.682220807072
   437      1.703184926322     15.655931099154      0.716105923712     -0.697991623177
   438      1.513986589010     16.637869991936     -0.189198337311      0.981938892782
   439      0.548711819260     16.899106702381     -0.965274769750      0.261236710445
   440      1.146188466129     17.700993013803      0.597476646868      0.801886311423
   441      1.985193022618     17.156868621600      0.839004556489     -0.544124392203
   442      2.454110239714     18.040110742148      0.468917217096      0.883242120548
   443      1.703365550176     17.379518272367     -0.750744689537     -0.660592469781
   444      1.675403837865     16.379909277487     -0.027961712312     -0.999608994880
   445      2.295393798500     15.595299534551      0.619989960635     -0.784609742937
   446      1.387349950951     16.014174660249     -0.908043847549      0.418875125698
   447      2.354641969259     15.760509228394      0.967292018308     -0.253665431855
   448      2.901396188622     14.923216075664      0.546754219363     -0.837293152730
   449      3.854733807445     14.621309824427      0.953337618824     -0.301906251237
   450      2.873257756710     14.429724955939     -0.981476050735     -0.191584868488
   451      1.873302146543     14.420302764274     -0.999955610167     -0.009422191665
   452      2.865374983115     14.294638581083      0.992072836571     -0.125664183191
   453      3.400297226034     15.139539873560      0.534922242919      0.844901292478
   454      2.400317253239     15.133211049872     -0.999979972795     -0.006328823688
   455      1.407779852861     15.255151645456     -0.992537400378      0.121940595583
   456      1.097595747865     16.205828152480     -0.310184104996      0.950676507024
   457      1.126221625626     15.206237956889      0.028625877761     -0.999590195591
   458      1.007732978877     16.199193364040     -0.118488646749      0.992955407152
   459      1.784694276475     15.569645000500      0.776961297597     -0.629548363540
   460      1.606564781054     14.585637946226     -0.178129495420     -0.984007054274
   461      2.600660744762     14.694142392863      0.994095963708      0.108504446637
   462      3.349794510058     14.031723641850      0.749133765296     -0.662418751013
   463      2.745771115399     13.234757056161     -0.604023394659     -0.796966585689
   464      3.367176680359     14.018246126817      0.621405564960      0.783489070656
   465      4.229807412384     14.524080309297      0.862630732026      0.505834182480
   466      3.392799428479     13.976889634231     -0.837007983905     -0.547190675066
   467      2.938648861500     14.867814581974     -0.454150566979      0.890924947744
   468      2.515919200638     15.774070414412     -0.422729660862      0.906255832438
   469      3.031392875468     16.630975829588      0.515473674829      0.856905415176
   470      2.826492089184     17.609758577587     -0.204900786283      0.978782747999
   471      1.832597579015     17.499424074118     -0.993894510169     -0.110334503469
   472      2.809167619354     17.714623879678      0.976570040339      0.215199805559
   473      2.523262035716     16.756366086991     -0.285905583638     -0.958257792687
   474      2.961018134732     17.655459851720      0.437756099016      0.899093764729
   475      2.341500521784     16.870477095701     -0.619517612949     -0.784982756018
   476      2.324393367513     15.870623433772     -0.017107154271     -0.999853661929
   477      2.080792690651     16.840499049629     -0.243600676862      0.969875615856
   478      1.453016342260     17.618892816562     -0.627776348392      0.778393766933
   479      1.935949987060     18.494549766925      0.482933644801      0.875656950363
   480      2.884440665624     18.811354805833      0.948490678564      0.316805038908
   481      3.808469914466     19.193676590831      0.924029248842      0.382321784998
   482      3.165619737130     19.959668529103     -0.642850177336      0.765991938273
   483      3.791570922461     19.179806288972      0.625951185331     -0.779862240131
   484      4.780478310163     19.031272863276      0.988907387702     -0.148533425696
   485      4.450993665548     19.975433797102     -0.329484644615      0.944160933826
   486      3.451083758920     19.988856860304     -0.999909906629      0.013423063202
   487      4.331739536785     20.462613549874      0.880655777865      0.473756689570
   488      4.083521205774     19.493909436045     -0.248218331011     -0.968704113829
   489      4.230034847174     20.483118085867      0.146513641400      0.989208649823
   490      4.397985142569     19.497322621140      0.167950295395     -0.985795464727
   491      5.397743526713     19.519303825224      0.999758384144      0.021981204084
   492      6.397729333702     19.513975990612      0.999985806988     -0.005327834612
   493      6.122936981459     20.475479585587     -0.274792352243      0.961503594975
   494      6.199978372462     21.472507480920      0.077041391003      0.997027895333
   495      7.157739275029     21.184941743191      0.957760902566     -0.287565737729
   496      6.550980948527     21.979828108164     -0.606758326502      0.794886364973
   497      6.963277113482     21.068778234468      0.412296164956     -0.911049873697
   498      7.604277328483     20.301237535632      0.641000215001     -0.767540698836
   499      8.238341830974     19.527957375094      0.634064502491     -0.773280160538
   500      8.741918426728     18.664006790739      0.503576595754     -0.863950584356
   501      9.696402674998     18.962268118780      0.954484248270      0.298261328042
   502      8.896406605213     18.362262878529     -0.799996069785     -0.600005240251
   503      8.638850290572     17.395999588950     -0.257556314641     -0.966263289579
   504      7.638970135371     17.411481037034     -0.999880155201      0.015481448084
   505      6.669078429723     17.167944429282     -0.969891705648     -0.243536607752
   506      6.256229840328     16.257144757436     -0.412848589394     -0.910799671846
   507      6.727877101432     17.138932068012      0.471647261104      0.881787310576
   508      6.988192394776     16.173408402817      0.260315293343     -0.965523665195
   509      6.812459287886     17.157846250090     -0.175733106890      0.984437847273
   510      5.813836551881     17.210311773380     -0.998622736005      0.052465523290
   511      6.158845975028     16.271712552232      0.345009423147     -0.938599221148
   512      5.290158065203     15.776352768516     -0.868687909825     -0.495359783716
   513      4.615613884610     15.038118287860     -0.674544180592     -0.738234480656
   514      5.582154008234     14.781602811865      0.966540123624     -0.256515475996
   515      5.223834032546     13.848003971343     -0.358319975688     -0.933598840522
   516      5.124594015368     12.852940446240     -0.099240017179     -0.995063525103
   517      4.163296989636     13.128454562612     -0.961297025731      0.275514116372
   518      3.426176782847     13.804216207530     -0.737120206790      0.675761644918
   519      2.427644590104     13.750054781628     -0.998532192743     -0.054161425901
   520      1.468507840373     13.467111862799     -0.959136749731     -0.282942918830
   521      0.665684657469     14.063329052245     -0.802823182904      0.596217189447
   522      1.091759378318     14.968017027325      0.426074720849      0.904687975079
   523      1.084218640266     15.967988595555     -0.007540738053      0.999971568231
   524      1.804081404710     16.662105012568      0.719862764444      0.694116417013
   525      2.616797647148     17.244764698214      0.812716242438      0.582659685646
   526      1.632529932184     17.421448215497     -0.984267714964      0.176683517283
   527      2.630871323842     17.363876818934      0.998341391658     -0.057571396563
   528      1.903406522824     16.677731817290     -0.727464801018     -0.686145001644
   529      0.910462046333     16.559151605601     -0.992944476492     -0.118580211690
   530      1.456251938267     15.721229536514      0.545789891934     -0.837922069087
   531      2.039338659331     14.908819617989      0.583086721064     -0.812409918525
   532      1.045883103947     14.794600269911     -0.993455555385     -0.114219348078
   533      0.198726262797     15.325943178487     -0.847156841149      0.531342908576
   534     -0.383820523754     16.138740349667     -0.582546786552      0.812797171180
   535     -0.929826141833     15.300958835771     -0.546005618079     -0.837781513896
   536     -1.904579839800     15.077675992050     -0.974753697967     -0.223282843721
   537     -2.608036028031     14.366937368335     -0.703456188230     -0.710738623715
   538     -1.859903844963     15.030487092666      0.748132183067      0.663549724330
   539     -2.139860241375     14.070474376027     -0.279956396412     -0.960012716639
   540     -1.879417724973     15.035963731561      0.260442516402      0.965489355534
   541     -2.474435089405     14.232250887304     -0.595017364432     -0.803712844257
   542     -3.251000251408     13.602213944607     -0.776565162003     -0.630036942697
   543     -2.360315045713     13.147593372749      0.890685205695     -0.454620571858
   544     -1.401706387101     12.862866416466      0.958608658612     -0.284726956283
   545     -0.419397417874     13.050133842830      0.982308969227      0.187267426364
   546     -1.363296535854     12.719899902908     -0.943899117980     -0.330233939922
   547     -2.105199447974     12.049392580808     -0.741902912120     -0.670507322099
   548     -1.106498795669     12.100353419550      0.998700652305      0.050960838741
   549     -1.398240017122     13.056850706375     -0.291741221453      0.956497286826
   550     -2.329168914528     13.422051182790     -0.930928897407      0.365200476415
   551     -2.392440163652     14.420047550035     -0.063271249123      0.997996367245
   552     -1.575394915262     13.843473996979      0.817045248390     -0.576573553056
   553     -1.092503626752     14.719154305928      0.482891288510      0.875680308949
   554     -0.812308147639     15.679097269590      0.280195479113      0.959942963662
   555     -0.734376124451     14.682138594538      0.077932023188     -0.996958675052
   556     -1.721452225036     14.842390807169     -0.987076100585      0.160252212631
   557     -1.502902478093     13.866564998886      0.218549746943     -0.975825808283
   558     -1.248336069936     14.833620294015      0.254566408157      0.967055295129
   559     -0.253518238011     14.731946889015      0.994817831925     -0.101673405000
   560      0.699860269231     15.033723995383      0.953378507243      0.301777106368
   561     -0.131825370932     15.588970783709     -0.831685640163      0.555246788326
   562      0.233730967448     14.658181568328      0.365556338380     -0.930789215381
   563      1.097271331713     15.162461291583      0.863540364264      0.504279723255
   564      1.521610599112     14.256958013762      0.424339267399     -0.905503277820
   565      1.401218294742     15.249684407613     -0.120392304370      0.992726393851
   566      0.473090119335     14.877423625342     -0.928128175406     -0.372260782271
   567     -0.175253117483     15.638771802769     -0.648343236818      0.761348177427
   568      0.546282710826     16.331148902670      0.721535828309      0.692377099900
   569     -0.055726916018     15.532660074203     -0.602009626844     -0.798488828467
   570     -0.628033111692     14.712620063963     -0.572306195674     -0.820040010239
   571      0.282306663710     15.126481747766      0.910339775402      0.413861683803
   572     -0.680007171434     15.398423069913     -0.962313835144      0.271941322146
   573     -0.669465398384     16.398367503879      0.010541773049      0.999944433967
   574     -1.344395465221     17.136249205021     -0.674930066837      0.737881701141
   575     -0.819045974484     16.285362659950      0.525349490738     -0.850886545070
   576     -0.318596441111     15.419596949988      0.500449533373     -0.865765709962
   577     -1.172977961845     14.899950707793     -0.854381520734     -0.519646242195
   578     -0.622281170157     15.734656071154      0.550696791688      0.834705363362
   579     -0.190210134361     16.636495646703      0.432071035796      0.901839575549
   580      0.577440020250     15.995626518000      0.767650154611     -0.640869128703
   581      1.250842063488     15.256350055394      0.673402043238     -0.739276462606
   582      1.027226584041     16.231027498116     -0.223615479447      0.974677442722
   583      1.975882269310     16.547338090425      0.948655685269      0.316310592308
   584      2.669652043742     17.267534938574      0.693769774432      0.720196848149
   585      2.010432004565     16.515584847180     -0.659220039177     -0.751950091394
   586      2.801780034276     15.904218920854      0.791348029711     -0.611365926326
   587      2.705173205501     16.899541542236     -0.096606828775      0.995322621382
   588      1.726847231834     16.692470807343     -0.978325973667     -0.207070734893
   589      1.147513527535     17.507561268005     -0.579333704299      0.815090460662
   590      0.439799732495     16.801062022210     -0.707713795040     -0.706499245795
   591     -0.391759769351     17.356497702456     -0.831559501846      0.555435680246
   592     -1.362388382097     17.597080528356     -0.970628612746      0.240582825900
   593     -0.388750624244     17.368980733347      0.973637757853     -0.228099795009
   594     -0.286139351371     18.363702265576      0.102611272874      0.994721532229
   595     -1.167486357873     17.891232738378     -0.881347006502     -0.472469527197
   596     -0.849619983239     16.943097216484      0.317866374633     -0.948135521894
   597     -0.712493370091     17.933650744551      0.137126613148      0.990553528067
   598     -1.702805710216     17.794793015215     -0.990312340125     -0.138857729336
   599     -2.447031820972     17.126865252602     -0.744226110756     -0.667927762613
   600     -3.315000963844     16.630247122625     -0.867969142872     -0.496618129977
   601     -3.228364733319     17.626487135654      0.086636230525      0.996240013029
   602     -2.295996564545     17.264976972784      0.932368168773     -0.361510162870
   603     -2.679536023065     16.341452482715     -0.383539458520     -0.923524490070
   604     -3.679478270745     16.330705329376     -0.999942247680     -0.010747153339
   605     -2.679485482088     16.334503043641      0.999992788657      0.003797714265
   606     -1.711411614023     16.083837956385      0.968073868065     -0.250665087256
   607     -0.770272622724     16.421857776894      0.941138991299      0.338019820510
   608     -1.395096604846     15.641092132565     -0.624823982122     -0.780765644329
   609     -0.696838716762     14.925245835007      0.698257888085     -0.715846297558
   610      0.303090441480     14.937148712715      0.999929158242      0.011902877708
   611      1.103977822322     15.535963711866      0.800887380842      0.598814999151
   612      0.300606591502     16.131442229942     -0.803371230820      0.595478518076
   613      1.150174492119     16.658921501801      0.849567900617      0.527479271859
   614      0.252267753277     16.218735758799     -0.897906738842     -0.440185743002
   615     -0.381118093604     15.444899620479     -0.633385846881     -0.773836138320
   616     -1.248034150048     14.946445459016     -0.866916056444     -0.498454161463
   617     -1.094027822588     13.958375597568      0.154006327460     -0.988069861448
   618     -0.133659898774     14.237111047252      0.960367923813      0.278735449684
   619     -0.385031104273     15.205001804024     -0.251371205499      0.967890756773
   620     -0.258953029322     14.212981482147      0.126078074951     -0.992020321877
   621      0.728310449572     14.372075238285      0.987263478894      0.159093756137
   622      0.604711045483     13.379743042239     -0.123599404089     -0.992332196046
   623     -0.072307752499     12.643777318052     -0.677018797983     -0.735965724187
   624     -0.746524563460     11.905243844323     -0.674216810961     -0.738533473729
   625     -0.640167631975     12.899571860184      0.106356931485      0.994328015861
   626     -0.072629753666     13.722919148200      0.567537878309      0.823347288017
   627      0.573011956990     12.959278669008      0.645641710656     -0.763640479192
   628      1.536364721643     12.691040992991      0.963352764653     -0.268237676017
   629      2.243803783705     13.397815337084      0.707439062062      0.706774344093
   630      1.456974859262     12.780644174715     -0.786828924443     -0.617171162369
   631      1.536055331829     13.777512410170      0.079080472567      0.996868235455
   632      1.280946487300     14.744424752341     -0.255108844529      0.966912342171
   633      0.477726053826     15.340106660117     -0.803220433473      0.595681907775
   634      0.271843757752     14.361529897587     -0.205882296074     -0.978576762530
   635     -0.722866180261     14.258806291646     -0.994709938013     -0.102723605941
   636     -1.497619458686     14.891069968896     -0.774753278425      0.632263677250
   637     -2.002733245908     14.028017211553     -0.505113787222     -0.863052757344
   638     -1.470901272439     13.181167312222      0.531831973468     -0.846849899331
   639     -2.470113969956     13.141493830894     -0.999212697517     -0.039673481328
   640     -1.719682861303     12.480545155757      0.750431108654     -0.660948675137
   641     -2.388555569484     13.223922112793     -0.668872708181      0.743376957035
   642     -1.486945119484     13.656471065457      0.901610450000      0.432548952665
   643     -1.036944666508     12.763442738739      0.450000452976     -0.893028326718
   644     -0.287780079628     13.425826631784      0.749164586880      0.662383893045
   645     -0.763451798498     12.546203749028     -0.475671718870     -0.879622882755
   646     -1.462218340169     13.261553537762     -0.698766541671      0.715349788734
   647     -1.690949672870     14.235043125503     -0.228731332701      0.973489587741
   648     -2.300758897519     13.442494887518     -0.609809224649     -0.792548237985
   649     -3.018888888665     14.138403872815     -0.718129991146      0.695908985296
   650     -3.981693278056     13.868204487601     -0.962804389391     -0.270199385214
   651     -4.704637364683     13.177297947169     -0.722944086627     -0.690906540431
   652     -5.350221452102     12.413608752488     -0.645584087418     -0.763689194681
   653     -4.356578249454     12.301033507283      0.993643202647     -0.112575245205
   654     -4.643104448743     11.342961100248     -0.286526199288     -0.958072407035
   655     -5.638932355518     11.434212292506     -0.995827906775      0.091251192257
   656     -4.651102981397     11.278670890868      0.987829374121     -0.155541401638
   657     -3.662862616903     11.431579301317      0.988240364493      0.152908410449
   658     -4.520271137259     10.916942896444     -0.857408520356     -0.514636404873
   659     -5.250145928583     11.600523754126     -0.729874791324      0.683580857683
   660     -4.553442662013     10.883164319567      0.696703266570     -0.717359434559
   661     -4.669744266646     11.876378262663     -0.116301604633      0.993213943096
   662     -4.667049926846     12.876374632923      0.002694339800      0.999996370260
   663     -3.965821711967     12.163437755873      0.701228214879     -0.712936877050
   664     -4.902914634235     11.814357743505     -0.937092922268     -0.349080012368
   665     -3.905522039103     11.886524295149      0.997392595132      0.072166551644
   666     -4.769652086365     12.389792872967     -0.864130047262      0.503268577818
   667     -3.879821541124     12.846084008926      0.889830545242      0.456291135959
   668     -3.854933403790     11.846393766591      0.024888137334     -0.999690242335
   669     -3.987521936151     10.855222600199     -0.132588532360     -0.991171166392
   670     -2.998285825389     10.708894485453      0.989236110762     -0.146328114746
   671     -3.706770133171     10.003167919688     -0.708484307782     -0.705726565765
   672     -3.706980300464     11.003167897603     -0.000210167293      0.999999977915
   673     -3.028030457712     10.268983240294      0.678949842752     -0.734184657308
   674     -3.588853534827     11.096918911814     -0.560823077115      0.827935671520
   675     -2.589842852146     11.141389754946      0.999010682681      0.044470843132
   676     -2.833775906619     12.111181827989     -0.243933054473      0.969792073042
   677     -2.014961369329     12.685239972711      0.818814537290      0.574058144722
   678     -2.516761272780     11.820256240554     -0.501799903451     -0.864983732157
   679     -1.974420948520     12.660415137835      0.542340324260      0.840158897282
   680     -2.139950576637     11.674210320257     -0.165529628118     -0.986204817579
   681     -2.573796642062     10.773223310630     -0.433846065425     -0.900987009626
   682     -2.727154055105      9.785052523841     -0.153357413042     -0.988170786790
   683     -1.727389216189      9.806738161211      0.999764838916      0.021685637370
   684     -0.785288718090     10.142068821129      0.942100498099      0.335330659919
   685     -1.584463142669      9.540969628733     -0.799174424579     -0.601099192396
   686     -1.185320553410      8.624080762272      0.399142589259     -0.916888866461
   687     -0.687799990474      7.756628579466      0.497520562937     -0.867452182806
   688     -0.452567150036      6.784689532623      0.235232840438     -0.971939046844
   689     -0.713699241639      7.749992609762     -0.261132091603      0.965303077139
   690     -1.711084450718      7.677724050139     -0.997385209079     -0.072268559623
   691     -1.276948408509      6.776876728527      0.434136042209     -0.900847321612
   692     -1.540755523317      7.741452182381     -0.263807114808      0.964575453853
   693     -2.144549624505      6.944311866394     -0.603794101188     -0.797140315986
   694     -1.339370924546      7.537344126169      0.805178699958      0.593032259775
   695     -2.306609314485      7.283474283478     -0.967238389939     -0.253869842692
   696     -3.015676409245      6.578333265575     -0.709067094760     -0.705141017903
   697     -2.600171068197      7.487924004072      0.415505341048      0.909590738498
   698     -2.935920205643      8.429875444808     -0.335749137446      0.941951440736
   699     -1.944356487210      8.559495629533      0.991563718433      0.129620184725
   700     -1.477151458235      9.443644633321      0.467205028975      0.884149003788
   701     -0.759398605730      8.747346677902      0.717752852505     -0.696297955419
   702     -1.222887408786      9.633449453793     -0.463488803056      0.886102775891
   703     -0.303523420414      9.240041450715      0.919363988371     -0.393408003078
   704     -0.093264922839     10.217687278301      0.210258497575      0.977645827587
   705      0.804522322746      9.777257872308      0.897787245586     -0.440429405993
   706      1.800234018407      9.869768515612      0.995711695661      0.092510643303
   707      0.826393226180      9.642537110667     -0.973840792228     -0.227231404945
   708      0.570112734958     10.609139567636     -0.256280491222      0.966602456969
   709     -0.427221155180     10.682112929786     -0.997333890137      0.072973362150
   710      0.438530651627     10.181639345057      0.865751806807     -0.500473584728
   711     -0.360625880146      9.580516364525     -0.799156531773     -0.601122980533
   712      0.147868865505      8.719451271953      0.508494745651     -0.861065092572
   713      0.974273371880      9.282528168871      0.826404506375      0.563076896918
   714      0.647842851402     10.227749368010     -0.326430520478      0.945221199138
   715      1.286446079181     10.997285538355      0.638603227779      0.769536170346
   716      2.197464955278     11.409650191783      0.911018876096      0.412364653427
   717      1.604132525028     12.214607723094     -0.593332430249      0.804957531311
   718      1.229213674313     11.287550089838     -0.374918850716     -0.927057633256
   719      2.186248562310     11.577522887105      0.957034887998      0.289972797267
   720      2.950903975179     12.221962255526      0.764655412869      0.644439368421
   721      3.081964614764     13.213336609013      0.131060639585      0.991374353487
   722      2.301052675377     12.588695477704     -0.780911939387     -0.624641131309
   723      3.145422589797     13.124456103005      0.844369914420      0.535760625301
   724      2.540688427816     13.920883496640     -0.604734161981      0.796427393636
   725      1.566336747038     13.695852827250     -0.974351680777     -0.225030669390
   726      0.607639921813     13.980282778737     -0.958696825225      0.284429951487
   727     -0.337582404895     13.653855523299     -0.945222326708     -0.326427255438
   728      0.055211432524     12.734228967960      0.392793837419     -0.919626555340
   729     -0.086815283331     13.724091792791     -0.142026715855      0.989862824831
   730      0.564891204787     14.482563053515      0.651706488118      0.758471260724
   731     -0.022397910928     15.291940279883     -0.587289115715      0.809377226368
   732     -0.654218661134     16.067054813103     -0.631820750206      0.775114533220
   733      0.302546723735     15.776194024555      0.956765384870     -0.290860788548
   734      1.181087794305     16.253860840781      0.878541070569      0.477666816226
   735      2.179361775873     16.312589519659      0.998273981569      0.058728678878
   736      2.849393775665     15.570257303427      0.670031999791     -0.742332216232
   737      3.778422949513     15.940263781935      0.929029173849      0.370006478508
   738      2.814092277831     16.204964283733     -0.964330671682      0.264700501799
   739      2.714334591903     15.209952522949     -0.099757685928     -0.995011760784
   740      2.117865731867     14.407316304599     -0.596468860036     -0.802636218350
   741      2.447196350152     15.351530975032      0.329330618285      0.944214670432
   742      3.167888809320     16.044785891565      0.720692459168      0.693254916534
   743      2.177274205269     16.181470588001     -0.990614604052      0.136684696436
   744      2.654191743127     15.302522545120      0.476917537858     -0.878948042881
   745      3.147096607185     16.172605756651      0.492904864059      0.870083211531
   746      2.562630689831     16.984024015905     -0.584465917354      0.811418259254
   747      2.369861157699     16.002779954786     -0.192769532132     -0.981244061119
   748      3.333559113767     15.735785105642      0.963697956068     -0.266994849144
   749      4.332297862931     15.785993779385      0.998738749164      0.050208673743
   750      4.878676964821     16.623531764803      0.546379101890      0.837537985418
   751      4.960976474609     17.620139406099      0.082299509788      0.996607641296
   752      4.768617391884     18.601464012584     -0.192359082725      0.981324606485
   753      3.834683262952     18.244018852012     -0.933934128932     -0.357445160572
   754      2.887490762816     18.564684359491     -0.947192500136      0.320665507479
   755      2.092049897341     17.958653147809     -0.795440865475     -0.606031211681
   756      1.111492154317     17.762422384178     -0.980557743024     -0.196230763631
   757      0.366325516748     17.095544072749     -0.745166637569     -0.666878311429
   758      0.109404646740     18.061976515579     -0.256920870008      0.966432442830
   759     -0.014803353134     19.054232718768     -0.124207999874      0.992256203189
   760     -0.057508907994     18.055145017121     -0.042705554861     -0.999087701648
   761     -0.071434124671     17.055241977651     -0.013925216677     -0.999903039470
   762     -0.721804843716     17.814858938895     -0.650370719045      0.759616961244
   763     -1.662245525595     17.474901112295     -0.940440681879     -0.339957826600
   764     -0.763702822639     17.036015009798      0.898542702956     -0.438886102497
   765     -1.260441039795     17.903915432437     -0.496738217156      0.867900422639
   766     -2.225153119506     17.640608381146     -0.964712079711     -0.263307051291
   767     -1.545072764875     16.907470801121      0.680080354631     -0.733137580025
   768     -1.461601621123     17.903980995831      0.083471143752      0.996510194710
   769     -2.429867967319     18.153901548858     -0.968266346195      0.249920553027
   770     -1.658081910837     18.789783835937      0.771786056482      0.635882287079
   771     -1.720010273680     19.787864432820     -0.061928362842      0.998080596884
   772     -1.039411159424     19.055208411434      0.680599114256     -0.732656021387
   773     -0.154883156378     18.588721314261      0.884528003045     -0.466487097172
   774     -0.913679450413     19.240049330056     -0.758796294035      0.651328015794
   775     -1.845849223451     19.602070757921     -0.932169773038      0.362021427865
   776     -2.365345540039     18.747598068450     -0.519496316587     -0.854472689471
   777     -3.214828796345     19.275213645603     -0.849483256307      0.527615577153
   778     -2.256781092595     19.561822433569      0.958047703750      0.286608787966
   779     -1.941953735070     18.612673480583      0.314827357525     -0.949148952986
   780     -2.549579617859     17.818450094775     -0.607625882789     -0.794223385809
   781     -1.608478455193     17.480324967597      0.941101162666     -0.338125127177
   782     -2.433317355257     16.914957132518     -0.824838900064     -0.565367835079
   783     -2.783473795735     15.978265898871     -0.350156440478     -0.936691233647
   784     -3.718785422736     15.624440856800     -0.935311627001     -0.353825042071
   785     -4.260449227465     14.783845637538     -0.541663804729     -0.840595219262
   786     -4.880422641028     15.568468455506     -0.619973413563      0.784622817968
   787     -4.968636236381     16.564570037472     -0.088213595353      0.996101581966
   788     -5.967920269719     16.526735916421     -0.999284033338     -0.037834121051
   789     -4.972748267928     16.428589664067      0.995172001791     -0.098146252354
   790     -5.579890666514     15.633996618641     -0.607142398586     -0.794593045426
   791     -6.260927981431     16.366245330276     -0.681037314916      0.732248711635
   792     -7.106456335332     15.832314807877     -0.845528353901     -0.533930522399
   793     -6.535309996047     16.653163063721      0.571146339285      0.820848255844
   794     -7.309397134326     16.020083998870     -0.774087138279     -0.633079064850
   795     -6.668530102926     15.252432093340      0.640867031399     -0.767651905531
   796     -6.111884758566     16.083182332943      0.556645344361      0.830750239604
   797     -6.385748336274     15.121413784484     -0.273863577708     -0.961768548459
   798     -5.971683540999     16.031661193332      0.414064795274      0.910247408848
   799     -5.023919720104     15.712688248080      0.947763820895     -0.318972945252
   800     -5.759401035849     15.035143242793     -0.735481315745     -0.677545005288
   801     -6.626346697491     14.536740574501     -0.866945661642     -0.498402668292
   802     -5.894479594820     15.218187963540      0.731867102671      0.681447389039
   803     -5.316708728198     16.034386974617      0.577770866622      0.816199011077
   804     -6.281623752945     16.296949338671     -0.964915024747      0.262562364054
   805     -5.328530371657     15.994272933006      0.953093381288     -0.302676405664
   806     -6.068046803836     16.667411437727     -0.739516432179      0.673138504721
   807     -6.576856462355     17.528290483469     -0.508809658519      0.860879045742
   808     -5.869337761776     16.821595861775      0.707518700579     -0.706694621694
   809     -4.869415247668     16.834044387001      0.999922514108      0.012448525226
   810     -4.258194285308     17.625504389257      0.611220962360      0.791460002256
   811     -4.086823290035     18.610710957434      0.171370995273      0.985206568177
   812     -3.102981130543     18.431672958094      0.983842159491     -0.179037999340
   813     -2.697025224805     19.345565622796      0.405955905739      0.913892664702
   814     -2.422451161754     20.307131576800      0.274574063050      0.961565954004
   815     -3.122743370412     21.020987880613     -0.700292208658      0.713856303812
   816     -3.043753631446     20.024112451516      0.078989738966     -0.996875429097
   817     -2.149442217483     20.471557526195      0.894311413963      0.447445074680
   818     -1.180229354764     20.225333183899      0.969212862719     -0.246224342297
   819     -0.977347390128     21.204536384683      0.202881964636      0.979203200784
   820     -1.678458824955     21.917588105075     -0.701111434827      0.713051720393
   821     -1.348680178096     22.861646389333      0.329778646859      0.944058284258
   822     -1.099620202933     23.830134452642      0.249059975163      0.968488063309
   823     -1.668955666467     24.652239756093     -0.569335463534      0.822105303451
   824     -1.429053132638     23.681442777182      0.239902533829     -0.970796978911
   825     -2.031680651835     24.479465379060     -0.602627519197      0.798022601877
   826     -2.623727198935     25.285369148791     -0.592046547100      0.805903769731
   827     -2.169166274641     24.394653500503      0.454560924294     -0.890715648288
   828     -2.907589531319     23.720315978192     -0.738423256678     -0.674337522311
   829     -1.999535504450     23.301462920084      0.908054026870     -0.418853058108
   830     -1.157843167229     23.841420334575      0.841692337221      0.539957414491
   831     -0.278718807110     23.364827888722      0.879124360119     -0.476592445854
   832     -1.277707793837     23.319872306232     -0.998988986728     -0.044955582489
   833     -2.276328820247     23.372370359642     -0.998621026410      0.052498053410
   834     -2.911634056621     24.144631492055     -0.635305236374      0.772261132413
   835     -2.702618582596     23.166719158756      0.209015474025     -0.977912333299
   836     -2.229046666133     24.047474311984      0.473571916463      0.880755153228
   837     -2.726451460555     23.179955741298     -0.497404794422     -0.867518570686
   838     -1.883702064325     23.718261839307      0.842749396230      0.538306098009
   839     -0.894223582787     23.573581728121      0.989478481538     -0.144680111186
   840     -0.035478415178     24.085984633177      0.858745167608      0.512402905056
   841      0.572349736756     23.291916035564      0.607828151935     -0.794068597613
   842     -0.245379903837     23.867518532861     -0.817729640593      0.575602497298
   843     -0.941930823772     23.150011169877     -0.696550919935     -0.717507362985
   844     -0.135261408128     23.741014091921      0.806669415644      0.591002922044
   845      0.315111706286     24.633854535569      0.450373114414      0.892840443648
   846      1.097072824804     25.257181744284      0.781961118519      0.623327208716
   847      0.138930503659     25.543474064178     -0.958142321145      0.286292319894
   848     -0.808801007164     25.224405132137     -0.947731510823     -0.319068932040
   849     -0.418484878015     24.303724232300      0.390316129149     -0.920680899838
   850     -0.555734407639     23.313187727865     -0.137249529624     -0.990536504435
   851      0.196402702018     23.972194380545      0.752137109657      0.659006652680
   852      0.856723405304     24.723178114598      0.660320703286      0.750983734053
   853     -0.039880650151     25.166011229601     -0.896604055454      0.442833115002
   854      0.672369428670     25.867937027117      0.712250078821      0.701925797517
   855      1.366720243570     26.587573703397      0.694350814901      0.719636676280
   856      2.283447575432     26.188060250534      0.916727331861     -0.399513452863
   857      2.833827513921     25.353145929596      0.550379938489     -0.834914320939
   858      2.341394809493     24.482795407329     -0.492432704428     -0.870350522266
   859      2.055641623502     23.524492158511     -0.285753185990     -0.958303248819
   860      2.816909802567     22.876054991514      0.761268179065     -0.648437166997
   861      3.396712757046     23.690811724519      0.579802954479      0.814756733005
   862      2.396934033366     23.711847495899     -0.999778723680      0.021035771380
   863      1.552706905884     24.247833090131     -0.844227127482      0.535985594231
   864      1.673437416504     23.255147770502      0.120730510619     -0.992685319628
   865      2.093162952064     24.162798845970      0.419725535560      0.907651075468
   866      1.804979748338     25.120374138619     -0.288183203726      0.957575292648
   867      2.542975498304     24.445568779251      0.737995749966     -0.674805359368
   868      3.482640921006     24.787663639457      0.939665422701      0.342094860206
   869      2.566951857404     24.385776169138     -0.915689063602     -0.401887470320
   870      1.759499564789     23.795843295709     -0.807452292615     -0.589932873428
   871      0.921835387164     23.249657681175     -0.837664177625     -0.546185614534
   872     -0.038433951210     23.528732577535     -0.960269338374      0.279074896360
   873     -0.141539471610     22.534062153896     -0.103105520400     -0.994670423639
   874     -0.920798763883     21.907360506056     -0.779259292274     -0.626701647840
   875     -1.733557622974     21.324760268355     -0.812758859091     -0.582600237701
   876     -1.962088862355     20.351223688340     -0.228531239380     -0.973536580015
   877     -2.369056475499     19.437781100187     -0.406967613144     -0.913442588153
   878     -3.250363174763     18.965236391370     -0.881306699265     -0.472544708817
   879     -2.654229935044     19.768121912787      0.596133239720      0.802885521417
   880     -2.729615866184     20.765276344852     -0.075385931141      0.997154432065
   881     -1.765396820858     21.030383177334      0.964219045327      0.265106832483
   882     -2.760958033530     21.124499444911     -0.995561212672      0.094116267576
   883     -3.568238505423     20.534331469077     -0.807280471893     -0.590167975834
   884     -2.676445188343     20.986774481634      0.891793317080      0.452443012557
   885     -3.642054245076     21.246772846159     -0.965609056733      0.259998364525
   886     -4.157811779479     20.390038251488     -0.515757534403     -0.856734594671
   887     -3.666488700061     19.519060851305      0.491323079419     -0.870977400184
   888     -3.220754460205     18.623895510476      0.445734239856     -0.895165340828
   889     -2.385509579420     18.074017352042      0.835244880784     -0.549878158435
   890     -2.848934092632     18.960153752690     -0.463424513212      0.886136400649
   891     -2.662311212690     17.977722126224      0.186622879942     -0.982431626467
   892     -3.239232471718     17.160922358299     -0.576921259028     -0.816799767925
   893     -4.092893427792     17.681751478141     -0.853660956074      0.520829119842
   894     -4.245727804947     16.693499661467     -0.152834377156     -0.988251816674
   895     -5.098772766335     17.215337082366     -0.853044961388      0.521837420900
   896     -5.981293873741     17.685609870207     -0.882521107406      0.470272787840
   897     -5.415047149186     18.509845665917      0.566246724555      0.824235795711
   898     -6.346004359682     18.874973961487     -0.930957210496      0.365128295569
   899     -5.484155411577     18.367808908816      0.861848948105     -0.507165052670
   900     -5.854295545551     17.438832977362     -0.370140133974     -0.928975931455
   901     -6.264997070065     16.527063128243     -0.410701524514     -0.911769849118
   902     -5.276789902388     16.680185934354      0.988207167677      0.153122806111
   903     -5.370253236519     17.675808656660     -0.093463334131      0.995622722307
   904     -6.051706334551     16.943946869721     -0.681453098033     -0.731861786939
   905     -6.159272248798     15.949748914537     -0.107565914246     -0.994197955184
   906     -6.256228797828     16.945037529764     -0.096956549030      0.995288615227
   907     -6.886019112040     17.721802719589     -0.629790314213      0.776765189825
   908     -6.245025246081     18.489348720687      0.640993865960      0.767546001098
   909     -7.184363045585     18.832342158559     -0.939337799504      0.342993437872
   910     -7.884863765007     19.545993853777     -0.700500719422      0.713651695219
   911     -7.245356625499     18.777208696196      0.639507139509     -0.768785157581
   912     -6.609610908216     18.005310138770      0.635745717283     -0.771898557426
   913     -7.608049124350     17.949443077262     -0.998438216135     -0.055867061508
   914     -7.559994090837     18.948287766767      0.048055033513      0.998844689506
   915     -8.506829655397     19.270005676877     -0.946835564560      0.321717910109
   916     -7.508965844628     19.335334194066      0.997863810769      0.065328517189
   917     -6.555743217678     19.637603318308      0.953222626950      0.302269124242
   918     -5.576018300404     19.437255903870      0.979724917274     -0.200347414438
   919     -6.298556837953     20.128586549622     -0.722538537549      0.691330645752
   920     -5.579604782675     19.433526881528      0.718952055278     -0.695059668094
   921     -6.247516778000     20.177767142802     -0.667911995325      0.744240261274
   922     -6.909259579560     19.428036214679     -0.661742801560     -0.749730928123
   923     -6.223056115906     20.155445869874      0.686203463654      0.727409655194
   924     -6.989718756874     19.513395720006     -0.766662640967     -0.642050149867
   925     -6.533566803476     20.403297622135      0.456151953397      0.889901902128
   926     -7.495269013244     20.129201179750     -0.961702209768     -0.274096442385
   927     -7.231265892873     19.164679353955      0.264003120371     -0.964521825795
   928     -6.241165415653     19.305039765066      0.990100477221      0.140360411111
   929     -6.797689463107     20.135871266999     -0.556524047455      0.830831501933
   930     -7.604785651660     20.726291238225     -0.807096188553      0.590419971226
   931     -8.022302866076     21.634960251490     -0.417517214415      0.908669013264
   932     -9.011402960132     21.487715543816     -0.989100094056     -0.147244707673
   933     -9.997101124237     21.319195131758     -0.985698164105     -0.168520412058
   934    -10.688799314717     20.597008443092     -0.691698190480     -0.722186688666
   935    -11.229413645339     21.438278997389     -0.540614330622      0.841270554296
   936    -12.182318970062     21.741546935218     -0.952905324723      0.303267937829
   937    -12.916464807147     21.062555116496     -0.734145837085     -0.678991818722
   938    -12.925384112232     22.062515338703     -0.008919305085      0.999960222207
   939    -13.162662573052     23.033957015815     -0.237278460820      0.971441677112
   940    -12.628861624785     22.188346852898      0.533800948267     -0.845610162917
   941    -13.405601938936     21.558525858986     -0.776740314151     -0.629820993912
   942    -13.240988448969     22.544884008403      0.164613489967      0.986358149417
   943    -12.533573236442     23.251682223657      0.707415212527      0.706798215254
   944    -13.360444751777     22.689291347905     -0.826871515334     -0.562390875752
   945    -13.037864789595     23.635833564607      0.322579962182      0.946542216702
   946    -12.206614902756     23.079934629881      0.831249886839     -0.555898934726
   947    -12.784733929268     22.263982185687     -0.578119026512     -0.815952444193
   948    -12.809301690513     23.263680352689     -0.024567761245      0.999698167002
   949    -13.769348580985     22.983841170129     -0.960046890472     -0.279839182560
   950    -12.851561404433     23.380913831688      0.917787176552      0.397072661559
   951    -13.761964573857     23.794636044173     -0.910403169424      0.413722212485
   952    -12.763938643709     23.857439250718      0.998025930148      0.062803206545
   953    -11.840551852844     23.473568394236      0.923386790865     -0.383870856483
   954    -11.114936859706     24.161669318325      0.725614993138      0.688100924090
   955    -11.714869191763     24.961720064811     -0.599932332057      0.800050746486
   956    -10.961195634151     24.304471125248      0.753673557612     -0.657248939563
   957    -11.723288434658     24.951938934035     -0.762092800507      0.647467808787
   958    -11.690185673924     25.951390887473      0.033102760734      0.999451953438
   959    -12.069320460217     26.876732345435     -0.379134786293      0.925341457962
   960    -12.407489236405     27.817817824449     -0.338168776188      0.941085479014
   961    -11.552444525909     28.336372106133      0.855044710496      0.518554281684
   962    -11.301503998267     29.304374612115      0.250940527642      0.968002505982
   963    -12.077601052476     29.934988093138     -0.776097054209      0.630613481023
   964    -11.121657065826     29.641438958600      0.955943986650     -0.293549134538
   965    -10.683488671944     28.742546051407      0.438168393883     -0.898892907193
   966    -11.683318464523     28.724096502053     -0.999829792579     -0.018449549354
   967    -12.374046323081     29.447211309958     -0.690727858558      0.723114807905
   968    -12.955348372348     30.260899166275     -0.581302049267      0.813687856317
   969    -13.671929111546     29.563395012731     -0.716580739198     -0.697504153544
   970    -12.842295612242     29.005086624085      0.829633499304     -0.558308388646
   971    -13.842076570797     28.984157340540     -0.999780958556     -0.020929283545
   972    -14.245024373398     29.899380301560     -0.402947802601      0.915222961021
   973    -13.250229017096     29.797487224856      0.994795356302     -0.101893076705
   974    -13.112812454450     28.806973879004      0.137416562646     -0.990513345852
   975    -13.397797987850     27.848442061195     -0.284985533400     -0.958531817809
   976    -14.298604700668     28.282662357982     -0.900806712818      0.434220296787
   977    -14.522914054843     27.308144367574     -0.224309354175     -0.974517990408
   978    -15.159692955986     28.079190819520     -0.636778901143      0.771046451947
   979    -16.039640420117     28.554261825127     -0.879947464132      0.475071005606
   980    -16.907390732177     29.051262223437     -0.867750312059      0.497000398310
   981    -15.908800133491     29.104335910102      0.998590598686      0.053073686665
   982    -16.768158299951     29.615710080097     -0.859358166460      0.511374169995
   983    -17.507536755577     30.289000135985     -0.739378455625      0.673290055887
   984    -16.508478566357     30.245609646790      0.999058189220     -0.043390489194
   985    -17.021775716759     31.103820597191     -0.513297150403      0.858210950401
   986    -17.546996903629     31.954786345540     -0.525221186870      0.850965748349
   987    -16.654762434947     31.503213922893      0.892234468682     -0.451572422647
   988    -17.481217130563     30.940210693690     -0.826454695617     -0.563003229203
   989    -17.917502252945     30.040402218520     -0.436285122382     -0.899808475170
   990    -17.987376499419     29.042846410718     -0.069874246474     -0.997555807802
   991    -17.570798649826     29.951946457593      0.416577849594      0.909100046875
   992    -18.486918608649     30.352850711804     -0.916119958824      0.400904254211
   993    -17.562629436913     29.971157737006      0.924289171737     -0.381692974798
   994    -18.202220213805     30.739873313871     -0.639590776892      0.768715576865
   995    -19.194049027227     30.867449192728     -0.991828813422      0.127575878857
   996    -18.296710920048     30.426105424894      0.897338107178     -0.441343767833
   997    -19.237179319872     30.086224285475     -0.940468399824     -0.339881139420
   998    -20.019849049007     29.463787063663     -0.782669729135     -0.622437221811
   999    -19.069228356703     29.774142181816      0.950620692304      0.310355118152
  1000    -19.152521439065     28.777617088087     -0.083293082362     -0.996525093728
