# File chua thong tin toa do tai lan chay thu 17
##########################################################################################
#  Step                   x                   y            delta_x            delta_y
     1      0.000000000000      0.000000000000      0.000000000000      0.000000000000
     2     -0.849757609280     -0.527173600885     -0.849757609280     -0.527173600885
     3     -1.820625125033     -0.766790517769     -0.970867515752     -0.239616916884
     4     -2.814428483476     -0.877943046966     -0.993803358443     -0.111152529197
     5     -2.326853576991     -1.751024206176      0.487574906485     -0.873081159209
     6     -1.685182001379     -2.518003729404      0.641671575612     -0.766979523228
     7     -1.741444207696     -3.516419756990     -0.056262206317     -0.998416027586
     8     -2.636296892225     -3.962781351429     -0.894852684530     -0.446361594439
     9     -1.944887604810     -4.685244635808      0.691409287416     -0.722463284379
    10     -1.056937367763     -5.145184171539      0.887950237046     -0.459939535732
    11     -1.866232743886     -4.557782269783     -0.809295376122      0.587401901756
    12     -2.684160224863     -3.982460937081     -0.817927480977      0.575321332702
    13     -2.885188518290     -4.962046372478     -0.201028293427     -0.979585435397
    14     -1.995596111298     -5.418801612647      0.889592406992     -0.456755240169
    15     -1.920943892330     -6.416011242666      0.074652218968     -0.997209630019
    16     -0.996713172204     -6.797845730338      0.924230720126     -0.381834487672
    17     -1.718147770136     -6.105363152285     -0.721434597932      0.692482578053
    18     -0.808106589113     -5.690845301231      0.910041181023      0.414517851054
    19      0.179886396627     -5.536346562958      0.987992985740      0.154498738273
    20      0.754486912417     -4.717912541638      0.574600515790      0.818434021320
    21      0.822461447768     -5.715599598056      0.067974535350     -0.997687056418
    22      1.418996858077     -4.913012839974      0.596535410309      0.802586758081
    23      1.050866494467     -5.842787025133     -0.368130363610     -0.929774185159
    24      0.632466794894     -6.751050032966     -0.418399699573     -0.908263007833
    25      1.487586423682     -6.232619304266      0.855119628788      0.518430728701
    26      0.527255105138     -6.511480844503     -0.960331318544     -0.278861540238
    27      1.499251048179     -6.746478475792      0.971995943041     -0.234997631289
    28      2.321534424199     -7.315556721310      0.822283376020     -0.569078245517
    29      2.968603582664     -8.077988032422      0.647069158464     -0.762431311112
    30      1.989678382902     -8.282207162947     -0.978925199761     -0.204219130525
    31      1.656708162711     -7.339269820137     -0.332970220192      0.942937342810
    32      1.632777000224     -8.338983428858     -0.023931162487     -0.999713608721
    33      1.854835183006     -7.363950012272      0.222058182782      0.975033416586
    34      1.771093804323     -6.367462490275     -0.083741378684      0.996487521997
    35      1.038488115528     -7.048115782889     -0.732605688795     -0.680653292614
    36      1.889158431229     -6.522416235632      0.850670315701      0.525699547257
    37      0.896210173852     -6.640964783373     -0.992948257377     -0.118548547741
    38      1.691907854666     -7.246658766128      0.795697680815     -0.605693982755
    39      2.010520822838     -6.298773869892      0.318612968172      0.947884896236
    40      1.011663457200     -6.346564696532     -0.998857365638     -0.047790826641
    41      1.526253409561     -7.204001097048      0.514589952361     -0.857436400515
    42      0.602413225307     -6.821222683399     -0.923840184255      0.382778413649
    43      1.200449737656     -6.019753825677      0.598036512349      0.801468857721
    44      2.186954039509     -5.856018483048      0.986504301853      0.163735342629
    45      1.262158614818     -5.475553737676     -0.924795424690      0.380464745373
    46      0.599878709924     -4.726297221138     -0.662279904894      0.749256516537
    47     -0.387837104709     -4.570036319044     -0.987715814633      0.156260902094
    48      0.343218999251     -3.887718964096      0.731056103960      0.682317354948
    49      1.055259214542     -4.589857648267      0.712040215291     -0.702138684170
    50      1.798165156343     -3.920461829908      0.742905941802      0.669395818359
    51      2.793288716404     -3.821825628585      0.995123560061      0.098636201323
    52      2.230619216136     -2.995143686440     -0.562669500268      0.826681942145
    53      1.378264759479     -3.518108197872     -0.852354456657     -0.522964511432
    54      1.824263297783     -4.413141886529      0.445998538304     -0.895033688657
    55      2.131249144049     -5.364855966593      0.306985846265     -0.951714080064
    56      2.027563384637     -6.359466072763     -0.103685759411     -0.994610106170
    57      2.617602238872     -7.166840924052      0.590038854234     -0.807374851289
    58      1.659205185424     -7.452279337623     -0.958397053448     -0.285438413571
    59      2.449972818496     -6.840162885888      0.790767633072      0.612116451735
    60      2.905359579096     -7.730456600496      0.455386760600     -0.890293714608
    61      1.980246298969     -7.350765385253     -0.925113280127      0.379691215243
    62      1.230066826630     -6.689531115662     -0.750179472339      0.661234269591
    63      1.417834344400     -5.707317615820      0.187767517770      0.982213499841
    64      0.856884926956     -6.535167693473     -0.560949417444     -0.827850077652
    65      1.814531133111     -6.247220226326      0.957646206155      0.287947467147
    66      2.737312403296     -6.632544411131      0.922781270185     -0.385324184805
    67      1.880465514508     -7.148115365679     -0.856846888789     -0.515570954548
    68      1.688179838065     -8.129454358400     -0.192285676443     -0.981338992721
    69      0.798610690807     -8.586254897200     -0.889569147257     -0.456800538800
    70      1.647632878187     -9.114612092038      0.849022187380     -0.528357194838
    71      2.422586378242     -9.746630345533      0.774953500055     -0.632018253496
    72      3.042591007329     -8.962032193667      0.620004629086      0.784598151866
    73      3.726667828064     -8.232622224355      0.684076820735      0.729409969313
    74      2.846163783113     -8.706660858672     -0.880504044951     -0.474038634317
    75      3.103495049757     -9.672984106456      0.257331266644     -0.966323247784
    76      2.296482302618     -9.082450088846     -0.807012747140      0.590534017610
    77      3.270178095663     -8.854598157528      0.973695793046      0.227851931318
    78      2.287123431225     -8.671285510050     -0.983054664439      0.183312647477
    79      2.825944741411     -7.828865427379      0.538821310187      0.842420082672
    80      2.897868182124     -6.831455271687      0.071923440712      0.997410155691
    81      3.827694701137     -6.463457113350      0.929826519013      0.367998158338
    82      3.052093462891     -7.094680306232     -0.775601238245     -0.631223192882
    83      3.361048184356     -8.045757053968      0.308954721464     -0.951076747736
    84      2.938118074825     -8.951919358664     -0.422930109531     -0.906162304696
    85      2.216665059769     -9.644382749081     -0.721453015055     -0.692463390417
    86      3.183251024106     -9.388040061360      0.966585964336      0.256342687721
    87      2.211497370363     -9.624037596171     -0.971753653743     -0.235997534811
    88      2.896722582437     -8.895706346850      0.685225212075      0.728331249321
    89      3.470196955825     -8.076482846780      0.573474373388      0.819223500070
    90      2.962446455634     -7.214978679897     -0.507750500191      0.861504166883
    91      3.768317314537     -7.807070023164      0.805870858903     -0.592091343266
    92      2.829769468270     -8.152219179713     -0.938547846267     -0.345149156549
    93      3.578490217728     -7.489333639570      0.748720749458      0.662885540143
    94      2.646058373036     -7.850679533423     -0.932431844692     -0.361345893852
    95      3.307253747691     -8.600893287319      0.661195374655     -0.750213753896
    96      2.791309474249     -9.457515436637     -0.515944273442     -0.856622149318
    97      1.838398554514     -9.760765793686     -0.952910919735     -0.303250357049
    98      0.990388031243     -9.230786405011     -0.848010523272      0.529979388675
    99      1.879400810260     -8.772904019738      0.889012779018      0.457882385273
   100      1.782849339546     -7.777576026811     -0.096551470715      0.995327992926
   101      1.981239376144     -6.797452874662      0.198390036598      0.980123152149
   102      2.926482715541     -6.471086471176      0.945243339398      0.326366403486
   103      3.919943814380     -6.356915349192      0.993461098838      0.114171121984
   104      3.598054181844     -7.303692548149     -0.321889632536     -0.946777198958
   105      4.378210764467     -7.929276840303      0.780156582623     -0.625584292154
   106      5.254841409444     -8.410440754461      0.876630644977     -0.481163914158
   107      4.299111210553     -8.704685188442     -0.955730198890     -0.294244433981
   108      4.148230547253     -9.693237172630     -0.150880663300     -0.988551984188
   109      3.373862860439     -9.060501299127     -0.774367686814      0.632735873503
   110      3.909507931503     -9.904944522704      0.535645071064     -0.844443223577
   111      4.591575773784    -10.636233424934      0.682067842281     -0.731288902231
   112      5.385003692061    -10.027569200177      0.793427918277      0.608664224757
   113      4.505919162753    -10.504235110782     -0.879084529307     -0.476665910604
   114      3.526233897840    -10.303693888807     -0.979685264914      0.200541221975
   115      4.519036867918    -10.183934702924      0.992802970078      0.119759185883
   116      3.610660059226     -9.765782130972     -0.908376808692      0.418152571952
   117      4.606035270882     -9.861845589272      0.995375211656     -0.096063458300
   118      5.264916698654     -9.109598778619      0.658881427772      0.752246810652
   119      5.525057087295    -10.075169582961      0.260140388641     -0.965570804342
   120      5.343130743694     -9.091857422198     -0.181926343601      0.983312160763
   121      6.019256126048     -9.828644004145      0.676125382354     -0.736786581947
   122      6.853092293396     -9.276632006068      0.833836167349      0.552011998077
   123      6.620906478104     -8.303960557337     -0.232185815292      0.972671448731
   124      5.723368342513     -7.863023719274     -0.897538135591      0.440936838063
   125      5.102330673378     -8.646804437023     -0.621037669135     -0.783780717749
   126      4.181833305789     -8.256055673414     -0.920497367589      0.390748763609
   127      5.069218879870     -8.717083701751      0.887385574081     -0.461028028338
   128      5.540731687733     -9.598942915017      0.471512807863     -0.881859213266
   129      5.659173254039     -8.605981890922      0.118441566306      0.992961024095
   130      5.814558216166     -9.593835884964      0.155384962127     -0.987853994042
   131      6.250305923248     -8.693767034391      0.435747707082      0.900068850574
   132      5.573590093713     -9.430011345783     -0.676715829535     -0.736244311392
   133      4.608030288104     -9.690192555311     -0.965559805610     -0.260181209528
   134      5.169428695951     -8.862646890307      0.561398407847      0.827545665004
   135      5.901531203595     -9.543841369367      0.732102507644     -0.681194479060
   136      5.742508278854     -8.556566478869     -0.159022924740      0.987274890498
   137      4.755298461088     -8.715992874759     -0.987209817766     -0.159426395890
   138      4.689457910406     -9.713823031592     -0.065840550683     -0.997830156833
   139      5.115232334044    -10.618652374715      0.425774423638     -0.904829343122
   140      4.415092521578     -9.904646602329     -0.700139812466      0.714005772386
   141      3.529392058135    -10.368903739116     -0.885700463443     -0.464257136787
   142      2.819476015724    -11.073190053570     -0.709916042411     -0.704286314454
   143      3.103027365648    -10.114232999289      0.283551349923      0.958957054282
   144      4.008663254117     -9.690176826692      0.905635888469      0.424056172597
   145      4.614752233743    -10.485573676557      0.606088979626     -0.795396849865
   146      4.142220206700    -11.366887175500     -0.472532027043     -0.881313498943
   147      5.138177539398    -11.456714740559      0.995957332698     -0.089827565059
   148      4.655622318971    -10.580849191951     -0.482555220427      0.875865548608
   149      4.802951490720    -11.569936708378      0.147329171748     -0.989087516427
   150      4.225440309751    -12.386319483708     -0.577511180969     -0.816382775330
   151      3.517284433154    -11.680263356732     -0.708155876597      0.706056126977
   152      3.003029745121    -10.822625836659     -0.514254688033      0.857637520072
   153      3.393384844173    -11.743290214510      0.390355099052     -0.920664377851
   154      3.162161066641    -12.716190807944     -0.231223777532     -0.972900593434
   155      2.225480058917    -13.066374602214     -0.936681007724     -0.350183794269
   156      1.583947033698    -12.299279186014     -0.641533025219      0.767095416199
   157      2.457120627612    -12.786688536449      0.873173593914     -0.487409350435
   158      3.184592728210    -12.100551274050      0.727472100597      0.686137262399
   159      2.229532114401    -11.804140707520     -0.955060613809      0.296410566530
   160      3.034098495709    -11.210277980900      0.804566381309      0.593862726620
   161      2.353276172271    -11.942726589274     -0.680822323438     -0.732448608374
   162      1.865586030069    -11.069709793789     -0.487690142202      0.873016795485
   163      1.332999818150    -11.916085553646     -0.532586211919     -0.846375759857
   164      0.972018948600    -10.983512333025     -0.360980869549      0.932573220621
   165      0.176240181285    -10.377924888067     -0.795778767315      0.605587444958
   166     -0.489415455464    -11.124183940450     -0.665655636750     -0.746259052383
   167     -1.191726560053    -11.836054091792     -0.702311104589     -0.711870151342
   168     -0.254666962284    -11.486884634038      0.937059597769      0.349169457754
   169     -1.209564564001    -11.783819930416     -0.954897601717     -0.296935296378
   170     -0.229650985241    -11.983242542381      0.979913578759     -0.199422611965
   171      0.563369772360    -12.592437156617      0.793020757601     -0.609194614236
   172      1.447115655757    -13.060404263985      0.883745883397     -0.467967107368
   173      2.135239117796    -13.785997883714      0.688123462039     -0.725593619729
   174      3.125160067522    -13.927618903670      0.989920949726     -0.141621019956
   175      3.531320010502    -13.013816900653      0.406159942980      0.913802003017
   176      2.693038638731    -13.559054776944     -0.838281371770     -0.545237876292
   177      3.219656169476    -14.409157109792      0.526617530744     -0.850102332847
   178      2.464078480842    -15.064216157847     -0.755577688634     -0.655059048055
   179      2.410817442880    -16.062796781450     -0.053261037962     -0.998580623603
   180      3.386469699892    -15.843473564740      0.975652257012      0.219323216709
   181      4.254190636079    -15.346421880404      0.867720936187      0.497051684337
   182      3.483085945048    -15.983130255934     -0.771104691031     -0.636708375530
   183      2.787836694452    -15.264361531277     -0.695249250597      0.718768724657
   184      2.071835996330    -14.566261967970     -0.716000698122      0.698099563306
   185      1.348325361759    -15.256575202425     -0.723510634571     -0.690313234455
   186      1.139718925981    -16.234574872646     -0.208606435779     -0.977999670221
   187      0.802155962220    -15.293271921680     -0.337562963761      0.941302950966
   188      0.276107545089    -16.143726542947     -0.526048417131     -0.850454621267
   189      0.679744913721    -15.228807489345      0.403637368632      0.914919053602
   190     -0.085854193594    -15.872125456511     -0.765599107314     -0.643317967167
   191      0.566202939232    -16.630295289419      0.652057132826     -0.758169832908
   192      1.219217088224    -15.872949581557      0.653014148992      0.757345707862
   193      2.082137659478    -16.378289158185      0.862920571254     -0.505339576628
   194      2.813271946545    -17.060522735690      0.731134287067     -0.682233577505
   195      1.864830972533    -16.743568923889     -0.948440974012      0.316953811801
   196      0.889691668238    -16.965161652154     -0.975139304295     -0.221592728265
   197      0.455238974933    -16.064466999522     -0.434452693306      0.900694652632
   198      1.432126903112    -16.278219135834      0.976887928179     -0.213752136312
   199      0.445677204696    -16.442283124861     -0.986449698416     -0.164063989027
   200     -0.414316600491    -15.931978651982     -0.859993805187      0.510304472879
   201      0.322920055057    -15.256344051242      0.737236655547      0.675634600740
   202      0.999885442168    -15.992358904796      0.676965387111     -0.736014853555
   203      1.830104152154    -16.549796698266      0.830218709986     -0.557437793470
   204      1.751025578811    -15.552928312150     -0.079078573343      0.996868386116
   205      2.705329973213    -15.254092031179      0.954304394402      0.298836280971
   206      1.935841647801    -15.892752909153     -0.769488325412     -0.638660877975
   207      1.825067606125    -16.886598526787     -0.110774041676     -0.993845617634
   208      2.606024449489    -16.262013537531      0.780956843363      0.624584989256
   209      3.346959070237    -15.590436373107      0.740934620748      0.671577164424
   210      3.357056425055    -16.590385393520      0.010097354818     -0.999949020413
   211      2.940536197595    -15.681258944605     -0.416520227460      0.909126448915
   212      2.455746334087    -14.806628286419     -0.484789863508      0.874630658187
   213      2.963552318313    -13.945156822942      0.507805984225      0.861471463477
   214      2.322395887640    -14.712567033590     -0.641156430672     -0.767410210648
   215      3.157466304445    -14.162423962219      0.835070416805      0.550143071371
   216      2.702910398391    -15.053142171459     -0.454555906054     -0.890718209240
   217      1.846293470695    -15.569095114260     -0.856616927696     -0.515952942801
   218      2.846292692047    -15.567847198126      0.999999221352      0.001247916134
   219      3.646048635958    -14.967521927810      0.799755943911      0.600325270316
   220      2.796003558494    -14.440811982699     -0.850045077464      0.526709945111
   221      1.898497245315    -13.999810375213     -0.897506313179      0.441001607485
   222      1.530075457054    -13.070151628181     -0.368421788261      0.929658747033
   223      0.587774993226    -12.735383296541     -0.942300463828      0.334768331640
   224     -0.321264014464    -12.318672266570     -0.909039007690      0.416711029970
   225     -0.957072322270    -13.090519269366     -0.635808307806     -0.771847002796
   226     -0.057864187320    -12.652998149831      0.899208134951      0.437521119535
   227     -0.768695245420    -11.949635365175     -0.710831058101      0.703362784656
   228     -0.153838097943    -12.738273868037      0.614857147477     -0.788638502862
   229     -0.231621652545    -13.735244137721     -0.077783554602     -0.996970269684
   230      0.141230461361    -12.807353356888      0.372852113906      0.927890780834
   231      0.112758526156    -11.807758764613     -0.028471935205      0.999594592275
   232      0.948937946061    -12.356214758954      0.836179419904     -0.548455994341
   233      0.717454067308    -11.383376019040     -0.231483878752      0.972838739914
   234      0.035701997491    -12.114959312520     -0.681752069817     -0.731583293481
   235      0.592632815005    -11.284400425683      0.556930817514      0.830558886837
   236      1.418636002782    -10.720734980777      0.826003187777      0.563665444906
   237      1.417602392065    -11.720734446601     -0.001033610717     -0.999999465824
   238      0.666781499457    -11.060228589531     -0.750820892607      0.660505857070
   239      0.779342392327    -10.066583760935      0.112560892870      0.993644828596
   240      1.594136227631    -10.646334574605      0.814793835304     -0.579750813670
   241      0.714859071285    -10.170024085188     -0.879277156346      0.476310489417
   242      0.307254054721     -9.256865747071     -0.407605016564      0.913158338117
   243     -0.494414196967     -9.854634945204     -0.801668251688     -0.597769198133
   244     -0.126656144717    -10.784556455335      0.367758052250     -0.929921510132
   245      0.842490902503    -11.031039722240      0.969147047220     -0.246483266905
   246      1.059550869093    -10.054881450798      0.217059966590      0.976158271442
   247      1.659791114448    -10.854701210404      0.600240245355     -0.799819759606
   248      1.219892282167    -11.752748546216     -0.439898832281     -0.898047335811
   249      0.970557560362    -12.721165913110     -0.249334721805     -0.968417366894
   250      0.178947492074    -13.332192508101     -0.791610068288     -0.611026594990
   251     -0.464385685206    -14.097778834396     -0.643333177280     -0.765586326296
   252     -1.019076406227    -13.265722223334     -0.554690721022      0.832056611062
   253     -1.752940010903    -13.945019072828     -0.733863604676     -0.679296849494
   254     -0.850863135093    -13.513443691083      0.902076875811      0.431575381744
   255     -0.915302803868    -12.515522086403     -0.064439668776      0.997921604680
   256     -1.906421515081    -12.648502161170     -0.991118711212     -0.132980074767
   257     -0.913383851385    -12.530704884116      0.993037663696      0.117797277053
   258     -0.083776845613    -13.089052639529      0.829607005772     -0.558347755412
   259     -0.252564251922    -12.103400159457     -0.168787406309      0.985652480072
   260     -0.829421900347    -11.286555465862     -0.576857648425      0.816844693595
   261     -0.726538108117    -10.291862083308      0.102883792229      0.994693382554
   262     -0.072574008171    -11.048387665150      0.653964099946     -0.756525581842
   263      0.411151432396    -11.923607465057      0.483725440567     -0.875219799907
   264     -0.339762164555    -11.263207003281     -0.750913596951      0.660400461776
   265     -1.326204310070    -11.427316398355     -0.986442145515     -0.164109395074
   266     -1.300958886991    -10.427635114838      0.025245423080      0.999681283517
   267     -1.803156658750    -11.292387910752     -0.502197771759     -0.864752795913
   268     -1.133295733043    -12.034874503365      0.669860925707     -0.742486592614
   269     -0.522804341142    -11.242851612020      0.610491391901      0.792022891345
   270     -1.468399620345    -11.568196917732     -0.945595279203     -0.325345305712
   271     -2.315090331341    -12.100282286742     -0.846690710995     -0.532085369010
   272     -3.116796481103    -12.698000656405     -0.801706149763     -0.597718369663
   273     -3.332134071907    -13.674540323795     -0.215337590803     -0.976539667390
   274     -2.765477027248    -14.498494080834      0.566657044658     -0.823953757039
   275     -3.022239069320    -13.532019428424     -0.256762042071      0.966474652410
   276     -2.389262397448    -14.306190296428      0.632976671872     -0.774170868004
   277     -2.955804159834    -13.482157268284     -0.566541762386      0.824033028144
   278     -3.298694818551    -14.421532590594     -0.342890658717     -0.939375322310
   279     -4.272255813951    -14.193105385045     -0.973560995401      0.228427205549
   280     -4.493544686143    -13.217897081633     -0.221288872192      0.975208303412
   281     -3.664779668042    -13.777493851433      0.828765018102     -0.559596769800
   282     -2.751530094348    -13.370093291607      0.913249573694      0.407400559827
   283     -1.796394914777    -13.666263493933      0.955135179571     -0.296170202326
   284     -1.061898571394    -14.344876138641      0.734496343383     -0.678612644708
   285     -0.986199207621    -15.342006825324      0.075699363773     -0.997130686683
   286     -1.531298333889    -14.503635223621     -0.545099126268      0.838371601703
   287     -2.321533285289    -15.116439206625     -0.790234951400     -0.612803983004
   288     -3.262382577134    -14.777613868088     -0.940849291845      0.338825338537
   289     -3.829326812402    -13.953857694152     -0.566944235267      0.823756173936
   290     -3.897509363716    -14.951530556215     -0.068182551314     -0.997672862063
   291     -2.970653082641    -14.576114208365      0.926856281075      0.375416347849
   292     -3.944960453941    -14.801336645591     -0.974307371300     -0.225222437226
   293     -3.525549271877    -13.893540269546      0.419411182064      0.907796376044
   294     -2.684419357138    -14.434373392174      0.841129914739     -0.540833122628
   295     -3.461243906075    -13.804656296829     -0.776824548937      0.629717095345
   296     -4.222728312654    -14.452839525967     -0.761484406580     -0.648183229138
   297     -3.522039600736    -15.166306644334      0.700688711919     -0.713467118366
   298     -3.906481570187    -14.243157484055     -0.384441969452      0.923149160279
   299     -4.636860640287    -14.926199513479     -0.730379070100     -0.683042029424
   300     -3.864681104244    -15.561603923375      0.772179536043     -0.635404409897
   301     -4.465813529771    -16.360753350566     -0.601132425527     -0.799149427191
   302     -3.691448697197    -15.728013983945      0.774364832574      0.632739366622
   303     -4.594278221872    -16.158012646008     -0.902829524674     -0.429998662063
   304     -3.624579077385    -16.402314854719      0.969699144487     -0.244302208711
   305     -4.221646798650    -17.204505690009     -0.597067721265     -0.802190835290
   306     -3.304895237142    -17.603963540693      0.916751561508     -0.399457850683
   307     -2.309257455055    -17.697266310654      0.995637782086     -0.093302769961
   308     -3.064958715433    -17.042349823563     -0.755701260378      0.654916487091
   309     -4.027882824240    -16.772577399695     -0.962924108806      0.269772423868
   310     -5.021220561943    -16.887816884482     -0.993337737704     -0.115239484787
   311     -6.019820253675    -16.834914562478     -0.998599691732      0.052902322005
   312     -6.748377840823    -16.149930006295     -0.728557587148      0.684984556182
   313     -7.747977717331    -16.178215813456     -0.999599876507     -0.028285807161
   314     -6.857319804137    -15.723541774539      0.890657913194      0.454674038917
   315     -7.410554098745    -14.890516075494     -0.553234294608      0.833025699045
   316     -8.118510698410    -14.184260135349     -0.707956599665      0.706255940145
   317     -7.964256669513    -13.196228913894      0.154254028897      0.988031221455
   318     -8.055217967862    -12.200374485675     -0.090961298349      0.995854428219
   319     -8.991124401688    -12.552623186344     -0.935906433826     -0.352248700668
   320     -9.820968525480    -13.110618464289     -0.829844123791     -0.557995277945
   321    -10.500231067664    -12.376723104727     -0.679262542184      0.733895359561
   322     -9.733139192750    -11.735185845138      0.767091874914      0.641537259589
   323    -10.261383862275    -10.886093642184     -0.528244669525      0.849092202955
   324    -11.182122662251    -10.495914116557     -0.920738799976      0.390179525626
   325    -12.059918317384    -10.016878848722     -0.877795655133      0.479035267835
   326    -13.016914223774     -9.726777426537     -0.956995906389      0.290101422185
   327    -13.863422647636     -9.194402099976     -0.846508423862      0.532375326561
   328    -14.734561294642     -8.703364975420     -0.871138647006      0.491037124556
   329    -14.053498097540     -9.435589614144      0.681063197102     -0.732224638724
   330    -13.843046817887    -10.413193960949      0.210451279653     -0.977604346805
   331    -13.961656996646    -11.406134858231     -0.118610178759     -0.992940897282
   332    -14.752111278306    -10.793613814833     -0.790454281660      0.612521043397
   333    -13.983519534948    -11.433353396258      0.768591743358     -0.639739581425
   334    -13.440121565172    -10.593878175395      0.543397969776      0.839475220863
   335    -12.478569358729    -10.319255972572      0.961552206443      0.274622202824
   336    -11.768998715234     -9.614621668914      0.709570643494      0.704634303658
   337    -12.402523568175     -8.840899328079     -0.633524852941      0.773722340835
   338    -13.184007435982     -8.216973880324     -0.781483867808      0.623925447755
   339    -12.461583648267     -7.525523324650      0.722423787716      0.691450555674
   340    -13.125190859928     -6.777442133447     -0.663607211661      0.748081191203
   341    -12.777797144168     -7.715161497783      0.347393715760     -0.937719364336
   342    -11.866776569873     -7.302800596130      0.911020574295      0.412360901653
   343    -11.271551340861     -8.106359509183      0.595225229012     -0.803558913053
   344    -10.293734299874     -7.896898690999      0.977817040987      0.209460818184
   345    -10.842966085897     -8.732568748630     -0.549231786023     -0.835670057632
   346    -11.833018159658     -8.873270174494     -0.990052073762     -0.140701425863
   347    -10.870061326282     -8.603614584800      0.962956833377      0.269655589694
   348    -11.530907236563     -9.354136191993     -0.660845910281     -0.750521607194
   349    -10.538519839231     -9.477291596328      0.992387397332     -0.123155404334
   350     -9.552094906025     -9.313078773595      0.986424933206      0.164212822732
   351     -9.945470823271    -10.232456491256     -0.393375917246     -0.919377717661
   352    -10.775580065468     -9.674855696764     -0.830109242197      0.557600794493
   353    -11.741683580145     -9.933010686895     -0.966103514676     -0.258154990132
   354    -12.319202566586    -10.749387940559     -0.577518986441     -0.816377253664
   355    -11.885341476316     -9.848408165897      0.433861090270      0.900979774662
   356    -12.522877488593    -10.618828721860     -0.637536012277     -0.770420555963
   357    -11.675037912364    -10.088575901991      0.847839576229      0.530252819869
   358    -11.011559678705     -9.340380316959      0.663478233659      0.748195585032
   359    -11.575323949820    -10.166316056961     -0.563764271115     -0.825935740003
   360    -12.532612098280    -10.455451666702     -0.957288148459     -0.289135609740
   361    -11.543892955401    -10.605233029048      0.988719142878     -0.149781362346
   362    -12.319622814223     -9.974167908690     -0.775729858822      0.631065120358
   363    -11.329883541606     -9.831282737170      0.989739272617      0.142885171520
   364    -12.134166584256    -10.425529140026     -0.804283042649     -0.594246402856
   365    -13.122349315749    -10.272248713428     -0.988182731494      0.153280426597
   366    -12.142529548943    -10.472131740658      0.979819766807     -0.199883027230
   367    -12.071926744524    -11.469636248923      0.070602804419     -0.997504508265
   368    -11.476794336656    -10.666008588184      0.595132407868      0.803627660739
   369    -11.412168959034    -11.663918183572      0.064625377621     -0.997909595388
   370    -12.389210703029    -11.876966137077     -0.977041743994     -0.213047953505
   371    -12.283310296791    -10.882589395616      0.105900406237      0.994376741461
   372    -12.867886203780    -10.071250373401     -0.584575906989      0.811339022215
   373    -12.087878005799     -9.445481077988      0.780008197981      0.625769295413
   374    -13.052568319125     -9.182094291351     -0.964690313326      0.263386786637
   375    -14.050445825736     -9.247213273226     -0.997877506611     -0.065118981875
   376    -13.251345620278     -9.848411128875      0.799100205458     -0.601197855649
   377    -13.231080507486     -8.848616487359      0.020265112791      0.999794641516
   378    -13.462115163976     -9.821562008702     -0.231034656490     -0.972945521343
   379    -12.870722532060    -10.627945760346      0.591392631916     -0.806383751644
   380    -11.979236989333    -10.174896616093      0.891485542727      0.453049144253
   381    -11.455651391848     -9.322923540165      0.523585597485      0.851973075928
   382    -12.419014043263     -9.054721374143     -0.963362651415      0.268202166022
   383    -12.057512653176     -8.122349803918      0.361501390087      0.932371570226
   384    -12.948966419247     -8.575461471123     -0.891453766071     -0.453111667205
   385    -12.082484745413     -9.074670354166      0.866481673834     -0.499208883044
   386    -12.564844440590     -8.198697110015     -0.482359695177      0.875973244151
   387    -13.095874271774     -7.351343985047     -0.531029831184      0.847353124968
   388    -12.645211098953     -8.244038056196      0.450663172821     -0.892694071148
   389    -11.799255507873     -8.777291408666      0.845955591080     -0.533253352470
   390    -10.945151132599     -9.297393048864      0.854104375275     -0.520101640198
   391    -10.149448482902     -9.903080503964      0.795702649696     -0.605687455101
   392    -11.082522935861     -9.543397219342     -0.933074452958      0.359683284622
   393    -10.298521252123    -10.164155916338      0.784001683738     -0.620758696996
   394    -10.788104622779     -9.292199424776     -0.489583370656      0.871956491562
   395    -11.345144984826    -10.122684846112     -0.557040362047     -0.830485421335
   396    -10.370035541807     -9.900960751490      0.975109443019      0.221724094621
   397     -9.476916172478     -9.451141018564      0.893119369329      0.449819732927
   398    -10.454030094631     -9.238424345178     -0.977113922152      0.212716673386
   399    -10.303341886643    -10.227005684256      0.150688207988     -0.988581339078
   400    -10.949323087941    -10.990359001907     -0.645981201299     -0.763353317651
   401    -11.654483574790    -11.699406734987     -0.705160486849     -0.709047733081
   402    -12.647242402035    -11.819531299202     -0.992758827245     -0.120124564214
   403    -12.240626825505    -10.905931948872      0.406615576530      0.913599350330
   404    -13.215659516480    -11.127993317709     -0.975032690975     -0.222061368837
   405    -12.599156560649    -10.340640724869      0.616502955831      0.787352592840
   406    -11.667445179592    -10.703840260124      0.931711381057     -0.363199535255
   407    -10.946118922483    -11.396435690953      0.721326257109     -0.692595430829
   408    -11.346974720770    -10.480294528806     -0.400855798287      0.916141162147
   409    -12.117731340243     -9.843164845351     -0.770756619473      0.637129683455
   410    -12.737990793011     -9.058768127324     -0.620259452768      0.784396718027
   411    -11.755873642922     -8.870497302442      0.982117150089      0.188270824882
   412    -11.032570034578     -9.561027453961      0.723303608344     -0.690530151519
   413    -11.257332611598    -10.535441012965     -0.224762577020     -0.974413559004
   414    -11.864423984651     -9.740808981919     -0.607091373053      0.794632031047
   415    -12.010113942950    -10.730139278661     -0.145689958299     -0.989330296742
   416    -11.075843988173    -10.373572802948      0.934269954777      0.356566475712
   417    -10.909743784092     -9.387463923461      0.166100204081      0.986108879488
   418    -10.090033064321     -8.814686186557      0.819710719771      0.572777736903
   419     -9.123929705834     -9.072841761204      0.966103358486     -0.258155574647
   420     -9.741607175964     -9.859273285811     -0.617677470129     -0.786431524606
   421    -10.741324752996     -9.835508476272     -0.999717577032      0.023764809538
   422    -10.082688067277    -10.587969582394      0.658636685719     -0.752461106121
   423     -9.454076715917    -11.365689177712      0.628611351360     -0.777719595318
   424     -8.532113583687    -10.978411521748      0.921963132230      0.387277655964
   425     -8.855351955581    -11.924729097900     -0.323238371894     -0.946317576153
   426     -8.493001154691    -12.856770887250      0.362350800890     -0.932041789350
   427     -9.473173303398    -13.054918708078     -0.980172148707     -0.198147820827
   428     -8.832266330899    -13.822537267390      0.640906972500     -0.767618559313
   429     -9.039685776797    -12.844285166210     -0.207419445899      0.978252101180
   430     -8.754635411587    -11.885772626233      0.285050365211      0.958512539977
   431     -7.756736325753    -11.950560082520      0.997899085834     -0.064787456287
   432     -8.208535114977    -11.058440217224     -0.451798789224      0.892119865296
   433     -8.882265125178    -10.319462630720     -0.673730010201      0.738977586503
   434     -8.016779328101    -10.820396094424      0.865485797077     -0.500933463703
   435     -7.016805874549    -10.827682533359      0.999973453551     -0.007286438935
   436     -7.538140771591     -9.974330363896     -0.521334897042      0.853352169462
   437     -8.416893314863    -10.451608026996     -0.878752543271     -0.477277663100
   438     -7.460509091180    -10.743719678066      0.956384223683     -0.292111651070
   439     -8.444960855466    -10.568064550629     -0.984451764286      0.175655127437
   440     -7.938031228268     -9.706077106945      0.506929627198      0.861987443684
   441     -8.268253040896    -10.649980467710     -0.330221812629     -0.943903360765
   442     -7.357552142050    -10.236914041042      0.910700898846      0.413066426668
   443     -6.394690870261     -9.966917427567      0.962861271789      0.269996613475
   444     -7.166056434284     -9.330525121958     -0.771365564024      0.636392305609
   445     -8.154186572624     -9.484144227879     -0.988130138340     -0.153619105922
   446     -7.159932877118     -9.377094758140      0.994253695507      0.107049469739
   447     -7.700600145549     -8.535858224906     -0.540667268431      0.841236533234
   448     -8.066514751906     -9.466506655225     -0.365914606357     -0.930648430319
   449     -7.879243902582    -10.448814971892      0.187270849324     -0.982308316667
   450     -8.629483096422    -11.109981480441     -0.750239193840     -0.661166508549
   451     -7.646682653473    -10.925310721146      0.982800442949      0.184670759295
   452     -7.945476170563     -9.970992936472     -0.298793517091      0.954317784674
   453     -7.953068584197    -10.970964113684     -0.007592413634     -0.999971177212
   454     -8.822537837101    -10.476977050842     -0.869469252904      0.493987062842
   455     -9.599527438258    -11.106490481750     -0.776989601157     -0.629513430908
   456    -10.337248768337    -11.781595835859     -0.737721330079     -0.675105354109
   457    -11.200107376756    -11.276150466035     -0.862858608419      0.505445369824
   458    -11.653076667594    -10.384624346644     -0.452969290838      0.891526119392
   459    -12.589729488571    -10.734883526331     -0.936652820977     -0.350259179687
   460    -12.548159361959    -11.734019115014      0.041570126612     -0.999135588683
   461    -11.657958394864    -11.278451075988      0.890200967095      0.455568039026
   462    -10.930319474236    -11.964411425562      0.727638920628     -0.685960349574
   463    -11.626580223639    -11.246622481066     -0.696260749403      0.717788944496
   464    -10.634857053533    -11.375017005386      0.991723170106     -0.128394524321
   465    -11.531956146546    -10.933187606959     -0.897099093013      0.441829398428
   466    -12.449371849777    -10.535257427825     -0.917415703231      0.397930179134
   467    -11.809440767623     -9.766825121052      0.639931082155      0.768432306773
   468    -11.964748005088    -10.754691337698     -0.155307237466     -0.987866216646
   469    -12.346118184580    -11.679113744498     -0.381370179492     -0.924422406800
   470    -12.406290381434    -12.677301756210     -0.060172196853     -0.998188011712
   471    -12.859554829354    -11.785925662605     -0.453264447921      0.891376093605
   472    -13.495378011355    -11.014090912655     -0.635823182001      0.771834749950
   473    -12.733630083381    -10.366217395503      0.761747927974      0.647873517152
   474    -11.869875103402     -9.862305364924      0.863754979979      0.503912030579
   475    -11.223101055466     -9.099623694163      0.646774047936      0.762681670762
   476    -10.561595395140     -8.349683522311      0.661505660326      0.749940171852
   477     -9.956068184242     -7.553858920491      0.605527210898      0.795824601820
   478     -9.147476614184     -6.965488567031      0.808591570058      0.588370353460
   479     -9.151603831563     -7.965480050033     -0.004127217379     -0.999991483002
   480     -9.868747371430     -7.268554556722     -0.717143539867      0.696925493311
   481     -9.630502601865     -6.297349413729      0.238244769565      0.971205142992
   482     -9.578598421055     -5.298697344181      0.051904180810      0.998652069549
   483    -10.471087346675     -4.847628039478     -0.892488925620      0.451069304703
   484    -11.230356459284     -5.498404817366     -0.759269112609     -0.650776777888
   485    -10.274611422255     -5.204208583206      0.955745037029      0.294196234160
   486     -9.489453566633     -5.823504265216      0.785157855621     -0.619295682010
   487    -10.466824056238     -6.035038957524     -0.977370489605     -0.211534692308
   488    -10.034478139188     -5.133331129007      0.432345917050      0.901707828518
   489     -9.212642192598     -4.563606917750      0.821835946590      0.569724211257
   490     -9.910443789160     -3.847315823407     -0.697801596562      0.716291094343
   491     -9.376082503937     -4.692572007563      0.534361285223     -0.845256184156
   492     -8.447457791807     -5.063592416734      0.928624712130     -0.371020409171
   493     -7.454183006637     -4.947811584359      0.993274785170      0.115780832375
   494     -8.293298269485     -4.403857932239     -0.839115262848      0.543953652121
   495     -7.393442768054     -3.967669811648      0.899855501431      0.436188120591
   496     -6.889893958238     -3.103703032117      0.503548809816      0.863966779531
   497     -5.919612293978     -2.861724743833      0.970281664260      0.241978288284
   498     -6.765779682726     -2.328807536173     -0.846167388748      0.532917207659
   499     -7.068726977851     -1.375800224356     -0.302947295125      0.953007311817
   500     -7.093372115422     -0.376103961888     -0.024645137571      0.999696262469
   501     -6.736457840625      0.558033180317      0.356914274796      0.934137142205
   502     -5.736461414153      0.560706575617      0.999996426472      0.002673395300
   503     -6.414291629506     -0.174511894741     -0.677830215353     -0.735218470357
   504     -5.794967206176     -0.959647079704      0.619324423330     -0.785135184963
   505     -5.433256958577     -1.891937644271      0.361710247599     -0.932290564568
   506     -4.466297804580     -2.146868996799      0.966959153997     -0.254931352527
   507     -4.054146325796     -1.235753659129      0.412151478784      0.911115337669
   508     -4.707380795666     -0.478597976741     -0.653234469870      0.757155682389
   509     -5.505884566002     -1.080587784595     -0.798503770336     -0.601989807854
   510     -5.396625957086     -0.086574426345      0.109258608916      0.994013358249
   511     -4.417356770953     -0.289137653732      0.979269186134     -0.202563227386
   512     -4.651548657699     -1.261328046701     -0.234191886746     -0.972190392970
   513     -3.668701127118     -1.445748033771      0.982847530581     -0.184419987070
   514     -4.641775277152     -1.676240329815     -0.973074150034     -0.230492296044
   515     -3.964045679374     -0.940929108430      0.677729597778      0.735311221385
   516     -3.045473395681     -1.336182140844      0.918572283692     -0.395253032414
   517     -3.704995564181     -2.087867253944     -0.659522168500     -0.751685113101
   518     -2.749100565764     -2.381575871458      0.955894998417     -0.293708617513
   519     -1.761924164051     -2.541209050655      0.987176401713     -0.159633179197
   520     -0.775332333658     -2.378001942348      0.986591830393      0.163207108307
   521     -1.676052408153     -1.943601956848     -0.900720074495      0.434399985499
   522     -0.679215269813     -1.864130454882      0.996837138341      0.079471501966
   523     -1.182025366194     -2.728527358496     -0.502810096382     -0.864396903614
   524     -1.789815534885     -3.522625029342     -0.607790168690     -0.794097670846
   525     -1.212951457308     -2.705784876068      0.576864077577      0.816840153275
   526     -2.022225875947     -2.118354101137     -0.809274418640      0.587430774931
   527     -2.438813839021     -1.209258688640     -0.416587963074      0.909095412497
   528     -1.772289900982     -0.463775060369      0.666523938039      0.745483628272
   529     -1.899780529512     -1.455614835553     -0.127490628530     -0.991839775184
   530     -0.996593527183     -1.026367542232      0.903187002330      0.429247293320
   531     -1.673874110115     -1.762092363060     -0.677280582933     -0.735724820828
   532     -0.674850231175     -1.806265763516      0.999023878940     -0.044173400456
   533     -0.025912578464     -1.045424174949      0.648937652711      0.760841588567
   534     -0.318833217587     -0.089287417379     -0.292920639123      0.956136757570
   535      0.085371535854     -1.003955946026      0.404204753441     -0.914668528646
   536     -0.878146042975     -1.271601000694     -0.963517578828     -0.267645054669
   537     -1.634752571372     -1.925471447486     -0.756606528397     -0.653870446791
   538     -1.494821757237     -2.915632730942      0.139930814135     -0.990161283456
   539     -1.122029304017     -3.843547482857      0.372792453220     -0.927914751915
   540     -0.181364600403     -4.182884948185      0.940664703614     -0.339337465327
   541      0.435304624262     -4.970107322962      0.616669224665     -0.787222374778
   542      0.400965659401     -5.969517566802     -0.034338964861     -0.999410243840
   543     -0.533255622875     -6.326211547326     -0.934221282276     -0.356693980524
   544     -1.510297984318     -6.113166425474     -0.977042361443      0.213045121852
   545     -2.165390728187     -5.357617951231     -0.655092743869      0.755548474243
   546     -2.938702258797     -5.991644194084     -0.773311530610     -0.634026242853
   547     -2.236920154009     -6.704035854197      0.701782104788     -0.712391660113
   548     -1.819093037444     -7.612562408935      0.417827116564     -0.908526554738
   549     -0.825701144064     -7.727334122199      0.993391893381     -0.114771713264
   550     -1.631263097788     -7.134822570655     -0.805561953724      0.592511551543
   551     -0.943863148819     -7.861101656240      0.687399948969     -0.726279085585
   552     -0.214357834780     -7.177126512840      0.729505314039      0.683975143400
   553      0.399060795911     -7.966884440006      0.613418630691     -0.789757927166
   554     -0.280335252594     -8.700656209207     -0.679396048505     -0.733771769201
   555      0.463475811222     -8.032266277098      0.743811063817      0.668389932109
   556     -0.069427404372     -7.186090076293     -0.532903215595      0.846176200805
   557      0.121704228930     -6.204525662334      0.191131633302      0.981564413959
   558     -0.222387225410     -5.265589524436     -0.344091454340      0.938936137898
   559      0.704961592075     -4.891391487682      0.927348817484      0.374198036754
   560      1.492176165800     -5.508070670820      0.787214573725     -0.616679183137
   561      2.492146044390     -5.500309104518      0.999969878591      0.007761566302
   562      3.098191943119     -6.295738779998      0.606045898729     -0.795429675480
   563      2.849275660714     -5.327213775492     -0.248916282405      0.968525004506
   564      3.840777436844     -5.197120624518      0.991501776130      0.130093150974
   565      4.747130304335     -5.619642197448      0.906352867491     -0.422521572930
   566      5.041994645217     -6.575181323008      0.294864340882     -0.955539125560
   567      5.728732782889     -5.848276425330      0.686738137672      0.726904897677
   568      6.718653632482     -5.706654705454      0.989920849593      0.141621719877
   569      7.578041720830     -6.217978588726      0.859388088348     -0.511323883273
   570      6.833166588349     -6.885182483358     -0.744875132481     -0.667203894631
   571      5.985511368717     -6.354635003267     -0.847655219632      0.530547480091
   572      5.574358865592     -7.266201577453     -0.411152503125     -0.911566574186
   573      4.907921366834     -6.520640674341     -0.666437498758      0.745560903112
   574      5.828665778569     -6.130474391509      0.920744411735      0.390166282832
   575      5.837465069471     -5.130513106019      0.008799290902      0.999961285490
   576      5.504608812004     -6.073490683623     -0.332856257467     -0.942977577605
   577      4.516949781033     -5.916871276969     -0.987659030971      0.156619406655
   578      3.777625027909     -6.590220301932     -0.739324753124     -0.673349024963
   579      4.724467229484     -6.268521925629      0.946842201575      0.321698376303
   580      5.413395582133     -5.543692480230      0.688928352649      0.724829445399
   581      4.430251634733     -5.726525679325     -0.983143947400     -0.182833199095
   582      4.274889334860     -6.714383237771     -0.155362299874     -0.987857558446
   583      4.985141053163     -6.010435443792      0.710251718303      0.703947793979
   584      5.981069126296     -6.100586833935      0.995928073133     -0.090151390143
   585      6.676772733414     -6.818915791338      0.695703607118     -0.718328957403
   586      7.608976322979     -6.456981449775      0.932203589565      0.361934341563
   587      7.362842682634     -7.426217350416     -0.246133640344     -0.969235900641
   588      6.880382251608     -6.550299584587     -0.482460431027      0.875917765828
   589      7.329924868657     -7.443558469489      0.449542617049     -0.893258884902
   590      8.251330476735     -7.054956223740      0.921405608078      0.388602245750
   591      8.912176516818     -7.805477716641      0.660846040082     -0.750521492902
   592      7.985843667176     -8.182183771376     -0.926332849642     -0.376706054735
   593      7.309719368899     -8.918971348144     -0.676124298277     -0.736787576768
   594      6.427112097614     -8.448860292462     -0.882607271285      0.470111055683
   595      6.175644098572     -9.416725905787     -0.251467999042     -0.967865613325
   596      6.297702673684     -8.424203007189      0.122058575113      0.992522898598
   597      6.501546259233     -9.403206476351      0.203843585549     -0.979003469162
   598      6.108624847474     -8.483634421436     -0.392921411759      0.919572054915
   599      5.576801986703     -7.636778799289     -0.531822860771      0.846855622146
   600      4.849469960667     -6.950493054207     -0.727332026035      0.686285745082
   601      5.588974248352     -7.623644900744      0.739504287685     -0.673151846537
   602      6.453165633117     -7.120481656360      0.864191384765      0.503163244383
   603      5.690067864044     -6.474198595437     -0.763097769072      0.646283060924
   604      6.049417989241     -7.407401407006      0.359350125197     -0.933202811569
   605      5.076084099425     -7.178008427744     -0.973333889816      0.229392979263
   606      5.270663921459     -6.197121740681      0.194579822034      0.980886687063
   607      4.841338147766     -5.293972040995     -0.429325773693      0.903149699686
   608      4.611105949063     -6.267107763636     -0.230232198703     -0.973135722641
   609      4.905454310226     -7.222805959868      0.294348361163     -0.955698196232
   610      4.422394838332     -6.347218416207     -0.483059471894      0.875587543661
   611      4.953063769836     -5.499639225137      0.530668931504      0.847579191071
   612      3.993380863673     -5.780724122664     -0.959682906163     -0.281084897527
   613      4.977974006102     -5.955585049921      0.984593142429     -0.174860927257
   614      5.147183441256     -4.970004932906      0.169209435154      0.985580117015
   615      5.379668686728     -5.942604856121      0.232485245472     -0.972599923215
   616      5.163001180904     -4.966359399322     -0.216667505824      0.976245456799
   617      4.747911355388     -5.876139832588     -0.415089825515     -0.909780433266
   618      4.609824273897     -4.885719740948     -0.138087081491      0.990420091641
   619      4.130988535358     -5.763624254831     -0.478835738539     -0.877904513884
   620      4.291775152709     -4.776635063563      0.160786617352      0.986989191268
   621      3.314612824188     -4.989129260470     -0.977162328521     -0.212494196907
   622      2.872196893925     -5.885939242936     -0.442415930263     -0.896809982465
   623      2.532233387244     -6.826377871516     -0.339963506681     -0.940438628580
   624      2.728591223415     -5.845845567012      0.196357836171      0.980532304503
   625      3.074418212895     -6.784143863583      0.345826989480     -0.938298296570
   626      2.855762141533     -7.759945852952     -0.218656071363     -0.975801989369
   627      3.483823777484     -6.981782257397      0.628061635951      0.778163595554
   628      3.638659067853     -5.993841959173      0.154835290369      0.987940298225
   629      2.656978811422     -5.803306203644     -0.981680256430      0.190535755529
   630      1.997473502698     -6.555006109035     -0.659505308725     -0.751699905391
   631      2.667521069628     -7.297324274009      0.670047566930     -0.742318164975
   632      1.728626120532     -7.641528101069     -0.938894949096     -0.344203827060
   633      2.432909202011     -6.931608851335      0.704283081479      0.709919249734
   634      2.963332410921     -7.779341839633      0.530423208911     -0.847732988298
   635      3.578491390954     -6.990938751559      0.615158980033      0.788403088074
   636      2.844976501590     -7.670612134208     -0.733514889364     -0.679673382649
   637      1.911958170231     -7.310783295248     -0.933018331359      0.359828838961
   638      2.131881183535     -8.286300526371      0.219923013304     -0.975517231124
   639      1.286817559835     -7.751634769193     -0.845063623700      0.534665757178
   640      0.588876315549     -8.467789793979     -0.697941244285     -0.716155024786
   641      0.103046408531     -9.341843168462     -0.485829907019     -0.874053374484
   642      0.948858049609     -9.875324815584      0.845811641079     -0.533481647122
   643      0.454421346368    -10.744538452435     -0.494436703242     -0.869213636851
   644      1.233217028620    -11.371816130425      0.778795682252     -0.627277677990
   645      1.196948141149    -12.371158197889     -0.036268887471     -0.999342067463
   646      1.548160162850    -11.434862242641      0.351212021700      0.936295955248
   647      0.836426579666    -10.732412738001     -0.711733583183      0.702449504640
   648      1.285523740077    -11.625895664816      0.449097160411     -0.893482926815
   649      1.802750355271    -12.481744149383      0.517226615194     -0.855848484567
   650      0.807804542726    -12.582157445808     -0.994945812545     -0.100413296425
   651      0.648543377511    -13.569393932803     -0.159261165215     -0.987236486995
   652      1.235186049159    -12.759548036474      0.586642671648      0.809845896329
   653      0.592423014061    -11.993482973499     -0.642763035099      0.766065062975
   654      1.555451829457    -12.262881378684      0.963028815396     -0.269398405186
   655      0.697087349613    -11.749841010154     -0.858364479844      0.513040368531
   656      0.183171551717    -12.607681643764     -0.513915797895     -0.857840633611
   657     -0.816496725853    -12.581926356543     -0.999668277570      0.025755287221
   658     -0.234494255024    -11.768739339953      0.582002470828      0.813187016589
   659      0.715013971054    -11.454997202827      0.949508226079      0.313742137127
   660      1.484339077182    -12.093854683867      0.769325106128     -0.638857481041
   661      2.324420145894    -12.636315556182      0.840081068712     -0.542460872314
   662      1.901962525215    -13.542698234045     -0.422457620678     -0.906382677863
   663      1.993991307655    -12.546941886738      0.092028782440      0.995756347307
   664      1.751829148680    -13.517177677028     -0.242162158975     -0.970235790290
   665      1.185352707890    -12.693099742589     -0.566476440790      0.824077934439
   666      1.153776319043    -13.692601084093     -0.031576388847     -0.999501341504
   667      2.153663799703    -13.707601951348      0.999887480661     -0.015000867255
   668      2.607895645784    -12.816718440441      0.454231846081      0.890883510907
   669      3.365094094358    -12.163533543587      0.757198448574      0.653184896853
   670      3.263716192618    -13.158381532498     -0.101377901741     -0.994847988910
   671      4.122659363294    -12.646310610116      0.858943170676      0.512070922381
   672      3.137040134850    -12.477329142134     -0.985619228444      0.168981467982
   673      3.598566191866    -13.364455795265      0.461526057016     -0.887126653131
   674      2.620919568568    -13.154200997566     -0.977646623297      0.210254797699
   675      1.881755328624    -13.827726220841     -0.739164239944     -0.673525223275
   676      1.488443436824    -14.747131330555     -0.393311891801     -0.919405109714
   677      0.575535528636    -15.155296923382     -0.912907908188     -0.408165592827
   678     -0.296673707341    -14.666163967349     -0.872209235976      0.489132956033
   679     -0.257941277671    -15.665413585258      0.038732429670     -0.999249617909
   680      0.640833325383    -16.103824594365      0.898774603053     -0.438411009107
   681      0.797901340048    -15.116236806486      0.157068014666      0.987587787880
   682     -0.140114281674    -15.462829785936     -0.938015621723     -0.346592979450
   683      0.812821999621    -15.766000437205      0.952936281295     -0.303170651269
   684      1.812811799813    -15.770517019093      0.999989800192     -0.004516581887
   685      0.843989761947    -16.018274680819     -0.968822037866     -0.247757661727
   686     -0.001774854789    -16.551830875683     -0.845764616736     -0.533556194864
   687      0.540741976671    -15.711785943800      0.542516831460      0.840044931883
   688     -0.213568176192    -16.368304179106     -0.754310152863     -0.656518235305
   689     -1.182309033359    -16.120229287882     -0.968740857167      0.248074891223
   690     -0.573980936138    -15.326543628360      0.608328097220      0.793685659523
   691     -1.505601245400    -14.963110554230     -0.931620309262      0.363433074130
   692     -0.802551143761    -15.674250874129      0.703050101638     -0.711140319899
   693     -1.577012353620    -15.041629475167     -0.774461209859      0.632621398962
   694     -0.579236919446    -14.974964769678      0.997775434174      0.066664705489
   695      0.364868580570    -15.304608220758      0.944105500016     -0.329643451080
   696     -0.443767009044    -15.892918073820     -0.808635589614     -0.588309853062
   697     -1.358022827766    -15.487780692265     -0.914255818722      0.405137381554
   698     -1.646993430324    -14.530442721193     -0.288970602558      0.957337971073
   699     -1.626889671649    -13.530644822172      0.020103758675      0.999797899021
   700     -2.538555568241    -13.119712597844     -0.911665896592      0.410932224328
   701     -3.318457342394    -13.745614525203     -0.779901774154     -0.625901927359
   702     -4.298943448497    -13.942202916876     -0.980486106102     -0.196588391672
   703     -4.765199174105    -14.826852903219     -0.466255725609     -0.884649986343
   704     -4.943154027941    -15.810891555913     -0.177954853835     -0.984038652694
   705     -4.769278553982    -16.795659203410      0.173875473959     -0.984767647496
   706     -5.309089475911    -17.637445499666     -0.539810921929     -0.841786296257
   707     -5.988075592910    -18.371596610081     -0.678986116999     -0.734151110414
   708     -6.658005419759    -19.114021035257     -0.669929826849     -0.742424425176
   709     -6.681449023773    -20.113746196204     -0.023443604015     -0.999725160947
   710     -7.566497378957    -19.648247099549     -0.885048355184      0.465499096655
   711     -7.166324886546    -18.731807261743      0.400172492411      0.916439837806
   712     -7.061891759746    -17.737275350729      0.104433126800      0.994531911015
   713     -6.838086673437    -16.762641427995      0.223805086309      0.974633922733
   714     -5.860645668928    -16.973850051647      0.977441004509     -0.211208623651
   715     -4.922312099986    -16.628118778262      0.938333568942      0.345731273384
   716     -3.924274755302    -16.690740328989      0.998037344684     -0.062621550726
   717     -3.584655542465    -15.750177311285      0.339619212837      0.940563017704
   718     -4.545363249438    -16.027739379590     -0.960707706974     -0.277562068305
   719     -5.142271120008    -15.225429592755     -0.596907870570      0.802309786835
   720     -5.414611219539    -16.187630647726     -0.272340099531     -0.962201054971
   721     -4.816542986503    -16.989075835267      0.598068233036     -0.801445187541
   722     -5.195495991966    -16.063659918152     -0.378953005463      0.925415917115
   723     -5.118717790718    -15.066611720814      0.076778201248      0.997048197337
   724     -6.023259445931    -15.492996985551     -0.904541655213     -0.426385264736
   725     -6.748337553797    -16.181663622970     -0.725078107866     -0.688666637419
   726     -7.620222107522    -16.671375094119     -0.871884553725     -0.489711471149
   727     -6.755640300931    -17.173867183323      0.864581806591     -0.502492089203
   728     -7.027197111743    -16.211444771644     -0.271556810812      0.962422411679
   729     -6.647419528555    -17.136522599347      0.379777583188     -0.925077827703
   730     -5.740266029200    -17.557322466989      0.907153499355     -0.420799867642
   731     -5.577034899745    -18.543910323379      0.163231129454     -0.986587856390
   732     -4.708637411019    -19.039779057596      0.868397488726     -0.495868734218
   733     -3.861406349513    -19.571003613147      0.847231061506     -0.531224555550
   734     -4.851883980282    -19.433329857669     -0.990477630768      0.137673755478
   735     -4.072682679863    -18.806556107879      0.779201300418      0.626773749790
   736     -5.070969692667    -18.865062860197     -0.998287012804     -0.058506752318
   737     -5.280361385924    -19.842894706066     -0.209391693256     -0.977831845869
   738     -5.977642848508    -19.126097271685     -0.697281462585      0.716797434381
   739     -6.725001436950    -18.461676365720     -0.747358588441      0.664420905965
   740     -5.938947101298    -17.843518957446      0.786054335651      0.618157408274
   741     -6.919759440866    -18.038473194515     -0.980812339568     -0.194954237069
   742     -7.792058428488    -18.527446073308     -0.872298987621     -0.488972878793
   743     -8.727763504766    -18.880229307359     -0.935705076278     -0.352783234050
   744     -9.381047650646    -18.123116485686     -0.653284145880      0.757112821673
   745     -8.689640189518    -18.845581517848      0.691407461128     -0.722465032162
   746     -8.832924764307    -19.835263047749     -0.143284574788     -0.989681529901
   747     -9.753161253574    -20.226625799963     -0.920236489268     -0.391362752214
   748     -9.694768726725    -19.228332099287      0.058392526849      0.998293700675
   749    -10.693813090723    -19.184624448203     -0.999044363998      0.043707651084
   750    -10.013301796669    -18.451886856248      0.680511294054      0.732737591955
   751     -9.109052337702    -18.024882270840      0.904249458966      0.427004585408
   752    -10.052903198666    -17.694510431456     -0.943850860964      0.330371839384
   753    -11.035866038550    -17.878314825872     -0.982962839884     -0.183804394416
   754    -12.032397838747    -17.961527632555     -0.996531800197     -0.083212806683
   755    -11.573932190471    -18.850239762185      0.458465648276     -0.888712129629
   756    -10.682849617076    -19.304080976038      0.891082573395     -0.453841213853
   757    -11.066006998082    -18.380397901937     -0.383157381005      0.923683074101
   758    -11.426013148605    -19.313347831775     -0.360006150523     -0.932949929838
   759    -12.358495533230    -18.952132380328     -0.932482384625      0.361215451447
   760    -13.354039731758    -19.046428450113     -0.995544198528     -0.094296069786
   761    -12.632972946754    -18.353562884824      0.721066785004      0.692865565290
   762    -13.613969277510    -18.547589169238     -0.980996330756     -0.194026284414
   763    -13.306263416998    -17.596107638462      0.307705860511      0.951481530776
   764    -13.183894554992    -18.588592329332      0.122368862007     -0.992484690870
   765    -12.984052843001    -17.608764135133      0.199841711991      0.979828194200
   766    -12.238146809657    -18.274815326425      0.745906033344     -0.666051191292
   767    -11.616344748497    -17.491640890723      0.621802061160      0.783174435702
   768    -11.854801515823    -16.520487777091     -0.238456767326      0.971153113632
   769    -11.616907817801    -15.549196580569      0.237893698022      0.971291196522
   770    -12.561280811387    -15.220320237570     -0.944372993586      0.328876342999
   771    -11.719991523780    -14.679735059676      0.841289287607      0.540585177893
   772    -10.785296233949    -15.035185077494      0.934695289832     -0.355450017818
   773    -10.957030544663    -14.050041774962     -0.171734310714      0.985143302532
   774    -10.414995339925    -13.209685995054      0.542035204738      0.840355779908
   775    -10.184565001369    -14.182774818889      0.230430338555     -0.973088823835
   776     -9.324363000519    -14.692728265522      0.860202000850     -0.509953446633
   777     -9.107571043972    -13.716510437588      0.216791956547      0.976217827934
   778     -9.799813739457    -12.994845660460     -0.692242695485      0.721664777128
   779     -9.139603941274    -13.745926896001      0.660209798183     -0.751081235542
   780     -8.203979517618    -13.392929816894      0.935624423656      0.352997079108
   781     -8.930051850649    -14.080548146497     -0.726072333031     -0.687618329603
   782     -9.201425370526    -13.118074036347     -0.271373519876      0.962474110150
   783     -9.125162087184    -14.115161751452      0.076263283341     -0.997087715105
   784     -8.180193284045    -14.442322203056      0.944968803139     -0.327160451604
   785     -7.222515282624    -14.730163905373      0.957678001422     -0.287841702317
   786     -7.969822192549    -15.394642936176     -0.747306909926     -0.664479030803
   787     -8.259490214327    -14.437515756979     -0.289668021778      0.957127179198
   788     -8.068413011487    -13.455940745808      0.191077202840      0.981575011171
   789     -7.091649988753    -13.241618564455      0.976763022734      0.214322181353
   790     -7.791704276522    -13.955708190606     -0.700054287768     -0.714089626152
   791     -7.289081155845    -13.091202552359      0.502623120677      0.864505638247
   792     -8.130534378024    -12.550872583836     -0.841453222179      0.540329968523
   793     -9.104998752598    -12.775414746218     -0.974464374574     -0.224542162382
   794     -8.297705179943    -12.185264691104      0.807293572654      0.590150055114
   795     -8.228654774992    -11.187651518789      0.069050404951      0.997613172315
   796     -7.231884083049    -11.107350910552      0.996770691943      0.080300608237
   797     -8.175278091898    -10.775676757098     -0.943394008848      0.331674153454
   798     -8.077818797549    -11.770916268947      0.097459294348     -0.995239511849
   799     -7.408394405086    -12.513796463040      0.669424392464     -0.742880194092
   800     -6.857856843731    -11.678986069275      0.550537561355      0.834810393764
   801     -7.026213395009    -10.693259904642     -0.168356551279      0.985726164633
   802     -6.216447154806    -11.280012523919      0.809766240203     -0.586752619276
   803     -6.846118823644    -10.503151153104     -0.629671668837      0.776861370814
   804     -5.945182480859    -10.069199881359      0.900936342785      0.433951271745
   805     -5.091714524436     -9.548054558670      0.853467956422      0.521145322689
   806     -4.895851822490    -10.528685886941      0.195862701947     -0.980631328271
   807     -3.915705655621    -10.726962188030      0.980146166868     -0.198276301089
   808     -4.614972227086    -10.012101179139     -0.699266571464      0.714861008891
   809     -5.548687627768    -10.370117310799     -0.933715400682     -0.358016131660
   810     -6.307121415436    -11.021867408401     -0.758433787668     -0.651750097602
   811     -5.905280883023    -11.937577071181      0.401840532413     -0.915709662781
   812     -5.372579547544    -12.783880378028      0.532701335479     -0.846303306846
   813     -6.364176727577    -12.654516424202     -0.991597180034      0.129363953826
   814     -5.968312424058    -13.572825442560      0.395864303520     -0.918309018359
   815     -6.694602054032    -12.885436634540     -0.726289629975      0.687388808020
   816     -5.986960865636    -13.592008604325      0.707641188396     -0.706571969785
   817     -5.751758551107    -14.563955038672      0.235202314530     -0.971946434347
   818     -4.887138423159    -15.066381186826      0.864620127947     -0.502426148154
   819     -4.571761517653    -16.015347681215      0.315376905506     -0.948966494389
   820     -3.772157996442    -15.414819406387      0.799603521211      0.600528274828
   821     -4.073698097756    -14.461365911297     -0.301540101313      0.953453495090
   822     -3.162718997990    -14.873818429521      0.910979099766     -0.412452518224
   823     -3.706552962612    -14.034625591776     -0.543833964623      0.839192837745
   824     -3.140712165270    -13.210111072763      0.565840797342      0.824514519013
   825     -2.555910646302    -12.398934653350      0.584801518968      0.811176419413
   826     -1.932592932418    -13.180903340420      0.623317713884     -0.781968687070
   827     -1.634576124217    -14.135463962921      0.298016808201     -0.954560622501
   828     -1.017430934135    -14.922313258758      0.617145190082     -0.786849295837
   829     -1.216161444791    -13.942259084676     -0.198730510656      0.980054174081
   830     -2.172073844701    -13.648607107503     -0.955912399910      0.293651977174
   831     -2.561222060164    -14.569782262618     -0.389148215464     -0.921175155115
   832     -3.171437893456    -15.362017478194     -0.610215833292     -0.792235215577
   833     -3.014881971530    -16.349686574253      0.156555921926     -0.987669096059
   834     -3.936130391419    -15.960711833618     -0.921248419889      0.388974740636
   835     -3.081670793793    -15.441193984045      0.854459597626      0.519517849573
   836     -3.806525313953    -16.130095954287     -0.724854520160     -0.688901970242
   837     -4.805295609685    -16.080518778475     -0.998770295733      0.049577175812
   838     -5.627208395513    -15.510905424968     -0.821912785828      0.569613353506
   839     -6.045053344490    -14.602387071486     -0.417844948977      0.908518353482
   840     -6.601283541136    -13.771358811835     -0.556230196646      0.831028259651
   841     -5.605711622346    -13.865361761346      0.995571918790     -0.094002949511
   842     -6.392158337044    -13.247703631842     -0.786446714698      0.617658129503
   843     -7.383904963792    -13.119490417494     -0.991746626748      0.128213214348
   844     -6.830847098075    -12.286347574299      0.553057865718      0.833142843195
   845     -6.073749999004    -12.939649941185      0.757097099071     -0.653302366886
   846     -6.980356410237    -13.361627209660     -0.906606411234     -0.421977268476
   847     -6.578116747647    -12.446092800782      0.402239662590      0.915534408878
   848     -7.563455608080    -12.616701505489     -0.985338860432     -0.170608704707
   849     -6.594310790836    -12.863193540270      0.969144817243     -0.246492034781
   850     -5.594317691156    -12.859478625512      0.999993099680      0.003714914758
   851     -5.383589932147    -11.881933838005      0.210727759009      0.977544787508
   852     -6.156451030506    -11.247358607914     -0.772861098359      0.634575230090
   853     -5.854855224950    -10.293922731690      0.301595805556      0.953435876224
   854     -6.524726492197    -11.036399994182     -0.669871267247     -0.742477262492
   855     -7.338731558755    -10.455542221903     -0.814005066558      0.580857772279
   856     -6.667446815969    -11.196741786192      0.671284742786     -0.741199564289
   857     -6.791738025882    -10.204496002559     -0.124291209913      0.992245783634
   858     -7.530695350835     -9.530743769243     -0.738957324953      0.673752233316
   859     -8.375241939469    -10.066225850761     -0.844546588634     -0.535482081518
   860     -9.298959289867    -10.449300590954     -0.923717350398     -0.383074740193
   861     -8.396972584180    -10.017536786584      0.901986705687      0.431763804370
   862     -9.190611274423    -10.625926159724     -0.793638690244     -0.608389373139
   863     -8.451614402494     -9.952217303259      0.738996871930      0.673708856464
   864     -9.241283306832     -9.338684075536     -0.789668904339      0.613533227723
   865     -9.556084835532    -10.287841595408     -0.314801528700     -0.949157519871
   866    -10.546591054647    -10.425309518557     -0.990506219115     -0.137467923150
   867    -11.286092059763     -9.752154065907     -0.739501005115      0.673155452651
   868    -11.776235994270     -8.880512555041     -0.490143934508      0.871641510866
   869    -10.944589196886     -8.325207589818      0.831646797384      0.555304965223
   870    -11.685545871650     -7.653654757851     -0.740956674764      0.671552831967
   871    -12.578118028984     -7.202750173761     -0.892572157333      0.450904584090
   872    -12.013444191452     -8.028064330435      0.564673837532     -0.825314156674
   873    -11.500562267541     -7.169605168841      0.512881923911      0.858459161594
   874    -12.212104118962     -7.872248886293     -0.711541851422     -0.702643717452
   875    -11.585438173732     -8.651536890235      0.626665945231     -0.779288003942
   876    -12.523299836677     -8.998546257799     -0.937861662945     -0.347009367564
   877    -12.938761331257     -8.088935491306     -0.415461494580      0.909610766494
   878    -12.964837405150     -7.089275529934     -0.026076073893      0.999659961372
   879    -12.164205494501     -6.490119003097      0.800631910649      0.599156526836
   880    -11.317716683977     -5.957712491438      0.846488810524      0.532406511659
   881    -11.754475838749     -6.857290970906     -0.436759154772     -0.899578479468
   882    -11.774033911071     -5.857482248296     -0.019558072322      0.999808722610
   883    -12.326483377779     -5.023935856825     -0.552449466708      0.833546391471
   884    -13.302972209814     -5.239503852853     -0.976488832035     -0.215567996028
   885    -13.008963385881     -6.195306558148      0.294008823933     -0.955802705295
   886    -12.069688945232     -5.852139652483      0.939274440649      0.343166905665
   887    -12.546219790582     -4.972981900182     -0.476530845350      0.879157752301
   888    -13.483858541505     -5.320593138159     -0.937638750923     -0.347611237976
   889    -13.036286349398     -6.214840940981      0.447572192108     -0.894247802822
   890    -12.863523442776     -5.229877501002      0.172762906622      0.984963439979
   891    -13.133601899615     -4.267039182720     -0.270078456839      0.962838318282
   892    -12.399911059154     -3.587555738755      0.733690840462      0.679483443965
   893    -12.710867319860     -2.637131515617     -0.310956260706      0.950424223138
   894    -11.846611890993     -3.140184747069      0.864255428867     -0.503053231452
   895    -12.398463308703     -3.974127198783     -0.551851417710     -0.833942451714
   896    -12.829647069124     -4.876391331257     -0.431183760421     -0.902264132474
   897    -11.837800944594     -5.003832554001      0.991846124530     -0.127441222744
   898    -12.227309072477     -4.082809525889     -0.389508127883      0.921023028112
   899    -12.635659513048     -4.995634765289     -0.408350440571     -0.912825239400
   900    -11.685052335432     -4.685238254571      0.950607177615      0.310396510718
   901    -12.477483430125     -5.295199696109     -0.792431094693     -0.609961441539
   902    -11.685570695007     -4.684565419347      0.791912735118      0.610634276763
   903    -11.197239082985     -5.557223563582      0.488331612021     -0.872658144236
   904    -11.868717939053     -4.816199848811     -0.671478856068      0.741023714771
   905    -12.314807029517     -5.711188409280     -0.446089090463     -0.894988560469
   906    -11.317297237883     -5.781716528454      0.997509791634     -0.070528119174
   907    -11.887378258415     -4.960128048722     -0.570081020532      0.821588479732
   908    -11.448907828669     -5.858873664699      0.438470429747     -0.898745615977
   909    -12.237664649525     -5.244168306375     -0.788756820857      0.614705358324
   910    -11.237673335975     -5.240000234296      0.999991313550      0.004168072079
   911    -11.986971519826     -4.577767471834     -0.749298183851      0.662232762462
   912    -12.885268590617     -5.017156106882     -0.898297070790     -0.439388635048
   913    -13.123807922799     -5.988288943832     -0.238539332183     -0.971132836950
   914    -12.191651100183     -5.626234171664      0.932156822617      0.362054772168
   915    -11.245659133979     -5.302044104145      0.945991966204      0.324190067519
   916    -11.762856552819     -4.446177975626     -0.517197418840      0.855866128519
   917    -10.955801448040     -3.855701847531      0.807055104779      0.590476128095
   918    -11.873980679339     -3.459536605226     -0.918179231299      0.396165242305
   919    -10.994939911166     -3.936283212858      0.879040768173     -0.476746607632
   920    -10.238173990097     -4.589969177759      0.756765921069     -0.653685964901
   921    -11.020813463195     -3.967493913071     -0.782639473098      0.622475264688
   922    -11.100575066772     -2.970679945174     -0.079761603576      0.996813967897
   923    -11.124037604337     -1.970955228399     -0.023462537565      0.999724716775
   924    -10.509587720269     -2.759911082657      0.614449884068     -0.788955854259
   925    -11.289286056876     -2.133755747384     -0.779698336608      0.626155335273
   926    -10.807178708087     -3.009867900161      0.482107348789     -0.876112152777
   927    -10.110826056718     -2.292168112694      0.696352651369      0.717699787467
   928     -9.988428280942     -1.299686987188      0.122397775776      0.992481125506
   929     -9.154992164094     -1.852302802320      0.833436116848     -0.552615815132
   930     -8.170768809152     -2.029233262067      0.984223354942     -0.176930459747
   931     -8.572521988862     -1.113485271300     -0.401753179710      0.915747990766
   932     -8.266988642864     -0.161303894417      0.305533345998      0.952181376883
   933     -7.615048649510      0.596966667497      0.651939993354      0.758270561914
   934     -8.570429775043      0.892342538168     -0.955381125533      0.295375870672
   935     -7.574315842675      0.980416562386      0.996113932368      0.088074024218
   936     -6.619203574215      1.276660641885      0.955112268460      0.296244079498
   937     -6.800452726293      2.260097851304     -0.181249152078      0.983437209420
   938     -7.003779488938      3.239208788631     -0.203326762645      0.979110937326
   939     -6.062740978661      2.900909332267      0.941038510277     -0.338299456364
   940     -5.155552313760      2.480185282236      0.907188664901     -0.420724050031
   941     -4.465887759866      3.204314278411      0.689664553894      0.724128996176
   942     -4.492564849825      2.204670175307     -0.026677089959     -0.999644103104
   943     -3.495417892959      2.280154918214      0.997146956867      0.075484742907
   944     -4.221997362353      2.967237354792     -0.726579469394      0.687082436578
   945     -3.922532335281      2.013130076987      0.299465027073     -0.954107277805
   946     -3.461233619330      1.125885187082      0.461298715950     -0.887244889905
   947     -2.875586589533      1.936451382091      0.585647029797      0.810566195008
   948     -3.506612078804      1.160689284608     -0.631025489270     -0.775762097483
   949     -3.899386539966      0.241054453461     -0.392774461162     -0.919634831147
   950     -3.031761345379     -0.256164333109      0.867625194587     -0.497218786570
   951     -2.221072479755     -0.841641542873      0.810688865624     -0.585477209764
   952     -3.217592471220     -0.924995646612     -0.996519991465     -0.083354103739
   953     -3.017615945647      0.054805041906      0.199976525573      0.979800688518
   954     -2.064322164073     -0.247239600511      0.953293781574     -0.302044642417
   955     -1.623239387497      0.650226824603      0.441082776576      0.897466425114
   956     -2.332530629650     -0.054688726228     -0.709291242153     -0.704915550832
   957     -1.393857294971      0.290119003910      0.938673334679      0.344807730138
   958     -1.279870865355      1.283601310679      0.113986429617      0.993482306769
   959     -1.638139362582      0.349982714091     -0.358268497227     -0.933618596588
   960     -2.006440081807      1.279689431405     -0.368300719225      0.929706717314
   961     -1.326246849241      0.546656576500      0.680193232566     -0.733032854905
   962     -2.024305340382     -0.169384164622     -0.698058491141     -0.716040741121
   963     -1.145487763831     -0.646542070502      0.878817576551     -0.477157905881
   964     -1.134682635499      0.353399552395      0.010805128332      0.999941622897
   965     -1.133468533171      1.353398815372      0.001214102328      0.999999262977
   966     -1.174869196407      0.354256190376     -0.041400663237     -0.999142624996
   967     -1.570950335764     -0.563959324111     -0.396081139357     -0.918215514488
   968     -2.538712671311     -0.815824490217     -0.967762335546     -0.251865166106
   969     -1.571538437834     -0.561710338509      0.967174233477      0.254114151709
   970     -2.117885470857     -1.399269243606     -0.546347033023     -0.837558905097
   971     -2.926750660736     -1.987263380143     -0.808865189879     -0.587994136537
   972     -3.905378771406     -2.192901462719     -0.978628110671     -0.205638082576
   973     -4.024034094456     -3.185836966320     -0.118655323050     -0.992935503601
   974     -3.127783049590     -3.629384105388      0.896251044867     -0.443547139068
   975     -3.549183969000     -4.536258553765     -0.421400919410     -0.906874448377
   976     -2.870485637388     -5.270675720413      0.678698331612     -0.734417166648
   977     -3.603119464435     -5.951298725803     -0.732633827047     -0.680623005390
   978     -4.242123591619     -6.720502031465     -0.639004127184     -0.769203305662
   979     -3.545003272370     -6.003547876383      0.697120319250      0.716954155082
   980     -4.184501629851     -6.772340339131     -0.639498357482     -0.768792462748
   981     -5.146380176694     -6.498863354498     -0.961878546843      0.273476984633
   982     -6.144844874916     -6.443471600551     -0.998464698222      0.055391753947
   983     -6.287322484623     -7.433269625773     -0.142477609707     -0.989798025221
   984     -6.301867729257     -6.433375413439     -0.014545244634      0.999894212334
   985     -7.054058036047     -7.092321346252     -0.752190306790     -0.658945932813
   986     -6.840174186866     -8.069180445130      0.213883849181     -0.976859098877
   987     -7.197252334926     -7.135105931946     -0.357078148060      0.934074513183
   988     -6.561641688372     -7.907115715555      0.635610646554     -0.772009783608
   989     -5.610776657752     -7.597510008979      0.950865030620      0.309605706576
   990     -5.242650940607     -6.667733984134      0.368125717145      0.929776024845
   991     -4.961947147017     -5.707939537252      0.280703793590      0.959794446881
   992     -5.343060759507     -4.783411325473     -0.381113612490      0.924528211779
   993     -5.297632386675     -3.784443726929      0.045428372832      0.998967598545
   994     -5.275960350846     -4.784208860779      0.021672035829     -0.999765133850
   995     -4.320934298393     -5.080730764078      0.955026052453     -0.296521903299
   996     -5.229343562276     -4.662648703603     -0.908409263883      0.418082060475
   997     -5.991464863339     -4.015214442488     -0.762121301063      0.647434261115
   998     -6.553675495029     -3.188220364145     -0.562210631690      0.826994078343
   999     -7.547348906308     -3.075912075415     -0.993673411279      0.112308288730
  1000     -8.487619680763     -3.416339557716     -0.940270774455     -0.340427482301
