# File chua thong tin toa do tai lan chay thu 7
##########################################################################################
#  Step                   x                   y            delta_x            delta_y
     1      0.000000000000      0.000000000000      0.000000000000      0.000000000000
     2      0.820773290753      0.571254063606      0.820773290753      0.571254063606
     3      0.192398291373     -0.206656509759     -0.628374999381     -0.777910573365
     4      0.646173342813     -1.097772777533      0.453775051440     -0.891116267774
     5      0.449116869001     -2.078164916490     -0.197056473811     -0.980392138957
     6      0.018372815845     -1.175690783526     -0.430744053157      0.902474132965
     7      0.822925124386     -0.581808991566      0.804552308541      0.593881791960
     8      0.062193253327      0.067257276511     -0.760731871059      0.649066268077
     9      1.031240648096     -0.179617482611      0.969047394769     -0.246874759122
    10      1.496665595703     -1.064704833185      0.465424947607     -0.885087350574
    11      2.168993377676     -1.804958407027      0.672327781973     -0.740253573843
    12      3.146686029038     -2.014999068504      0.977692651362     -0.210040661477
    13      3.268745459143     -1.022476275052      0.122059430105      0.992522793452
    14      2.363964667243     -0.596598688639     -0.904780791900      0.425877586412
    15      3.157153153331      0.012377522338      0.793188486089      0.608976210977
    16      4.043015228434      0.476326209043      0.885862075102      0.463948686705
    17      4.852063184728     -0.111416425463      0.809047956294     -0.587742634506
    18      5.760511559062      0.306580645303      0.908448374334      0.417997070767
    19      6.677941247143     -0.091317290640      0.917429688081     -0.397897935944
    20      6.911257183701     -1.063718274673      0.233315936559     -0.972400984033
    21      6.632307681326     -2.024024046355     -0.278949502375     -0.960305771682
    22      7.290996857554     -1.271608888931      0.658689176227      0.752415157424
    23      7.823457444090     -0.425154091682      0.532460586536      0.846454797249
    24      7.002570661903     -0.996245057143     -0.820886782187     -0.571090965461
    25      7.739945442954     -1.671728907631      0.737374781051     -0.675483850488
    26      7.054962513125     -2.400288023862     -0.684982929829     -0.728559116231
    27      6.458495574552     -1.597650377605     -0.596466938573      0.802637646257
    28      7.407484078222     -1.912961049646      0.948988503670     -0.315310672041
    29      6.420985737827     -1.749189793318     -0.986498340394      0.163771256328
    30      5.709481837466     -2.451871940359     -0.711503900362     -0.702682147041
    31      4.724321063806     -2.623505998871     -0.985160773660     -0.171634058512
    32      5.590936161824     -2.124528773051      0.866615098018      0.498977225820
    33      5.436807969689     -3.112579632263     -0.154128192134     -0.988050859212
    34      6.367619933890     -3.478078041700      0.930811964201     -0.365498409437
    35      5.799137668185     -4.300773558632     -0.568482265704     -0.822695516932
    36      5.521314828509     -3.340141230551     -0.277822839676      0.960632328081
    37      4.754735969858     -2.697991050710     -0.766578858651      0.642150179840
    38      5.505802903650     -2.037764982636      0.751066933792      0.660226068074
    39      4.885695076231     -2.822281574159     -0.620107827419     -0.784516591523
    40      5.207243553017     -3.769174692244      0.321548476786     -0.946893118085
    41      4.518755141590     -3.043927350070     -0.688488411427      0.725247342174
    42      5.252200203016     -2.364178615705      0.733445061426      0.679748734365
    43      4.254011750400     -2.424343498025     -0.998188452616     -0.060164882320
    44      5.173891976592     -2.032144097897      0.919880226192      0.392199400128
    45      6.130127051022     -2.324743623582      0.956235074429     -0.292599525685
    46      5.186599842471     -1.993448578760     -0.943527208551      0.331295044822
    47      4.747789465205     -2.892028265156     -0.438810377266     -0.898579686396
    48      5.018675869255     -1.929416943749      0.270886404050      0.962611321407
    49      5.066100110469     -0.930542106072      0.047424241214      0.998874837678
    50      4.154193551194     -1.340939994895     -0.911906559275     -0.410397888824
    51      3.456102391533     -0.624931103327     -0.698091159660      0.716008891568
    52      2.497006791492     -0.341848730189     -0.959095600041      0.283082373139
    53      3.435792619522     -0.686350064135      0.938785828030     -0.344501333946
    54      2.435823665884     -0.678470231567     -0.999968953637      0.007879832568
    55      2.287675100941      0.310494885465     -0.148148564944      0.988965117032
    56      3.258189301297      0.069450933234      0.970514200356     -0.241043952231
    57      4.243311210726     -0.102406052551      0.985121909429     -0.171856985785
    58      3.336440066297     -0.523814082141     -0.906871144429     -0.421408029590
    59      2.343195192656     -0.407776928668     -0.993244873641      0.116037153473
    60      1.940151281890      0.507403712514     -0.403043910766      0.915180641182
    61      2.561371670057     -0.276232191031      0.621220388167     -0.783635903545
    62      1.572496986454     -0.424983191461     -0.988874683603     -0.148751000430
    63      2.307713022018      0.252849664817      0.735216035564      0.677832856278
    64      2.446940771233     -0.737410722076      0.139227749215     -0.990260386893
    65      3.061065269944      0.051798439099      0.614124498711      0.789209161175
    66      4.060406139234      0.015496552540      0.999340869289     -0.036301886559
    67      4.661723364189      0.814506937311      0.601317224955      0.799010384771
    68      3.840536107778      0.243848116378     -0.821187256410     -0.570658820933
    69      4.694709574942      0.763836277776      0.854173467163      0.519988161398
    70      4.582790115082      1.757553558749     -0.111919459860      0.993717280973
    71      5.482686647989      1.321450096184      0.899896532907     -0.436103462566
    72      6.106684448243      2.102876193316      0.623997800254      0.781426097132
    73      7.079644817634      2.333848311967      0.972960369391      0.230972118652
    74      7.879914114823      2.933489081075      0.800269297189      0.599640769108
    75      8.747059327623      2.435433682633      0.867145212800     -0.498055398442
    76      9.715914352281      2.683062318287      0.968855024658      0.247628635654
    77      9.093405873846      1.900449263019     -0.622508478435     -0.782613055268
    78      9.892533452971      1.299287793626      0.799127579125     -0.601161469392
    79      9.596958098658      2.254607221840     -0.295575354312      0.955319428214
    80      8.944194169032      1.497045836751     -0.652763929626     -0.757561385090
    81      9.868319520088      1.114956402801      0.924125351056     -0.382089433949
    82      9.731527184491      2.105556148875     -0.136792335598      0.990599746074
    83      9.394778714610      1.163961507837     -0.336748469881     -0.941594641039
    84      8.663435105690      1.845970690834     -0.731343608920      0.682009182997
    85      8.997041829734      0.903258352062      0.333606724044     -0.942712338772
    86      8.151111982304      0.369964161931     -0.845929847430     -0.533294190131
    87      7.505581136353     -0.393770037202     -0.645530845952     -0.763734199133
    88      6.950859054975      0.438265666619     -0.554722081378      0.832035703821
    89      6.547325064752      1.353230320982     -0.403533990224      0.914964654363
    90      5.613244716182      0.996167437981     -0.934080348569     -0.357062883001
    91      6.409366078795      0.391030448538      0.796121362612     -0.605136989443
    92      5.694789074189     -0.308526342931     -0.714577004605     -0.699556791468
    93      6.532341751178     -0.854882923626      0.837552676989     -0.546356580695
    94      5.647971278233     -0.388097248415     -0.884370472946      0.466785675211
    95      4.681273968693     -0.644019720522     -0.966697309539     -0.255922472108
    96      3.979216419066     -1.356139932995     -0.702057549627     -0.712120212472
    97      4.604561607060     -2.136488185926      0.625345187994     -0.780348252931
    98      5.604560558486     -2.135040033196      0.999998951426      0.001448152729
    99      4.605557409633     -2.179679797775     -0.999003148853     -0.044639764579
   100      5.397310463489     -2.790521104262      0.791753053856     -0.610841306487
   101      6.114520316108     -2.093663853954      0.717209852619      0.696857250307
   102      6.401834200217     -1.135827368954      0.287313884109      0.957836485001
   103      5.728545851925     -1.875207379540     -0.673288348292     -0.739380010586
   104      6.235446095001     -2.737212103175      0.506900243076     -0.862004723635
   105      5.799240605145     -1.837365021377     -0.436205489856      0.899847081797
   106      6.423320348598     -2.618725676780      0.624079743454     -0.781360655402
   107      6.119101673815     -1.666123452390     -0.304218674784      0.952602224390
   108      5.679382430249     -2.564258735539     -0.439719243566     -0.898135283149
   109      4.867699690299     -3.148357297143     -0.811682739949     -0.584098561604
   110      5.818418072954     -3.458413029041      0.950718382655     -0.310055731897
   111      5.115740129706     -2.746904977033     -0.702677943248      0.711508052008
   112      4.877973045377     -1.775582778373     -0.237767084329      0.971322198660
   113      4.214153367092     -2.523475440940     -0.663819678285     -0.747892662567
   114      5.213364461979     -2.483761616463      0.999211094887      0.039713824477
   115      4.470806359687     -3.153543270975     -0.742558102292     -0.669781654512
   116      3.482758697010     -2.999394588597     -0.988047662677      0.154148682377
   117      4.330259417313     -2.468600344953      0.847500720303      0.530794243644
   118      4.540436027208     -3.446263780218      0.210176609895     -0.977663435264
   119      3.672301253046     -3.942592314447     -0.868134774162     -0.496328534229
   120      4.672298617131     -3.944888359476      0.999997364085     -0.002296045030
   121      3.682136150542     -4.084810801418     -0.990162466589     -0.139922441942
   122      4.664110094133     -3.895794468500      0.981973943590      0.189016332918
   123      4.052763748135     -4.687157624854     -0.611346345998     -0.791363156354
   124      3.629468604505     -5.593149468846     -0.423295143630     -0.905991843992
   125      4.588585920944     -5.310140682221      0.959117316439      0.283008786625
   126      3.865938916069     -6.001357946433     -0.722647004875     -0.691217264212
   127      4.441789794493     -5.183803198530      0.575850878424      0.817554747902
   128      5.022130028205     -5.998177322098      0.580340233711     -0.814374123567
   129      4.882283049398     -6.988350449646     -0.139846978806     -0.990173127548
   130      4.693179200483     -7.970307543579     -0.189103848915     -0.981957093933
   131      4.132127811637     -8.798088516466     -0.561051388846     -0.827780972887
   132      4.508783763837     -7.871735293515      0.376655952200      0.926353222951
   133      5.277788949949     -8.510977832567      0.769005186111     -0.639242539052
   134      4.411847956598     -9.011124007236     -0.865940993350     -0.500146174669
   135      4.435777126651    -10.010837663650      0.023929170053     -0.999713656414
   136      3.536671716105     -9.573105484427     -0.899105410546      0.437732179223
   137      2.537201963731     -9.605666413292     -0.999469752374     -0.032560928866
   138      1.779903544382    -10.258735402030     -0.757298419349     -0.653068988738
   139      2.531119028363     -9.598678361597      0.751215483982      0.660057040434
   140      2.757227153910    -10.572780571614      0.226108125546     -0.974102210018
   141      1.940447926111    -11.149730910064     -0.816779227798     -0.576950338450
   142      1.036668588154    -10.721732185439     -0.903779337958      0.427998724625
   143      1.941186260981    -10.295296047731      0.904517672827      0.426436137707
   144      2.595343769034     -9.538937697041      0.654157508053      0.756358350690
   145      3.154230402898     -8.709693625319      0.558886633864      0.829244071723
   146      2.356244473335     -8.107017546302     -0.797985929563      0.602676079017
   147      1.376401272765     -8.306785667624     -0.979843200570     -0.199768121322
   148      0.412214167301     -8.572008641096     -0.964187105464     -0.265222973472
   149      0.966454609401     -9.404365254779      0.554240442100     -0.832356613683
   150      1.926011534333     -9.122850587638      0.959556924932      0.281514667140
   151      1.840419192658     -8.126520345677     -0.085592341674      0.996330241961
   152      1.225423285761     -7.337990045371     -0.614995906897      0.788530300306
   153      0.267310193761     -7.624380169044     -0.958113092001     -0.286390123672
   154     -0.322529290666     -8.431900684332     -0.589839484427     -0.807520515288
   155     -1.300838812522     -8.224752236483     -0.978309521856      0.207148447849
   156     -0.431566050110     -8.719084983252      0.869272762412     -0.494332746769
   157     -1.059679030218     -7.940962830747     -0.628112980108      0.778122152505
   158     -2.059291144287     -7.968812811114     -0.999612114069     -0.027849980367
   159     -2.220026820007     -8.955810299739     -0.160735675720     -0.986997488624
   160     -3.214599278676     -8.851764038606     -0.994572458670      0.104046261132
   161     -2.244203253215     -9.093283300299      0.970396025462     -0.241519261693
   162     -3.174019887664     -9.461306433134     -0.929816634449     -0.368023132835
   163     -2.310519324753     -9.965654306981      0.863500562910     -0.504347873847
   164     -2.678555811355    -10.895465655874     -0.368036486601     -0.929811348893
   165     -3.374018647308    -10.176903589099     -0.695462835954      0.718562066775
   166     -2.395851921829     -9.969081893492      0.978166725479      0.207821695607
   167     -1.717863413046     -9.234009392334      0.677988508783      0.735072501158
   168     -2.658153102473     -9.574384626388     -0.940289689427     -0.340375234053
   169     -2.046460984100     -8.783288707855      0.611692118373      0.791095918533
   170     -1.440577351917     -7.987735426010      0.605883632183      0.795553281844
   171     -1.091476488541     -8.924820580727      0.349100863376     -0.937085154716
   172     -1.323542643205     -7.952120575659     -0.232066154664      0.972700005068
   173     -1.492289335987     -8.937780026826     -0.168746692782     -0.985659451167
   174     -2.188148063135     -8.219601336072     -0.695858727148      0.718178690753
   175     -1.350889691762     -8.766408815508      0.837258371372     -0.546807479436
   176     -0.882068718567     -9.649702025655      0.468820973195     -0.883293210147
   177     -1.154801708724     -8.687612260571     -0.272732990157      0.962089765084
   178     -0.339115035621     -9.266106211553      0.815686673102     -0.578493950982
   179      0.042461982796    -10.190443259937      0.381577018418     -0.924337048384
   180      1.040596026286    -10.129382378623      0.998134043490      0.061060881314
   181      1.530469165125     -9.257588648522      0.489873138839      0.871793730101
   182      0.954026236914    -10.074726060782     -0.576442928211     -0.817137412260
   183      0.310917975071     -9.308950791170     -0.643108261843      0.765775269612
   184     -0.351074671845     -8.559440460735     -0.661992646916      0.749510330436
   185      0.205889451408     -7.728903908012      0.556964123253      0.830536552723
   186     -0.718645773206     -7.347807308122     -0.924535224614      0.381096599890
   187     -1.349168405214     -6.571636443862     -0.630522632008      0.776170864260
   188     -1.512153631618     -7.558264953471     -0.162985226403     -0.986628509610
   189     -2.396009620658     -7.090505837433     -0.883855989041      0.467759116039
   190     -1.760160104375     -7.862318892934      0.635849516283     -0.771813055501
   191     -0.761700372486     -7.806837690750      0.998459731889      0.055481202185
   192     -0.704876967163     -6.808453445778      0.056823405323      0.998384244972
   193     -0.073983482477     -7.584322900635      0.630893484686     -0.775869454857
   194      0.741857155569     -7.006046104185      0.815840638046      0.578276796450
   195      0.174094883350     -7.829238671112     -0.567762272219     -0.823192566928
   196     -0.295756191747     -8.711984369051     -0.469851075097     -0.882745697939
   197     -0.728746849293     -7.810585960755     -0.432990657545      0.901398408296
   198     -0.527076425446     -6.831132521257      0.201670423847      0.979453439498
   199     -1.224804753257     -7.547494985775     -0.697728327811     -0.716362464518
   200     -0.329256777950     -7.992459955097      0.895547975307     -0.444964969323
   201     -0.798685530319     -8.875430309328     -0.469428752368     -0.882970354230
   202     -1.060620075760     -9.840515950038     -0.261934545441     -0.965085640710
   203     -1.870999911841     -9.254611076127     -0.810379836081      0.585904873911
   204     -2.824073606302     -9.557349466369     -0.953073694461     -0.302738390243
   205     -3.026739902604    -10.536597326894     -0.202666296302     -0.979247860525
   206     -3.459703672831     -9.635186003651     -0.432963770227      0.901411323243
   207     -3.304873918648    -10.623127169521      0.154829754183     -0.987941165870
   208     -2.557411948827    -11.287431771094      0.747461969821     -0.664304601574
   209     -2.429768262864    -10.295611681847      0.127643685964      0.991820089247
   210     -3.372774074248     -9.962835421134     -0.943005811385      0.332776260714
   211     -4.340046288565    -10.216576358727     -0.967272214317     -0.253740937593
   212     -3.580386072448    -10.866896553745      0.759660216117     -0.650320195018
   213     -4.249364522190    -11.610178353455     -0.668978449742     -0.743281799710
   214     -3.250428002624    -11.564071630771      0.998936519566      0.046106722684
   215     -2.945399165398    -10.611728515890      0.305028837226      0.952343114881
   216     -2.016152950985    -10.981189573375      0.929246214414     -0.369461057485
   217     -1.306831792444    -10.276304125912      0.709321158541      0.704885447464
   218     -0.661428574953     -9.512462069690      0.645403217491      0.763842056221
   219     -0.357272012381     -8.559840011661      0.304156562572      0.952622058030
   220     -0.097465700454     -9.525500759689      0.259806311927     -0.965660748029
   221     -0.974270945980    -10.006346432872     -0.876805245526     -0.480845673182
   222     -0.733357442763     -9.035799842559      0.240913503217      0.970546590313
   223     -0.376729051983     -9.970046164944      0.356628390780     -0.934246322385
   224      0.300779216309    -10.705561322093      0.677508268292     -0.735515157149
   225     -0.535041783141    -11.254563377533     -0.835820999451     -0.549002055440
   226      0.177270212473    -11.956426342010      0.712311995614     -0.701862964477
   227      1.177270008915    -11.957064398058      0.999999796442     -0.000638056048
   228      1.982449769564    -12.550095217696      0.805179760649     -0.593030819639
   229      2.794358200676    -13.133880023501      0.811908431113     -0.583784805805
   230      2.078104744497    -13.831720253433     -0.716253456179     -0.697840229932
   231      2.742171107954    -13.084046618131      0.664066363457      0.747673635301
   232      2.095004516519    -13.846395227975     -0.647166591435     -0.762348609844
   233      1.966954223244    -14.838162903588     -0.128050293275     -0.991767675614
   234      1.357608902221    -15.631067866208     -0.609345321023     -0.792904962620
   235      2.096716534737    -16.304655208396      0.739107632517     -0.673587342188
   236      2.180677024431    -17.301124292799      0.083960489693     -0.996469084403
   237      1.619324976979    -18.128701406319     -0.561352047452     -0.827577113520
   238      2.611978580742    -18.249692409852      0.992653603763     -0.120991003534
   239      2.709497324508    -17.254458721408      0.097518743766      0.995233688444
   240      1.881235815009    -17.814800467027     -0.828261509499     -0.560341745619
   241      2.577698560923    -17.097207515867      0.696462745914      0.717592951159
   242      3.342999972641    -17.740879597928      0.765301411717     -0.643672082060
   243      3.603065451946    -18.706470580939      0.260065479306     -0.965590983012
   244      4.491211106419    -18.246908510658      0.888145654473      0.459562070282
   245      4.241478221643    -19.215223276765     -0.249732884776     -0.968314766107
   246      4.399878822313    -20.202598205405      0.158400600670     -0.987374928640
   247      3.996081594110    -19.287749694177     -0.403797228202      0.914848511228
   248      3.164631695757    -19.843349430073     -0.831449898354     -0.555599735896
   249      2.164910621510    -19.866966663346     -0.999721074246     -0.023617233272
   250      2.995140833470    -19.309546000696      0.830230211960      0.557420662650
   251      3.042686494976    -18.310676935166      0.047545661505      0.998869065530
   252      2.214007462779    -18.870401029339     -0.828679032197     -0.559724094173
   253      2.274918548740    -19.868544225282      0.060911085961     -0.998143195943
   254      3.260578964740    -20.037285282322      0.985660416000     -0.168741057040
   255      2.567922267496    -20.758552708290     -0.692656697244     -0.721267425968
   256      1.663417078299    -21.185015324138     -0.904505189197     -0.426462615847
   257      0.959615032063    -21.895411466945     -0.703802046235     -0.710396142807
   258      0.499153370195    -21.007731875003     -0.460461661868      0.887679591942
   259      1.458974470094    -21.288344519388      0.959821099899     -0.280612644385
   260      0.483013612153    -21.070398645910     -0.975960857941      0.217945873478
   261     -0.442762328187    -21.448471268944     -0.925775940340     -0.378072623033
   262     -1.124240167496    -22.180310017939     -0.681477839309     -0.731838748995
   263     -0.125449711039    -22.229479358883      0.998790456458     -0.049169340945
   264      0.632223676325    -21.576845435400      0.757673387364      0.652633923483
   265      1.629143548531    -21.498418600706      0.996919872206      0.078426834695
   266      1.008017400434    -20.714707998410     -0.621126148097      0.783710602295
   267      0.482756060687    -19.863767033967     -0.525261339747      0.850940964443
   268     -0.497737260302    -19.667214630023     -0.980493320989      0.196552403944
   269     -0.162566788413    -18.725057130040      0.335170471889      0.942157499983
   270      0.401449196894    -17.899293260452      0.564015985307      0.825763869588
   271     -0.592502884689    -18.009107920293     -0.993952081583     -0.109814659841
   272     -0.442121921321    -18.997736043430      0.150380963368     -0.988628123137
   273     -0.939127684454    -18.129988804072     -0.497005763132      0.867747239358
   274     -0.219792700432    -18.824652161938      0.719334984022     -0.694663357867
   275     -0.188874477565    -17.825130244472      0.030918222867      0.999521917466
   276     -0.487768067382    -16.870843797976     -0.298893589817      0.954286446496
   277      0.512231542147    -16.871727506220      0.999999609530     -0.000883708244
   278      1.470209875047    -17.158568078132      0.957978332900     -0.286840571912
   279      2.377053118160    -17.580036146224      0.906843243113     -0.421468068092
   280      1.513233226779    -18.083836895782     -0.863819891381     -0.503800749558
   281      0.579786376735    -18.442552630233     -0.933446850044     -0.358715734451
   282      0.180015524195    -19.359167743277     -0.399770852540     -0.916615113043
   283      0.022300292092    -18.371683107668     -0.157715232103      0.987484635608
   284     -0.301748832509    -19.317723363072     -0.324049124601     -0.946040255404
   285     -1.184962392072    -18.848752353091     -0.883213559564      0.468971009981
   286     -0.188663259176    -18.762798657474      0.996299132896      0.085953695617
   287      0.148458186231    -19.704259825577      0.337121445407     -0.941461168103
   288     -0.550478072387    -18.989075858762     -0.698936258618      0.715183966815
   289     -1.375290969226    -18.423670088357     -0.824812896840      0.565405770405
   290     -0.653597987335    -17.731456797608      0.721692981891      0.692213290749
   291     -1.303903815092    -16.971784282386     -0.650305827758      0.759672515223
   292     -0.519448627348    -16.351598779153      0.784455187745      0.620185503233
   293     -0.479561075184    -17.350802954075      0.039887552164     -0.999204174922
   294     -0.853506606086    -16.423352286968     -0.373945530902      0.927450667108
   295     -0.651769445682    -17.402791982973      0.201737160404     -0.979439696006
   296     -0.176415772790    -16.522997185496      0.475353672892      0.879794797477
   297      0.697165938437    -16.036319680560      0.873581711227      0.486677504936
   298      1.212689023383    -16.893195371013      0.515523084946     -0.856875690452
   299      0.641993623091    -16.072033535510     -0.570695400292      0.821161835503
   300      1.417413287208    -16.703479767979      0.775419664118     -0.631446232469
   301      0.896982716616    -17.557383756255     -0.520430570592     -0.853903988276
   302      0.023123807524    -17.071204152610     -0.873858909092      0.486179603645
   303     -0.440124602207    -16.184975677056     -0.463248409730      0.886228475554
   304     -1.122432151478    -15.453910421277     -0.682307549271      0.731065255779
   305     -0.404551248651    -16.150076356494      0.717880902827     -0.696165935216
   306     -0.972596761008    -16.973073498586     -0.568045512357     -0.822997142092
   307     -0.540150741542    -17.874733323713      0.432446019466     -0.901659825127
   308     -1.316355359838    -18.505214402363     -0.776204618296     -0.630481078650
   309     -1.656342717207    -19.445644408705     -0.339987357369     -0.940430006343
   310     -1.812117251024    -18.457851771249     -0.155774533818      0.987792637457
   311     -2.771413613591    -18.740253061555     -0.959296362566     -0.282401290306
   312     -3.328565011487    -19.570663995865     -0.557151397896     -0.830410934310
   313     -2.648087826678    -18.837894727300      0.680477184809      0.732769268565
   314     -2.688698736260    -17.838719690571     -0.040610909583      0.999175036729
   315     -3.514536922109    -17.274812525522     -0.825838185849      0.563907165049
   316     -2.819106131607    -16.556219444828      0.695430790502      0.718593080694
   317     -2.196106571184    -17.338441630472      0.622999560423     -0.782222185644
   318     -1.988208423452    -16.360291151164      0.207898147733      0.978150479307
   319     -2.684778502473    -15.642802388177     -0.696570079021      0.717488762987
   320     -1.710872546193    -15.869754339749      0.973905956280     -0.226951951571
   321     -2.397210005645    -15.142471113109     -0.686337459453      0.727283226640
   322     -2.077118485133    -16.089857738777      0.320091520512     -0.947386625669
   323     -2.305907460320    -15.116381696528     -0.228788975187      0.973476042249
   324     -1.409513277411    -14.673123906019      0.896394182909      0.443257790510
   325     -2.322494410059    -14.265122127311     -0.912981132648      0.408001778708
   326     -1.411758357004    -14.678111039588      0.910736053056     -0.412988912278
   327     -0.423362171196    -14.830008965451      0.988396185807     -0.151897925863
   328     -0.816404019993    -15.749529549829     -0.393041848797     -0.919520584378
   329     -1.569560563460    -15.091688215590     -0.753156543467      0.657841334238
   330     -0.580616552764    -14.943398823835      0.988944010697      0.148289391756
   331     -0.103703091507    -15.822349078668      0.476913461257     -0.878950254833
   332      0.092709055273    -14.841827651774      0.196412146780      0.980521426894
   333     -0.781423681332    -15.327514751454     -0.874132736605     -0.485687099680
   334     -1.061074873103    -16.287616418436     -0.279651191771     -0.960101666982
   335     -0.675238849330    -15.365049042707      0.385836023773      0.922567375729
   336     -1.658427707568    -15.547640578759     -0.983188858237     -0.182591536052
   337     -0.772970329766    -16.012361174491      0.885457377801     -0.464720595732
   338      0.210892532823    -16.191285369663      0.983862862589     -0.178924195173
   339      0.644615660009    -15.290239172766      0.433723127187      0.901046196898
   340     -0.143404994979    -14.674590370841     -0.788020654988      0.615648801925
   341     -0.901385503959    -14.022313169026     -0.757980508979      0.652277201815
   342     -1.768240814458    -14.520872965499     -0.866855310500     -0.498559796473
   343     -2.610193047104    -15.060425037076     -0.841952232645     -0.539552071577
   344     -2.809204346807    -14.080427841881     -0.199011299704      0.979997195195
   345     -3.775159826664    -13.821719490770     -0.965955479857      0.258708351111
   346     -3.478957355445    -14.776844663741      0.296202471219     -0.955125172971
   347     -3.793813472992    -13.827705250776     -0.314856117546      0.949139412965
   348     -4.536445738867    -14.497404674159     -0.742632265876     -0.669699423383
   349     -5.158041387284    -15.280742947110     -0.621595648416     -0.783338272951
   350     -5.160696283263    -14.280746471353     -0.002654895979      0.999996475757
   351     -4.305323400676    -14.798759243141      0.855372882586     -0.518012771788
   352     -3.500181795085    -14.205676622467      0.805141605591      0.593082620675
   353     -2.530156389103    -13.962673100373      0.970025405982      0.243003522093
   354     -3.266657626819    -13.286236904681     -0.736501237716      0.676436195692
   355     -4.238610296548    -13.521413450721     -0.971952669729     -0.235176546040
   356     -3.256542906515    -13.709943664304      0.982067390033     -0.188530213582
   357     -2.696830311069    -12.881256865507      0.559712595446      0.828686798796
   358     -3.531898620201    -13.431403136133     -0.835068309132     -0.550146270626
   359     -4.495464340043    -13.698874823506     -0.963565719842     -0.267471687372
   360     -5.086648543298    -12.892338254079     -0.591184203255      0.806536569426
   361     -5.417806925027    -13.835913437205     -0.331158381729     -0.943575183125
   362     -6.396988320871    -13.632926260190     -0.979181395844      0.202987177015
   363     -7.257764708265    -13.123942949161     -0.860776387393      0.508983311029
   364     -6.271928593216    -13.291654470131      0.985836115048     -0.167711520970
   365     -6.955011138906    -14.021995647783     -0.683082545690     -0.730341177652
   366     -7.911136963097    -13.729039322857     -0.956125824191      0.292956324926
   367     -8.062441628945    -12.740552146363     -0.151304665848      0.988487176494
   368     -8.765704268592    -13.451482283350     -0.703262639647     -0.710930136988
   369     -7.781888622707    -13.630665917962      0.983815645885     -0.179183634612
   370     -8.333146592408    -14.465000773306     -0.551257969700     -0.834334855344
   371     -7.531820925305    -13.866772409517      0.801325667103      0.598228363790
   372     -6.547491253453    -13.690434390047      0.984329671853      0.176338019470
   373     -6.201553307923    -14.628691784285      0.345937945530     -0.938257394238
   374     -5.433021501644    -13.988880200506      0.768531806279      0.639811583779
   375     -5.042811330527    -13.068154387705      0.390210171117      0.920725812800
   376     -6.010957970905    -13.318538258443     -0.968146640378     -0.250383870737
   377     -6.932280319309    -12.929738656680     -0.921322348404      0.388799601763
   378     -7.611922221564    -12.196194598903     -0.679641902255      0.733544057777
   379     -6.628773588354    -12.379002599324      0.983148633210     -0.182808000421
   380     -5.686873485069    -12.043109468357      0.941900103285      0.335893130967
   381     -5.675126636238    -13.043040471748      0.011746848831     -0.999931003391
   382     -5.758605940763    -12.046530960647     -0.083479304525      0.996509511102
   383     -4.772076395884    -12.210114141572      0.986529544879     -0.163583180925
   384     -5.473543466698    -11.497412276440     -0.701467070814      0.712701865133
   385     -6.355556649907    -11.026187548050     -0.882013183209      0.471224728389
   386     -5.419559169683    -10.674180847809      0.935997480224      0.352006700241
   387     -4.419682087552    -10.658502179836      0.999877082131      0.015678667973
   388     -3.894085241051     -9.807768405411      0.525596846502      0.850733774425
   389     -4.860034535936    -10.066499848632     -0.965949294885     -0.258731443221
   390     -4.976037164899     -9.073250942228     -0.116002628963      0.993248906405
   391     -5.683011312239     -9.780490332387     -0.706974147340     -0.707239390159
   392     -5.755606376552    -10.777851829858     -0.072595064313     -0.997361497471
   393     -6.321929771357    -11.602034948161     -0.566323394806     -0.824183118303
   394     -6.640744941029    -10.654218042009     -0.318815169672      0.947816906152
   395     -5.713356205970    -10.280118945398      0.927388735059      0.374099096611
   396     -5.665107820882     -9.281283576913      0.048248385088      0.998835368485
   397     -4.685427289892     -9.481847923693      0.979680530990     -0.200564346780
   398     -3.898042006851    -10.098309127703      0.787385283041     -0.616461204010
   399     -2.955768369653     -9.763465294488      0.942273637198      0.334843833215
   400     -3.555843364368     -8.963521546017     -0.600074994715      0.799943748471
   401     -3.113272117474     -8.066788201359      0.442571246894      0.896733344659
   402     -2.138063864128     -7.845499108529      0.975208253346      0.221289092830
   403     -1.455209675104     -7.114944417535      0.682854189023      0.730554690994
   404     -1.885194386080     -6.212108248384     -0.429984710976      0.902836169151
   405     -1.091898945195     -5.603271370829      0.793295440885      0.608836877555
   406     -0.535169884781     -4.772577231395      0.556729060415      0.830694139434
   407     -0.928079330631     -5.692154399099     -0.392909445850     -0.919577167704
   408     -0.206002788263     -6.383967572551      0.722076542368     -0.691813173452
   409      0.377986996941     -7.195728578499      0.583989785204     -0.811761005948
   410      1.240629170128     -7.701543249143      0.862642173187     -0.505814670644
   411      0.283558445830     -7.991397744866     -0.957070724298     -0.289854495723
   412      0.102174678608     -7.007985354773     -0.181383767222      0.983412390093
   413      0.974445780612     -6.518962732997      0.872271102004      0.489022621776
   414      0.801012616230     -5.534117091542     -0.173433164382      0.984845641455
   415      0.323437037474     -6.412707762205     -0.477575578756     -0.878590670663
   416     -0.298291822337     -5.629475213801     -0.621728859811      0.783232548403
   417      0.645327301502     -5.960508367919      0.943619123839     -0.331033154118
   418      0.480732641342     -6.946869659661     -0.164594660160     -0.986361291742
   419      0.287263794378     -7.927976078585     -0.193468846964     -0.981106418924
   420      1.286963889339     -7.903486894536      0.999700094961      0.024489184049
   421      2.184084908342     -7.461702017856      0.897121019003      0.441784876680
   422      2.995400199770     -8.046310859643      0.811315291428     -0.584608841787
   423      2.453093328517     -8.886491350605     -0.542306871252     -0.840180490962
   424      3.145678815579     -8.165155545927      0.692585487062      0.721335804678
   425      2.293036104198     -7.642661137605     -0.852642711382      0.522494408322
   426      1.625155586213     -8.386929646744     -0.667880517985     -0.744268509139
   427      2.448565084450     -8.954377263897      0.823409498237     -0.567447617153
   428      1.454800274459     -9.065873911486     -0.993764809991     -0.111496647589
   429      2.450740638976     -8.975858411014      0.995940364517      0.090015500472
   430      2.707463770696     -8.009373422181      0.256723131720      0.966484988833
   431      3.217325065354     -8.869630046805      0.509861294658     -0.860256624624
   432      2.987792070502     -7.896329166155     -0.229532994852      0.973300880650
   433      3.927439331306     -7.554184423008      0.939647260804      0.342144743147
   434      3.451512845040     -8.433669488073     -0.475926486265     -0.879485065064
   435      4.231891563873     -9.058976656745      0.780378718832     -0.625307168673
   436      4.220795532954    -10.058915093899     -0.011096030919     -0.999938437154
   437      5.219805582345    -10.103400161228      0.999010049391     -0.044485067329
   438      5.440791041422     -9.128123058618      0.220985459077      0.975277102611
   439      6.327387016326     -8.665578382632      0.886595974905      0.462544675986
   440      5.838008535711     -7.793506881716     -0.489378480615      0.872071500916
   441      6.230518434405     -8.713254662048      0.392509898694     -0.919747780333
   442      6.461444066388     -7.740283258309      0.230925631982      0.972971403739
   443      6.842650662326     -6.815793382100      0.381206595938      0.924489876209
   444      7.807411992663     -7.078919921022      0.964761330338     -0.263126538922
   445      6.918746446988     -6.620363983399     -0.888665545676      0.458555937623
   446      6.980411799666     -7.618460864608      0.061665352679     -0.998096881209
   447      7.650055034704     -8.361143796799      0.669643235038     -0.742682932191
   448      8.454391972903     -8.955317247779      0.804336938199     -0.594173450979
   449      7.637778084285     -9.532501583078     -0.816613888618     -0.577184335300
   450      6.638942501540     -9.580745532368     -0.998835582745     -0.048243949289
   451      7.447018644623    -10.169823580661      0.808076143083     -0.589078048293
   452      6.661630083137    -10.788826656168     -0.785388561485     -0.619003075508
   453      7.256695120974     -9.985149108427      0.595065037837      0.803677547742
   454      8.069187943545     -9.402177914223      0.812492822571      0.582971194203
   455      7.524786511529    -10.241002735517     -0.544401432016     -0.838824821294
   456      6.539132652123    -10.409782086856     -0.985653859406     -0.168779351338
   457      5.747021241792     -9.799405552557     -0.792111410332      0.610376534299
   458      5.159179756553    -10.608381688319     -0.587841485239     -0.808976135762
   459      4.357433084978    -10.010717673493     -0.801746671575      0.597664014826
   460      5.229205168020    -10.500629334130      0.871772083042     -0.489911660638
   461      5.626817576509    -11.418182805387      0.397612408490     -0.917553471257
   462      5.499588469016    -10.426309449456     -0.127229107494      0.991873355931
   463      5.049387919013     -9.533381980522     -0.450200550002      0.892927468934
   464      5.998962381558     -9.846923588738      0.949574462545     -0.313541608217
   465      6.900385526976     -9.413984432615      0.901423145418      0.432939156123
   466      5.903727347407     -9.332299225281     -0.996658179570      0.081685207334
   467      6.392145614311     -8.459689577985      0.488418266904      0.872609647296
   468      5.803804574330     -9.268302477137     -0.588341039981     -0.808612899151
   469      5.785391384020    -10.268132939977     -0.018413190310     -0.999830462840
   470      5.011806539032     -9.634440200863     -0.773584844988      0.633692739114
   471      4.209225083849    -10.230982745695     -0.802581455184     -0.596542544832
   472      4.145023546566     -9.233045792471     -0.064201537282      0.997936953224
   473      4.924849671903     -9.859041969969      0.779826125337     -0.625996177498
   474      4.002860779892     -9.471825644116     -0.921988892011      0.387216325854
   475      4.625309332726    -10.254486361843      0.622448552834     -0.782660717728
   476      3.625527918373    -10.233578862857     -0.999781414353      0.020907498986
   477      2.707280093899    -10.629585091154     -0.918247824473     -0.396006228297
   478      3.376914778852     -9.886894449831      0.669634684953      0.742690641323
   479      3.673114456714    -10.842020489071      0.296199677862     -0.955126039240
   480      3.139552401975     -9.996259569105     -0.533562054739      0.845760919966
   481      4.073891109416     -9.639873290219      0.934338707441      0.356386278886
   482      4.726205786264     -8.881925031847      0.652314676848      0.757948258372
   483      3.727161321930     -8.925630389469     -0.999044464333     -0.043705357622
   484      4.246565777412     -9.780158921248      0.519404455482     -0.854528531780
   485      4.697209976742    -10.672862570625      0.450644199330     -0.892703649377
   486      4.180811531412    -11.529211007688     -0.516398445331     -0.856348437063
   487      3.316809476164    -11.025722727261     -0.864002055248      0.503488280427
   488      2.692788931477    -11.807130661575     -0.624020544687     -0.781407934314
   489      2.465715672363    -10.833252981886     -0.227073259114      0.973877679688
   490      1.672139702675    -10.224781799058     -0.793575969688      0.608471182829
   491      2.277459766574     -9.428799625739      0.605320063900      0.795982173318
   492      2.792134870471     -8.571414334619      0.514675103897      0.857385291120
   493      2.118858413978     -7.832023495393     -0.673276456493      0.739390839226
   494      2.125137629590     -6.832043209862      0.006279215612      0.999980285531
   495      1.997996483323     -5.840158574974     -0.127141146267      0.991884634888
   496      2.991440932708     -5.725842670634      0.993444449385      0.114315904341
   497      3.948329578223     -6.016297693116      0.956888645515     -0.290455022482
   498      4.752960150904     -5.422521942931      0.804630572681      0.593775750185
   499      4.045033229296     -6.128807631348     -0.707926921608     -0.706285688417
   500      5.040410211669     -6.032762522350      0.995376982373      0.096045108998
   501      6.012365546441     -6.267928053857      0.971955334772     -0.235165531507
   502      5.032577862918     -6.467968287852     -0.979787683523     -0.200040233995
   503      4.320573643001     -7.170143473131     -0.712004219916     -0.702175185279
   504      5.276513803117     -7.463705068505      0.955940160115     -0.293561595374
   505      5.094614521482     -6.480387901289     -0.181899281635      0.983317167216
   506      4.187587714339     -6.059315020276     -0.907026807143      0.421072881013
   507      4.579662287956     -6.979248457392      0.392074573617     -0.919933437116
   508      4.721004023324     -7.969209322195      0.141341735368     -0.989960864804
   509      3.776628079605     -7.640341450665     -0.944375943719      0.328867871530
   510      3.450072074809     -6.695163596644     -0.326556004796      0.945177854021
   511      2.704424706352     -7.361504351748     -0.745647368457     -0.666340755104
   512      2.645760923632     -8.359782149056     -0.058663782720     -0.998277797307
   513      1.659206035315     -8.523212416560     -0.986554888318     -0.163430267504
   514      2.531823028702     -8.034807274438      0.872616993388      0.488405142122
   515      1.622167883647     -7.619442955949     -0.909655145056      0.415364318489
   516      1.410258039463     -8.596732175136     -0.211909844184     -0.977289219186
   517      0.890376142708     -7.742494027178     -0.519881896755      0.854238147958
   518      0.450931788776     -8.640763841765     -0.439444353931     -0.898269814587
   519     -0.300475210837     -7.980924830390     -0.751406999614      0.659839011375
   520     -0.192785123705     -8.975109343010      0.107690087132     -0.994184512620
   521      0.218854051090     -8.063762433335      0.411639174795      0.911346909675
   522     -0.754574376579     -7.834770957059     -0.973428427669      0.228991476275
   523      0.220370074988     -8.057219414820      0.974944451566     -0.222448457761
   524      0.857764029579     -8.827757503853      0.637393954591     -0.770538089033
   525      1.295746056176     -7.928773775202      0.437982026596      0.898983728651
   526      2.205771131404     -8.343326983435      0.910025075228     -0.414553208233
   527      2.804849855694     -7.542636854795      0.599078724290      0.800690128641
   528      3.755669151857     -7.852382986400      0.950819296163     -0.309746131605
   529      2.838055078743     -8.249855517303     -0.917614073114     -0.397472530903
   530      3.437115585904     -7.449151758875      0.599060507161      0.800703758428
   531      3.268989942125     -6.463386184358     -0.168125643778      0.985765574518
   532      3.631837833412     -5.531537801954      0.362847891286      0.931848382404
   533      3.662098727416     -4.531995767673      0.030260894005      0.999542034281
   534      4.426401611741     -3.887138340785      0.764302884325      0.644857426888
   535      4.496124937924     -4.884704708394      0.069723326183     -0.997566367610
   536      5.487650485295     -5.014616558930      0.991525547371     -0.129911850536
   537      6.487065511790     -5.048816044562      0.999415026494     -0.034199485632
   538      6.694772328290     -4.070624918872      0.207706816500      0.978191125690
   539      7.408921732060     -3.370631612408      0.714149403770      0.699993306464
   540      6.827673888880     -2.556905033759     -0.581247843180      0.813726578648
   541      6.964582148880     -3.547488764871      0.136908260000     -0.990583731112
   542      6.907203102195     -4.545841230187     -0.057379046684     -0.998352465316
   543      6.534666359271     -3.617823786832     -0.372536742924      0.928017443355
   544      5.535687766560     -3.572637823241     -0.998978592711      0.045185963590
   545      6.503717809259     -3.321803542423      0.968030042698      0.250834280818
   546      7.020074689990     -4.178177042551      0.516356880732     -0.856373500128
   547      7.755098233421     -3.500135457837      0.735023543431      0.678041584715
   548      8.606460597512     -4.024713502564      0.851362364091     -0.524578044727
   549      8.004389556384     -4.823156024875     -0.602071041128     -0.798442522311
   550      7.032187575442     -5.057299801756     -0.972201980942     -0.234143776880
   551      6.970607513349     -4.059197654702     -0.061580062092      0.998102147053
   552      7.926768070763     -3.766354713099      0.956160557413      0.292842941603
   553      7.313046236941     -2.976832382389     -0.613721833822      0.789522330710
   554      6.313194888338     -2.959590552544     -0.999851348603      0.017241829844
   555      5.977966684688     -2.017453592502     -0.335228203649      0.942136960042
   556      6.503716152073     -1.166814128602      0.525749467385      0.850639463900
   557      7.410559643880     -0.745346595609      0.906843491807      0.421467532993
   558      8.294503473316     -1.212939694790      0.883943829436     -0.467593099182
   559      8.576072583064     -2.172480645681      0.281569109748     -0.959540950891
   560      8.758784737584     -1.189314195587      0.182712154520      0.983166450094
   561      9.733784267767     -0.967107273680      0.974999530183      0.222206921907
   562      8.950149796384     -0.345885078921     -0.783634471382      0.621222194759
   563      7.955284845497     -0.244673767810     -0.994864950887      0.101211311111
   564      8.804862630148      0.282789584309      0.849577784651      0.527463352119
   565      8.154973025067      1.042818202986     -0.649889605080      0.760028618677
   566      7.874702504470      2.002739259784     -0.280270520597      0.959921056798
   567      7.417938179783      1.113151517235     -0.456764324687     -0.889587742549
   568      6.422484799451      1.017901490542     -0.995453380332     -0.095250026693
   569      6.754662069208      1.961118465292      0.332177269758      0.943216974750
   570      7.613594500684      2.473207401083      0.858932431476      0.512088935791
   571      8.561070790178      2.153381384558      0.947476289494     -0.319826016525
   572      8.008659565869      1.319809648438     -0.552411224309     -0.833571736119
   573      8.358682780171      0.383068622621      0.350023214303     -0.936741025817
   574      7.491521982785     -0.114959641111     -0.867160797387     -0.498028263732
   575      7.707636765301      0.861408322711      0.216114782516      0.976367963822
   576      8.694979915039      1.020006887222      0.987343149738      0.158598564511
   577      8.265937776844      1.923291362707     -0.429042138196      0.903284475485
   578      8.899851032397      1.149887209348      0.633913255553     -0.773404153360
   579      9.693151495944      0.541056876220      0.793300463547     -0.608830333127
   580      8.694549455004      0.593914835228     -0.998602040940      0.052857959007
   581      8.784531900862      1.589858186748      0.089982445858      0.995943351520
   582      9.140450307198      2.524375221387      0.355918406336      0.934517034639
   583      9.734703599232      3.328653173906      0.594253292034      0.804277952518
   584      8.999492611238      2.650814842787     -0.735210987994     -0.677838331118
   585      9.962675906457      2.919660411489      0.963183295219      0.268845568701
   586     10.931924278388      3.165744936619      0.969248371931      0.246084525131
   587     10.080731500231      3.690598110768     -0.851192778157      0.524853174148
   588     10.931356935987      3.164825947141      0.850625435756     -0.525772163627
   589     11.592878349089      3.914752223522      0.661521413102      0.749926276382
   590     11.098225797373      3.045661403711     -0.494652551716     -0.869090819812
   591     10.300207518853      2.443028159400     -0.798018278520     -0.602633244311
   592     11.137360547274      2.989996903485      0.837153028421      0.546968744085
   593     11.917027637676      3.616191145031      0.779667090401      0.626194241546
   594     12.768736662897      4.140206160423      0.851709025221      0.524015015392
   595     12.402404922550      5.070690473034     -0.366331740347      0.930484312611
   596     11.430833502232      4.833943825283     -0.971571420318     -0.236746647750
   597     11.011306783530      3.926200837266     -0.419526718702     -0.907742988017
   598     10.193700351960      3.350423342867     -0.817606431569     -0.575777494399
   599     10.939772386102      4.016288584392      0.746072034142      0.665865241526
   600      9.942300636152      3.945224472132     -0.997471749950     -0.071064112260
   601     10.441443133114      3.078704554458      0.499142496962     -0.866519917674
   602     10.907118200211      3.963660334079      0.465675067097      0.884955779621
   603      9.967593709566      3.621178609782     -0.939524490646     -0.342481724297
   604     10.958608421000      3.754931522726      0.991014711434      0.133752912944
   605     11.631770146960      3.015436228149      0.673161725961     -0.739495294577
   606     12.624527068289      2.895295913703      0.992756921328     -0.120140314446
   607     11.987337603028      2.124588715501     -0.637189465261     -0.770707198202
   608     11.808067687964      1.140788787897     -0.179269915064     -0.983799927604
   609     12.280742374850      2.022025782342      0.472674686886      0.881236994444
   610     13.028797719194      1.358389434785      0.748055344345     -0.663636347556
   611     13.627257321325      2.159542419313      0.598459602131      0.801152984527
   612     12.933124157632      1.439695802969     -0.694133163693     -0.719846616344
   613     13.596591418211      0.691490487470      0.663467260579     -0.748205315499
   614     14.065890266777     -0.191548917503      0.469298848566     -0.883039404973
   615     13.203763208789      0.315143233498     -0.862127057988      0.506692151000
   616     13.781324884899      1.131490286098      0.577561676110      0.816347052600
   617     13.725492294718      2.129930430460     -0.055832590181      0.998440144362
   618     13.399081298603      3.075158372078     -0.326410996115      0.945227941618
   619     13.557739084372      2.087824736970      0.158657785770     -0.987333635108
   620     14.185033785842      1.309042766514      0.627294701470     -0.778781970457
   621     13.186695288913      1.251421194594     -0.998338496929     -0.057621571919
   622     12.688152483128      0.384556112358     -0.498542805785     -0.866865082236
   623     13.478589567402     -0.227987123507      0.790437084274     -0.612543235866
   624     12.533243550173     -0.554055993089     -0.945346017229     -0.326068869581
   625     12.760831890923      0.419701444446      0.227588340750      0.973757437535
   626     13.678972731354      0.023447236730      0.918140840431     -0.396254207716
   627     13.018581890365     -0.727474821234     -0.660390840990     -0.750922057964
   628     12.067729265865     -0.417831015413     -0.950852624499      0.309643805820
   629     11.157902706211     -0.832819727728     -0.909826559654     -0.414988712314
   630     10.276318819860     -1.304847111812     -0.881583886351     -0.472027384084
   631     10.685014350112     -0.392176325848      0.408695530252      0.912670785964
   632     10.157103937741      0.457123736857     -0.527910412371      0.849300062705
   633     11.110257185469      0.759611565281      0.953153247728      0.302487828425
   634     11.282023575524     -0.225526144507      0.171766390055     -0.985137709789
   635     12.235983805114     -0.525459270988      0.953960229590     -0.299933126480
   636     12.193357249148     -1.524550346279     -0.042626555966     -0.999091075291
   637     12.201940877117     -0.524587186292      0.008583627969      0.999963159987
   638     11.295668027897     -0.947280364339     -0.906272849220     -0.422693178047
   639     11.710760761486     -1.857059470782      0.415092733589     -0.909779106444
   640     12.664870912721     -1.557603598724      0.954110151235      0.299455872058
   641     11.967331749709     -0.841056938649     -0.697539163012      0.716546660075
   642     11.502003411084      0.044081207220     -0.465328338625      0.885138145869
   643     12.308132278567     -0.547658810872      0.806128867483     -0.591740018092
   644     11.679977297312     -1.325747057490     -0.628154981255     -0.778088246618
   645     12.255569705618     -2.143483799663      0.575592408306     -0.817736742173
   646     12.970499314102     -1.444287364523      0.714929608484      0.699196435140
   647     12.363107060826     -2.238689435680     -0.607392253277     -0.794402071158
   648     11.505660632333     -2.753262678538     -0.857446428493     -0.514573242858
   649     11.180037361952     -3.698762274406     -0.325623270380     -0.945499595868
   650     11.380264302384     -2.719012728693      0.200226940432      0.979749545713
   651     10.466503419742     -3.125265174044     -0.913760882642     -0.406252445351
   652     11.075573943359     -2.332149106080      0.609070523617      0.793116067963
   653     10.184527039522     -2.786060347583     -0.891046903837     -0.453911241502
   654      9.657894595865     -3.636153442066     -0.526632443656     -0.850093094484
   655      8.793071679275     -4.138230451040     -0.864822916590     -0.502077008974
   656      9.624629430351     -4.693668752408      0.831557751075     -0.555438301368
   657     10.208997080931     -5.505157784346      0.584367650580     -0.811489031938
   658     10.346365956234     -6.495677744820      0.137368875303     -0.990519960474
   659     10.799375448832     -5.604172052401      0.453009492598      0.891505692420
   660     11.665625764182     -5.104561813159      0.866250315351      0.499610239242
   661     10.672761195733     -5.223809239625     -0.992864568449     -0.119247426465
   662      9.950501598209     -5.915431299556     -0.722259597524     -0.691622059932
   663      9.124929145488     -5.351135166921     -0.825572452721      0.564296132636
   664      9.856786169923     -6.032593379715      0.731857024435     -0.681458212794
   665      9.176451065966     -6.765494564271     -0.680335103957     -0.732901184556
   666      9.971604243586     -7.371903192277      0.795153177620     -0.606408628006
   667     10.626260449604     -6.615976441909      0.654656206018      0.755926750368
   668     11.523098451817     -6.173617314292      0.896838002213      0.442359127617
   669     11.203320417560     -7.121109799120     -0.319778034257     -0.947492484829
   670     11.978536404591     -7.752806065891      0.775215987031     -0.631696266771
   671     11.567636440877     -6.841125628556     -0.410899963714      0.911680437335
   672     10.576656606265     -6.975136700455     -0.990979834612     -0.134011071899
   673     11.334223249530     -7.627894527685      0.757566643266     -0.652757827231
   674     12.264057005478     -7.995874399826      0.929833755948     -0.367979872140
   675     13.048136476601     -8.616534840778      0.784079471123     -0.620660440953
   676     13.336946687757     -7.659148470533      0.288810211156      0.957386370245
   677     12.466167308025     -7.167474521830     -0.870779379732      0.491673948703
   678     12.972910871972     -8.029571361169      0.506743563946     -0.862096839339
   679     12.389898479054     -7.217108100643     -0.583012392917      0.812463260526
   680     11.487581419124     -7.648181091399     -0.902317059930     -0.431072990756
   681     10.688284588683     -7.047244674757     -0.799296830441      0.600936416642
   682     11.649787165443     -7.322040589727      0.961502576760     -0.274795914970
   683     11.771857514648     -8.314562040298      0.122070349205     -0.992521450572
   684     12.005304497788     -7.342192508658      0.233446983140      0.972369531641
   685     11.202322144875     -7.938195311428     -0.802982352913     -0.596002802771
   686     11.369905485556     -6.952337398783      0.167583340682      0.985857912646
   687     12.018504721502     -6.191207297466      0.648599235946      0.761130101317
   688     12.043128126510     -7.190904095463      0.024623405007     -0.999696797997
   689     12.744305663568     -6.477917376425      0.701177537058      0.712986719038
   690     13.571250047057     -5.915633652122      0.826944383489      0.562283724303
   691     12.736531338209     -5.364957089065     -0.834718708848      0.550676563056
   692     13.728689281151     -5.239966624401      0.992157942942      0.124990464664
   693     14.288810715046     -4.411556110651      0.560121433895      0.828410513750
   694     15.164621648775     -3.928901774340      0.875810933729      0.482654336312
   695     16.107498679431     -4.262042743093      0.942877030656     -0.333140968753
   696     15.118383308760     -4.114900690972     -0.989115370671      0.147142052121
   697     14.120354444586     -4.177657254574     -0.998028864174     -0.062756563602
   698     13.148161381887     -3.943476450832     -0.972193062698      0.234180803742
   699     12.577515846132     -3.122279962456     -0.570645535755      0.821196488377
   700     11.617709623425     -2.841616436409     -0.959806222707      0.280663526047
   701     11.217900203839     -1.925018144893     -0.399809419587      0.916598291516
   702     10.743235673263     -1.044851351942     -0.474664530576      0.880166792951
   703      9.924502349183     -1.619025318647     -0.818733324080     -0.574173966705
   704      9.453781634871     -2.501307591572     -0.470720714312     -0.882282272925
   705      9.933668891167     -3.378637758183      0.479887256296     -0.877330166611
   706     10.222009678866     -4.336165611641      0.288340787699     -0.957527853459
   707     10.855860905250     -3.562710620829      0.633851226384      0.773454990812
   708     10.299337598552     -2.731878622708     -0.556523306697      0.830831998122
   709      9.320699224194     -2.937467854509     -0.978638374359     -0.205589231802
   710     10.160974749965     -3.479627462733      0.840275525771     -0.542159608224
   711     10.882983757085     -2.787743806590      0.722009007120      0.691883656143
   712     10.715477599125     -3.773614836211     -0.167506157960     -0.985871029621
   713     11.714483277325     -3.818197959949      0.999005678201     -0.044583123739
   714     12.462820845169     -3.154879872940      0.748337567844      0.663318087009
   715     11.833167309877     -3.931755941238     -0.629653535292     -0.776876068298
   716     10.995468595448     -3.385623298153     -0.837698714429      0.546132643086
   717     10.800401107469     -4.366413120252     -0.195067487979     -0.980789822099
   718     10.437378598467     -5.298193490274     -0.363022509002     -0.931780370022
   719     11.423711087846     -5.133426320014      0.986332489379      0.164767170259
   720     10.508193536193     -5.535704349013     -0.915517551653     -0.402278028999
   721      9.535517321226     -5.767870196710     -0.972676214967     -0.232165847697
   722     10.235958223101     -5.054159791168      0.700440901875      0.713710405543
   723      9.783629223577     -5.946010942532     -0.452328999524     -0.891851151364
   724     10.752702097355     -6.192785668359      0.969072873778     -0.246774725827
   725     10.444438214814     -7.144086555944     -0.308263882541     -0.951300887585
   726     11.289273791034     -6.609060529332      0.844835576220      0.535026026612
   727     12.289102388407     -6.627574736752      0.999828597372     -0.018514207421
   728     11.355641630689     -6.986254278685     -0.933460757718     -0.358679541933
   729     10.913855126574     -7.883374496260     -0.441786504115     -0.897120217575
   730     10.118412952727     -7.277345001874     -0.795442173847      0.606029494386
   731     10.039816833613     -6.280438461590     -0.078596119115      0.996906540284
   732      9.181820756542     -6.794094700461     -0.857996077071     -0.513656238871
   733      8.196506553641     -6.964845751882     -0.985314202901     -0.170751051421
   734      7.627553571178     -6.142475699079     -0.568952982462      0.822370052803
   735      8.399995393309     -5.507390168285      0.772441822130      0.635085530794
   736      8.396929556728     -4.507394867973     -0.003065836580      0.999995300312
   737      7.595133278074     -3.909797405181     -0.801796278655      0.597597462792
   738      8.427629606829     -4.463827966259      0.832496328755     -0.554030561079
   739      7.513064837581     -4.868267433734     -0.914564769248     -0.404439467474
   740      8.464873947629     -5.174958512884      0.951809110048     -0.306691079150
   741      9.213872046648     -4.512386367631      0.748998099019      0.662572145253
   742      9.866191799423     -5.270330257466      0.652319752775     -0.757943889836
   743      8.992249681290     -4.784300243833     -0.873942118133      0.486030013634
   744      8.771707974408     -3.808922698712     -0.220541706882      0.975377545121
   745      9.534033543805     -4.456116430328      0.762325569397     -0.647193731616
   746     10.182688798230     -5.217198791776      0.648655254425     -0.761082361448
   747      9.437615865815     -4.550215789457     -0.745072932415      0.666983002319
   748     10.289255745007     -5.074343174899      0.851639879192     -0.524127385442
   749     10.872026704740     -5.886979630205      0.582770959733     -0.812636455306
   750     10.084349264448     -6.503067489243     -0.787677440292     -0.616087859039
   751      9.095732046690     -6.352614849675     -0.988617217758      0.150452639568
   752     10.054821228279     -6.635718967904      0.959089181589     -0.283104118229
   753     10.413239630224     -7.569280025975      0.358418401945     -0.933561058071
   754      9.512594869974     -7.134723912415     -0.900644760251      0.434556113560
   755      8.681499377524     -7.690853647665     -0.831095492450     -0.556129735250
   756      7.774626504707     -8.112257957740     -0.906872872817     -0.421404310074
   757      7.497268840272     -7.151491219150     -0.277357664435      0.960766738589
   758      8.266562615358     -6.512596010518      0.769293775086      0.638895208632
   759      8.040584991000     -7.486728503195     -0.225977624358     -0.974132492677
   760      7.435667684475     -8.283016800401     -0.604917306525     -0.796288297205
   761      6.694661289703     -8.954514769799     -0.741006394773     -0.671497969398
   762      7.220696282115     -8.104051844824      0.526034992412      0.850462924976
   763      8.168363062613     -7.784790708543      0.947666780499      0.319261136281
   764      9.151347006127     -7.968482207512      0.982983943514     -0.183691498969
   765      9.418156882548     -7.004733023417      0.266809876421      0.963749184095
   766      8.530543889168     -7.465323051514     -0.887612993380     -0.460590028098
   767      7.656188483517     -7.950609178050     -0.874355405651     -0.485286126536
   768      6.656819700260     -7.986134310732     -0.999368783257     -0.035525132682
   769      6.796686279724     -8.976304669786      0.139866579464     -0.990170359054
   770      6.230261194620     -8.152191435476     -0.566425085104      0.824113234310
   771      6.741952192672     -9.011360989471      0.511690998053     -0.859169553995
   772      6.033438309061     -9.717057862591     -0.708513883611     -0.705696873119
   773      5.107370436583     -9.339700875690     -0.926067872479      0.377356986901
   774      5.660671540014     -8.506719550004      0.553301103431      0.832981325686
   775      6.143904150894     -7.631227549022      0.483232610880      0.875492000981
   776      5.623088231032     -8.484896558427     -0.520815919862     -0.853669009405
   777      6.553615930471     -8.118675039976      0.930527699439      0.366221518451
   778      5.850447680362     -7.407651543854     -0.703168250109      0.711023496123
   779      5.002455577475     -7.937660405517     -0.847992102887     -0.530008861663
   780      4.700053426036     -8.890840839016     -0.302402151439     -0.953180433499
   781      5.508804049105     -8.302689132663      0.808750623069      0.588151706353
   782      4.751022525855     -7.650180770249     -0.757781523250      0.652508362414
   783      4.218952130891     -8.496880891191     -0.532070394964     -0.846700120942
   784      3.253578908731     -8.757753545824     -0.965373222161     -0.260872654633
   785      2.605395394260     -7.996269382122     -0.648183514471      0.761484163701
   786      3.042980904893     -7.097092580328      0.437585510633      0.899176801794
   787      2.062207171362     -6.901944217239     -0.980773733531      0.195148363089
   788      1.838292001225     -7.876552854889     -0.223915170137     -0.974608637650
   789      1.196395753012     -8.643344356231     -0.641896248213     -0.766791501342
   790      1.456644179919     -9.608886046834      0.260248426907     -0.965541690603
   791      0.503595836417     -9.911704234775     -0.953048343502     -0.302818187941
   792      1.498348963691     -9.809399710056      0.994753127274      0.102304524719
   793      1.153278685268     -8.870822860273     -0.345070278424      0.938576849783
   794      0.602762537041     -9.705647375091     -0.550516148227     -0.834824514818
   795      0.822796999183     -8.730155275959      0.220034462142      0.975492099132
   796      1.532944919000     -8.026102769409      0.710147919817      0.704052506550
   797      2.519261935814     -7.861243003717      0.986317016814      0.164859765692
   798      1.881054357101     -8.631107333630     -0.638207578713     -0.769864329913
   799      1.013517953575     -8.133733642572     -0.867536403526      0.497373691058
   800      1.645732219047     -8.908527242528      0.632214265473     -0.774793599956
   801      2.335186442416     -8.184197984608      0.689454223368      0.724329257920
   802      3.332138715718     -8.262211860023      0.996952273302     -0.078013875415
   803      3.826438352763     -7.392920269809      0.494299637045      0.869291590214
   804      4.447262944804     -6.608970765110      0.620824592041      0.783949504699
   805      5.124788645145     -7.344469864618      0.677525700341     -0.735499099508
   806      5.318953903112     -8.325438698271      0.194165257967     -0.980968833653
   807      4.384674199718     -7.968897766783     -0.934279703394      0.356540931488
   808      3.702818957765     -8.700384902023     -0.681855241953     -0.731487135240
   809      3.019095724839     -9.430126322498     -0.683723232925     -0.729741420476
   810      3.304645919329     -8.471762567744      0.285550194490      0.958363754754
   811      2.874537825524     -9.374539964251     -0.430108093805     -0.902777396507
   812      3.064477677279     -8.392744235642      0.189939851755      0.981795728609
   813      4.025185102388     -8.670307279547      0.960707425108     -0.277563043905
   814      4.305020597099     -9.630355244963      0.279835494712     -0.960047965416
   815      3.326304189689     -9.425137814255     -0.978716407410      0.205217430708
   816      2.398443288288     -9.052211350121     -0.927860901401      0.372926464134
   817      1.910753318497     -9.925228241920     -0.487689969792     -0.873016891798
   818      1.253047264470     -9.171953559949     -0.657706054026      0.753274681970
   819      2.175716742219     -9.557545358139      0.922669477749     -0.385591798190
   820      2.822461926161    -10.320251505386      0.646745183942     -0.762706147247
   821      1.823826285721    -10.268032182885     -0.998635640440      0.052219322501
   822      0.987796559388     -9.719348032679     -0.836029726333      0.548684150206
   823      1.768567518491     -9.094530691834      0.780770959103      0.624817340845
   824      2.475684619108     -9.801627153439      0.707117100617     -0.707096461606
   825      2.643512397479    -10.787443483598      0.167827778371     -0.985816330158
   826      2.608234686542     -9.788065935766     -0.035277710937      0.999377547832
   827      1.637623921694    -10.028720757371     -0.970610764848     -0.240654821606
   828      1.758970196515    -11.021330993863      0.121346274821     -0.992610236491
   829      0.784333121714    -11.245122352995     -0.974637074802     -0.223791359132
   830      1.270564859211    -10.371292451097      0.486231737497      0.873829901898
   831      1.875726841814     -9.575190086566      0.605161982603      0.796102364531
   832      2.462283110076     -8.765281607686      0.586556268262      0.809908478880
   833      1.697109377730     -8.121457750309     -0.765173732346      0.643823857377
   834      2.692017355185     -8.020670268958      0.994907977455      0.100787481351
   835      3.030125721565     -8.961777453386      0.338108366381     -0.941107184429
   836      2.338042597646     -8.239959644250     -0.692083123919      0.721817809136
   837      2.305612909131     -7.240485624927     -0.032429688515      0.999474019324
   838      1.309759878665     -7.149509025123     -0.995853030466      0.090976599803
   839      0.488764122119     -6.578574731414     -0.820995756546      0.570934293710
   840     -0.305394699396     -5.970864466395     -0.794158821515      0.607710265019
   841     -1.305210522145     -5.990056146405     -0.999815822749     -0.019191680010
   842     -1.251174065400     -4.991517183047      0.054036456745      0.998538963357
   843     -0.957498823515     -5.947422435833      0.293675241885     -0.955905252786
   844     -1.948513539147     -5.813669553998     -0.991014715633      0.133752881835
   845     -2.934799390679     -5.978715665947     -0.986285851531     -0.165046111949
   846     -2.267023823329     -5.234352991136      0.667775567349      0.744362674811
   847     -1.549672519971     -4.537641352386      0.717351303358      0.696711638750
   848     -0.878764059941     -5.279181532187      0.670908460030     -0.741540179802
   849     -0.239148935618     -4.510486213653      0.639615124323      0.768695318535
   850      0.510721481402     -3.848901481605      0.749870417020      0.661584732048
   851      1.376537572570     -3.348539116638      0.865816091168      0.500362364967
   852      0.484583743121     -3.800665610146     -0.891953829448     -0.452126493508
   853     -0.365005704633     -3.273221044088     -0.849589447755      0.527444566058
   854     -0.964155491845     -4.073857998322     -0.599149787211     -0.800636954234
   855     -1.408306220626     -3.177905918062     -0.444150728781      0.895952080260
   856     -1.083481059589     -4.123680000365      0.324825161037     -0.945774082304
   857     -0.311391812385     -3.488165882228      0.772089247204      0.635514118137
   858     -0.219428548070     -4.483928282611      0.091963264315     -0.995762400383
   859      0.530499813626     -5.145447331712      0.749928361696     -0.661519049101
   860      1.257826398816     -5.831738843007      0.727326585190     -0.686291511295
   861      2.256735496294     -5.785041787675      0.998909097477      0.046697055332
   862      3.081038299697     -6.351190962629      0.824302803403     -0.566149174955
   863      3.600098463346     -5.496453256364      0.519060163649      0.854737706266
   864      4.296411554775     -6.214191424991      0.696313091429     -0.717738168628
   865      3.971589544643     -5.268416260519     -0.324822010132      0.945775164473
   866      3.622195840774     -6.205392268588     -0.349393703868     -0.936976008069
   867      3.428984949823     -5.224235017370     -0.193210890951      0.981157251218
   868      2.767451682568     -4.474319197884     -0.661533267255      0.749915819485
   869      3.105554846316     -3.533210144340      0.338103163748      0.941109053545
   870      3.389834963881     -2.574468878535      0.284280117565      0.958741265805
   871      3.946028593024     -3.405521612662      0.556193629143     -0.831052734127
   872      3.001477690287     -3.077156583862     -0.944550902737      0.328365028800
   873      2.235865209797     -3.720458635559     -0.765612480490     -0.643302051697
   874      1.916837838258     -4.668204137373     -0.319027371540     -0.947745501814
   875      2.825072003344     -4.249741831579      0.908234165086      0.418462305793
   876      3.824930819498     -4.266545038369      0.999858816154     -0.016803206790
   877      4.222850470888     -5.183965307950      0.397919651389     -0.917420269581
   878      4.743694639760     -4.330313533659      0.520844168872      0.853651774292
   879      5.448246752183     -3.620661280171      0.704552112423      0.709652253488
   880      4.467926214490     -3.423248911317     -0.980320537693      0.197412368854
   881      3.971066315844     -2.555418143760     -0.496859898646      0.867830767557
   882      4.304095792387     -1.612501727659      0.333029476543      0.942916416101
   883      3.730007481339     -0.793708340340     -0.574088311049      0.818793387319
   884      4.680070434403     -0.481650036150      0.950062953065      0.312058304190
   885      3.956114732761     -1.171496498821     -0.723955701642     -0.689846462671
   886      3.884766040243     -2.168947933266     -0.071348692518     -0.997451434445
   887      4.576634594672     -1.446924454844      0.691868554429      0.722023478422
   888      5.176379335408     -0.646733074011      0.599744740736      0.800191380833
   889      5.233025946465     -1.645127365589      0.056646611057     -0.998394291578
   890      4.407805579953     -2.209938260219     -0.825220366513     -0.564810894630
   891      3.408898668032     -2.163194476490     -0.998906911921      0.046743783729
   892      2.616866762390     -2.773674173487     -0.792031905642     -0.610479696997
   893      3.149593767760     -1.927387024967      0.532727005370      0.846287148519
   894      4.147943390789     -1.869958545988      0.998349623029      0.057428478980
   895      3.506010363505     -1.103197834630     -0.641933027284      0.766760711358
   896      3.678842013294     -2.088149214563      0.172831649789     -0.984951379933
   897      4.666306669460     -2.245989490864      0.987464656166     -0.157840276302
   898      5.288554849269     -3.028809523008      0.622248179809     -0.782820032143
   899      5.856008852956     -3.852214619967      0.567454003688     -0.823405096959
   900      6.762594404627     -4.274236701738      0.906585551671     -0.422022081771
   901      7.504225520031     -4.945044638978      0.741631115404     -0.670807937241
   902      8.310480037302     -5.536613445947      0.806254517272     -0.591568806969
   903      8.758520154081     -6.430626898730      0.448040116779     -0.894013452783
   904      9.729316962677     -6.190723675700      0.970796808596      0.239903223031
   905      9.168781386918     -5.362593330701     -0.560535575759      0.828130344999
   906      8.811347454094     -4.428654904643     -0.357433932824      0.933938426057
   907      9.682963482249     -3.938465656022      0.871616028155      0.490189248621
   908      8.835598787968     -3.407454286194     -0.847364694280      0.531011369828
   909      9.404238559700     -2.584867628142      0.568639771732      0.822586658052
   910      8.463776097196     -2.924765195979     -0.940462462504     -0.339897567838
   911      8.030104129697     -2.023694374898     -0.433671967500      0.901070821082
   912      8.799499877727     -2.662466777958      0.769395748031     -0.638772403061
   913      7.866670593597     -2.302148131939     -0.932829284130      0.360318646019
   914      6.866943430470     -2.278790064688     -0.999727163127      0.023358067251
   915      7.645282534279     -1.650945944318      0.778339103809      0.627844120369
   916      7.460466510456     -0.668172808066     -0.184816023823      0.982773136252
   917      6.825976319678     -1.441103722060     -0.634490190778     -0.772930913993
   918      5.826313208937     -1.415148664298     -0.999663110741      0.025955057762
   919      5.820021890842     -0.415168454836     -0.006291318095      0.999980209462
   920      6.413259018041     -1.220196225110      0.593237127199     -0.805027770274
   921      6.985404138532     -0.400043823968      0.572145120490      0.820152401142
   922      7.730851707201     -1.066608091210      0.745447568670     -0.666564267242
   923      7.850250508358     -2.059454467183      0.119398801156     -0.992846375973
   924      8.849382939463     -2.101100416725      0.999132431105     -0.041645949542
   925      8.275118949707     -1.282430232787     -0.574263989756      0.818670183938
   926      7.534179051258     -1.954001574408     -0.740939898449     -0.671571341621
   927      8.086852104376     -2.787399736368      0.552673053118     -0.833398161960
   928      8.014103255943     -3.784750028418     -0.072748848433     -0.997350292050
   929      7.041198331570     -4.015955582267     -0.972904924373     -0.231205553849
   930      6.281689465463     -3.365458632001     -0.759508866107      0.650496950266
   931      7.024465263435     -4.034998857789      0.742775797972     -0.669540225788
   932      6.605872907788     -4.943173092060     -0.418592355647     -0.908174234271
   933      5.764291221668     -5.483302951990     -0.841581686120     -0.540129859930
   934      4.855386054864     -5.900305826989     -0.908905166804     -0.417002874999
   935      4.265381132262     -6.707705474812     -0.590004922602     -0.807399647823
   936      5.119902516306     -6.188289259998      0.854521384044      0.519416214814
   937      5.933768074857     -5.607236033001      0.813865558551      0.581053226997
   938      6.878111963733     -5.278276127324      0.944343888876      0.328959905678
   939      6.611206631893     -4.314553374746     -0.266905331840      0.963722752577
   940      7.536393023309     -4.694066406326      0.925186391416     -0.379513031579
   941      6.784566622025     -5.353427507947     -0.751826401285     -0.659361101622
   942      6.384912431826     -4.436761522837     -0.399654190198      0.916665985110
   943      7.275935863441     -4.890718838357      0.891023431615     -0.453957315520
   944      6.591077952708     -4.162042200810     -0.684857910733      0.728676637547
   945      5.591820544281     -4.123511282005     -0.999257408427      0.038530918805
   946      4.984663351150     -4.918093022815     -0.607157193131     -0.794581740810
   947      4.876460445566     -5.912221853110     -0.108202905585     -0.994128830295
   948      4.926671911016     -6.910960461925      0.050211465450     -0.998738608815
   949      5.831225419111     -7.337320580830      0.904553508095     -0.426360118905
   950      6.278688367834     -6.443018109895      0.447462948723      0.894302470935
   951      5.615625155632     -5.694454701342     -0.663063212202      0.748563408553
   952      5.725284673842     -4.700485491524      0.109659518211      0.993969209818
   953      5.930516569609     -3.721772117262      0.205231895767      0.978713374262
   954      6.469599116572     -4.564025052881      0.539082546963     -0.842252935620
   955      6.564431755853     -3.568531823107      0.094832639281      0.995493229775
   956      5.920433768212     -4.333559006882     -0.643997987640     -0.765027183775
   957      6.919557915721     -4.291714797429      0.999124147509      0.041844209453
   958      6.445524824179     -5.172221826432     -0.474033091542     -0.880507029003
   959      7.352313472853     -5.593807341644      0.906788648674     -0.421585515212
   960      6.583646088190     -4.954158647628     -0.768667384663      0.639648694015
   961      7.238110002458     -4.198065409382      0.654463914268      0.756093238246
   962      8.178545678932     -4.538037082343      0.940435676474     -0.339971672961
   963      7.180068469313     -4.482871315130     -0.998477209619      0.055165767213
   964      7.401090267882     -5.458140182959      0.221021798569     -0.975268867829
   965      6.491206101030     -5.043277792628     -0.909884166852      0.414862390331
   966      7.435367021422     -5.372762475738      0.944160920392     -0.329484683110
   967      7.783762609950     -6.310110070760      0.348395588528     -0.937347595022
   968      7.424504725318     -7.243348396339     -0.359257884633     -0.933238325579
   969      8.413217398158     -7.093524330964      0.988712672840      0.149824065375
   970      7.634980952684     -7.721495695706     -0.778236445474     -0.627971364742
   971      8.281445213675     -8.484439965795      0.646464260991     -0.762944270089
   972      8.860319101963     -7.669022881440      0.578873888288      0.815417084355
   973      8.192062268581     -6.925092236393     -0.668256833381      0.743930645046
   974      8.787642789373     -7.728387850257      0.595580520792     -0.803295613864
   975      9.666571529441     -8.205340961037      0.878928740068     -0.476953110780
   976      8.729250723699     -7.856873305261     -0.937320805743      0.348467655776
   977      7.837206580225     -7.404925027143     -0.892044143474      0.451948278118
   978      6.842082402095     -7.306295061612     -0.995124178130      0.098629965531
   979      7.293752010375     -6.414109786596      0.451669608280      0.892185275016
   980      6.601965566538     -7.136211937350     -0.691786443836     -0.722102150754
   981      5.671790099350     -6.769096696258     -0.930175467188      0.367115241092
   982      6.002536440223     -7.712816388751      0.330746340873     -0.943719692493
   983      5.912625126289     -6.716866613097     -0.089911313934      0.995949775655
   984      6.707483330479     -7.323661829980      0.794858204190     -0.606795216883
   985      7.487248747496     -7.949733626521      0.779765417017     -0.626071796541
   986      7.548045730272     -6.951583474046      0.060796982776      0.998150152475
   987      8.472957510586     -6.571401677222      0.924911780314      0.380181796824
   988      7.494151240601     -6.366613284390     -0.978806269985      0.204788392831
   989      8.175438317192     -5.634596946273      0.681287076591      0.732016338117
   990      9.155651936382     -5.832539515605      0.980213619190     -0.197942569331
   991      8.907802471794     -6.801338072015     -0.247849464588     -0.968798556411
   992      8.462902752153     -7.696918464534     -0.444899719641     -0.895580392518
   993      7.805723426105     -6.943184205385     -0.657179326048      0.753734259149
   994      6.875860601040     -7.311090615444     -0.929862825065     -0.367906410059
   995      6.569634617415     -6.359131768144     -0.306225983625      0.951958847300
   996      6.921311277794     -5.423010234076      0.351676660379      0.936121534067
   997      5.939178881440     -5.611201509197     -0.982132396354     -0.188191275121
   998      6.878764398205     -5.953515775163      0.939585516766     -0.342314265966
   999      5.996637507301     -6.424527609775     -0.882126890904     -0.471011834611
  1000      6.981424779290     -6.250763318481      0.984787271989      0.173764291293
