# File chua thong tin toa do tai lan chay thu 4
##########################################################################################
#  Step                   x                   y            delta_x            delta_y
     1      0.000000000000      0.000000000000      0.000000000000      0.000000000000
     2     -0.999072742516     -0.043054095752     -0.999072742516     -0.043054095752
     3     -1.897442652649     -0.482293784951     -0.898369910133     -0.439239689199
     4     -0.969859219284     -0.108677706408      0.927583433365      0.373616078544
     5     -1.957395041017     -0.266072117977     -0.987535821733     -0.157394411569
     6     -1.023798546243     -0.624398205423      0.933596494775     -0.358326087447
     7     -2.023306418509     -0.655767191343     -0.999507872266     -0.031368985919
     8     -1.224772728585     -1.257717310585      0.798533689924     -0.601950119242
     9     -1.257167339928     -2.257192467433     -0.032394611343     -0.999475156848
    10     -2.229216665547     -2.491969188091     -0.972049325619     -0.234776720658
    11     -1.632714593157     -3.294580724037      0.596502072391     -0.802611535946
    12     -2.564959678079     -3.656408171362     -0.932245084923     -0.361827447325
    13     -1.565494977269     -3.623692550729      0.999464700811      0.032715620632
    14     -2.426663881376     -3.115373636466     -0.861168904107      0.508318914264
    15     -3.302073433647     -3.598755592887     -0.875409552271     -0.483381956421
    16     -3.516819361916     -2.622085645416     -0.214745928270      0.976669947470
    17     -3.024738643686     -3.492635222836      0.492080718231     -0.870549577420
    18     -2.411909757121     -4.282850861628      0.612828886565     -0.790215638792
    19     -1.462313842490     -3.969374229457      0.949595914630      0.313476632171
    20     -0.510481136264     -4.275992068724      0.951832706227     -0.306617839267
    21     -0.068968892118     -5.173247293434      0.441512244145     -0.897255224710
    22      0.735095917475     -4.578705636379      0.804064809593      0.594541657055
    23      1.495596461534     -5.228042931231      0.760500544059     -0.649337294852
    24      0.758145949766     -5.903444102901     -0.737450511768     -0.675401171670
    25      0.388007859282     -4.974467357243     -0.370138090484      0.928976745658
    26     -0.137804284432     -4.123866634505     -0.525812143714      0.850600722738
    27     -0.901668039440     -4.769244170359     -0.763863755008     -0.645377535854
    28     -0.271083768759     -3.993123382357      0.630584270681      0.776120788003
    29     -0.327447965089     -2.994713107283     -0.056364196330      0.998410275073
    30      0.487109965402     -2.414630890805      0.814557930491      0.580082216478
    31      0.627036620352     -1.424469019577      0.139926654950      0.990161871228
    32      0.771585836027     -2.413966631625      0.144549215675     -0.989497612048
    33      1.581567020509     -1.827510767313      0.809981184482      0.586455864311
    34      0.690944434622     -2.282254002016     -0.890622585887     -0.454743234703
    35     -0.036990204035     -1.596607473662     -0.727934638657      0.685646528354
    36     -1.019545577920     -1.410637214616     -0.982555373885      0.185970259046
    37     -0.997742161384     -0.410874937359      0.021803416536      0.999762277258
    38     -0.908400495470      0.585126100157      0.089341665914      0.996001037515
    39     -0.943786962626     -0.414247602690     -0.035386467156     -0.999373702847
    40     -1.935026537600     -0.546323736056     -0.991239574974     -0.132076133366
    41     -1.264523506523     -1.288230526237      0.670503031077     -0.741906790181
    42     -0.459238839913     -1.881118884803      0.805284666610     -0.592888358566
    43     -0.035372674805     -0.975394051271      0.423866165108      0.905724833532
    44     -0.843880482059     -0.386908600635     -0.808507807254      0.588485450636
    45     -1.785055139473     -0.048988100753     -0.941174657415      0.337920499882
    46     -1.906608100233     -1.041573048116     -0.121552960760     -0.992584947362
    47     -2.844204797062     -1.389297700815     -0.937596696829     -0.347724652699
    48     -2.006635799627     -1.935629261806      0.837568997436     -0.546331560991
    49     -2.286793042246     -0.975675138210     -0.280157242619      0.959954123596
    50     -1.489551792502     -1.579335961610      0.797241249744     -0.603660823399
    51     -2.436124448401     -1.256845330577     -0.946572655899      0.322490631033
    52     -2.932424581642     -2.124996341487     -0.496300133241     -0.868151010911
    53     -1.949311077353     -1.941999517242      0.983113504289      0.182996824245
    54     -2.571653591668     -1.159254479010     -0.622342514315      0.782745038232
    55     -2.459759759615     -2.152974646033      0.111893832053     -0.993720167023
    56     -1.765398603126     -2.872601343954      0.694361156489     -0.719626697920
    57     -1.440817468220     -3.818459201595      0.324581134906     -0.945857857642
    58     -0.928267738501     -2.959801659519      0.512549729719      0.858657542076
    59     -0.427673835967     -2.094119417154      0.500593902533      0.865682242365
    60      0.176380515116     -1.297176294379      0.604054351083      0.796943122774
    61      0.792239656588     -0.509320014424      0.615859141472      0.787856279955
    62      0.581918307422      0.468312293801     -0.210321349166      0.977632308225
    63      1.067320420139     -0.405978726953      0.485402112717     -0.874291020753
    64      0.328513180562      0.267938080041     -0.738807239577      0.673916806994
    65     -0.446808032044     -0.363629032215     -0.775321212606     -0.631567112256
    66     -1.111502739434     -1.110744114359     -0.664694707390     -0.747115082145
    67     -0.521418669912     -1.918085919852      0.590084069522     -0.807341805493
    68      0.365174213334     -2.380636521816      0.886592883246     -0.462550601964
    69     -0.613674139420     -2.585223672711     -0.978848352754     -0.204587150894
    70     -0.998097412312     -3.508380618879     -0.384423272893     -0.923156946168
    71     -0.226498681973     -2.872271037644      0.771598730339      0.636109581235
    72      0.641672460443     -3.368535954272      0.868171142416     -0.496264916628
    73      1.616110524550     -3.143879640716      0.974438064107      0.224656313556
    74      0.712904250687     -3.573086382107     -0.903206273862     -0.429206741391
    75      1.671868737965     -3.289560171432      0.958964487278      0.283526210676
    76      0.983411654069     -4.014837252025     -0.688457083896     -0.725277080593
    77      1.803326595296     -4.587322613543      0.819914941227     -0.572485361518
    78      1.505455401172     -5.541928685025     -0.297871194124     -0.954606071482
    79      1.183472961807     -4.595183044031     -0.321982439365      0.946745640994
    80      0.556445815670     -5.374180449680     -0.627027146137     -0.778997405649
    81      1.249221101026     -6.095333972865      0.692775285355     -0.721153523184
    82      0.389445742681     -5.584661540495     -0.859775358345      0.510672432370
    83      0.046336254687     -6.523956956884     -0.343109487993     -0.939295416389
    84     -0.147976237914     -7.504896636588     -0.194312492602     -0.980939679705
    85      0.850051140957     -7.442116456409      0.998027378871      0.062780180179
    86      1.342724079048     -6.571901898916      0.492672938091      0.870214557493
    87      2.257782933538     -6.975222234159      0.915058854490     -0.403320335242
    88      1.589085400998     -6.231687695636     -0.668697532540      0.743534538522
    89      0.923919859799     -6.978383619558     -0.665165541199     -0.746695923922
    90      0.579623324477     -7.917244576125     -0.344296535322     -0.938860956567
    91      0.005066507209     -7.098779876990     -0.574556817268      0.818464699135
    92      0.988647162923     -6.918310783496      0.983580655713      0.180469093493
    93      1.820059601450     -7.473966573587      0.831412438528     -0.555655790091
    94      2.778738854796     -7.189477401203      0.958679253346      0.284489172385
    95      3.709379304085     -6.823542496954      0.930640449289      0.365934904249
    96      3.599393690449     -7.817475676194     -0.109985613636     -0.993933179239
    97      3.099509210244     -6.951383587296     -0.499884480204      0.866092088898
    98      2.502269469413     -6.149320814210     -0.597239740831      0.802062773087
    99      3.239606570805     -6.824845794437      0.737337101392     -0.675524980227
   100      4.012638957520     -6.190479237083      0.773032386715      0.634366557354
   101      3.012700870380     -6.201606765429     -0.999938087140     -0.011127528346
   102      2.388554678379     -6.982914343154     -0.624146192000     -0.781307577725
   103      1.879283486500     -7.843520439531     -0.509271191880     -0.860606096377
   104      2.496853180197     -8.630036601747      0.617569693697     -0.786516162216
   105      1.564097626243     -8.269527133677     -0.932755553954      0.360509468070
   106      2.326361430057     -7.622260655791      0.762263803814      0.647266477886
   107      2.671641445095     -8.560760368745      0.345280015039     -0.938499712954
   108      2.226579447282     -7.665260609894     -0.445061997813      0.895499758851
   109      2.644483243983     -8.573751895875      0.417903796701     -0.908491285981
   110      3.637273436953     -8.693616956437      0.992790192969     -0.119865060562
   111      4.333359940043     -7.975659032729      0.696086503090      0.717957923708
   112      3.337581339307     -8.067446713362     -0.995778600736     -0.091787680633
   113      4.269011342012     -8.431367240484      0.931430002705     -0.363920527122
   114      3.516581134600     -9.090039224840     -0.752430207411     -0.658671984355
   115      3.265176355354    -10.057921261543     -0.251404779246     -0.967882036703
   116      3.490778635345    -11.032140749781      0.225602279991     -0.974219488238
   117      2.745385496787    -10.365515615998     -0.745393138558      0.666625133782
   118      1.745930185890    -10.332514380885     -0.999455310897      0.033001235113
   119      0.786884180993    -10.615764730385     -0.959046004897     -0.283250349500
   120      0.496415017444     -9.658880377380     -0.290469163549      0.956884353006
   121      1.149294594028     -8.901418656578      0.652879576584      0.757461720802
   122      1.726172180952     -9.718249269193      0.576877586923     -0.816830612615
   123      0.949505793577     -9.088337114427     -0.776666387374      0.629912154767
   124      1.634221283920     -9.817147581753      0.684715490343     -0.728810467327
   125      2.570509882155     -9.465915947622      0.936288598235      0.351231634132
   126      3.569650585631     -9.507362957874      0.999140703475     -0.041447010252
   127      2.572318516809     -9.580361207859     -0.997332068821     -0.072998249985
   128      3.283919580457     -8.877777457537      0.711601063647      0.702583750322
   129      3.552324115072     -9.841083746210      0.268404534616     -0.963306288673
   130      2.776066858280     -9.210667477959     -0.776257256793      0.630416268252
   131      1.788151935454     -9.365664591671     -0.987914922825     -0.154997113713
   132      1.116929966996    -10.106921004162     -0.671221968459     -0.741256412491
   133      2.116919696502    -10.102388799235      0.999989729507      0.004532204927
   134      2.969489325298     -9.579775148384      0.852569628795      0.522613650851
   135      3.721732340093     -8.920889386895      0.752243014795      0.658885761488
   136      4.706259620926     -9.096120757645      0.984527280833     -0.175231370750
   137      5.689207573398     -9.280004750237      0.982947952472     -0.183883992592
   138      6.279413359849     -8.472751921416      0.590205786451      0.807252828821
   139      6.807323768292     -7.623451856270      0.527910408443      0.849300065146
   140      7.582990479982     -6.992309120927      0.775666711690      0.631142735343
   141      6.593148478918     -6.850137348310     -0.989842001064      0.142171772617
   142      5.644446201114     -6.533966527249     -0.948702277803      0.316170821061
   143      6.644176966531     -6.557169903696      0.999730765417     -0.023203376447
   144      7.359406833493     -7.256059192071      0.715229866962     -0.698889288375
   145      8.341734903256     -7.068891985123      0.982328069762      0.187167206948
   146      8.344708066893     -6.068896404984      0.002973163638      0.999995580139
   147      9.166599282137     -6.638540882096      0.821891215244     -0.569644477113
   148      9.095456078766     -7.636006994109     -0.071143203371     -0.997466112013
   149      8.337583108638     -6.983604847309     -0.757872970128      0.652402146800
   150      8.954169086481     -7.770892426233      0.616585977843     -0.787287578924
   151      8.285062265632     -8.514058667590     -0.669106820849     -0.743166241358
   152      8.179014441249     -9.508419698074     -0.106047824383     -0.994361030483
   153      9.177887203528     -9.460951763859      0.998872762278      0.047467934214
   154      8.908849796219    -10.424081492125     -0.269037407309     -0.963129728265
   155      9.391864088622     -9.548469024572      0.483014292404      0.875612467553
   156      9.678665118034    -10.506459196509      0.286801029412     -0.957990171937
   157     10.672420100134    -10.394874988165      0.993754982100      0.111584208344
   158      9.845288025219    -10.956882577656     -0.827132074916     -0.562007589491
   159      9.279014160278    -11.781099727372     -0.566273864941     -0.824217149715
   160      8.382284785787    -12.223679018489     -0.896729374491     -0.442579291117
   161      9.328367099593    -12.547605330332      0.946082313806     -0.323926311843
   162      9.943890858519    -13.335723660405      0.615523758926     -0.788118330073
   163      9.367316430893    -14.152768291627     -0.576574427626     -0.817044631221
   164      9.659861289487    -15.109020091996      0.292544858595     -0.956251800369
   165      9.346428448361    -14.159409722369     -0.313432841126      0.949610369627
   166      9.897323349335    -13.324835095340      0.550894900974      0.834574627029
   167     10.577163977589    -14.058194979828      0.679840628253     -0.733359884488
   168     11.208199371545    -14.833949020471      0.631035393956     -0.775754040643
   169     10.259007612888    -14.519250743867     -0.949191758657      0.314698276604
   170     11.072430684170    -15.100923252333      0.813423071282     -0.581672508467
   171     11.869073396559    -14.496472767348      0.796642712388      0.604450484985
   172     11.061674870647    -13.906466309455     -0.807398525912      0.590006457893
   173     10.909144221440    -14.894765050248     -0.152530649207     -0.988298740793
   174     11.672106257912    -14.248321757373      0.762962036471      0.646443292875
   175     10.993414215169    -13.513898779030     -0.678692042743      0.734422978343
   176     11.126131172200    -12.522744800419      0.132716957031      0.991153978611
   177     10.341099353065    -13.142200241065     -0.785031819135     -0.619455440646
   178     11.332733887448    -13.013122937800      0.991634534383      0.129077303265
   179     11.112686805678    -12.037633685269     -0.220047081770      0.975489252531
   180     11.049333591179    -13.035624852671     -0.063353214499     -0.997991167402
   181     10.630922133611    -13.943882443983     -0.418411457567     -0.908257591312
   182      9.630929026933    -13.940169413436     -0.999993106678      0.003713030547
   183     10.577167600342    -13.616699844246      0.946238573410      0.323469569190
   184      9.699059882589    -13.138236850878     -0.878107717753      0.478462993368
   185      8.955605146637    -13.807023106412     -0.743454735952     -0.668786255533
   186      8.130518343803    -13.242017117250     -0.825086802834      0.565005989162
   187      8.198064206713    -14.239733287512      0.067545862910     -0.997716170263
   188      8.829863642649    -15.014865194190      0.631799435937     -0.775131906678
   189      9.710600732594    -14.541259684937      0.880737089945      0.473605509253
   190     10.555929198355    -15.075506617521      0.845328465760     -0.534246932584
   191     10.916845014901    -16.008105016279      0.360915816546     -0.932598398758
   192     10.673308376282    -15.038213318382     -0.243536638619      0.969891697897
   193     11.425938850060    -14.379770177373      0.752630473778      0.658443141008
   194     10.462113704720    -14.646305520641     -0.963825145340     -0.266535343267
   195     11.443086957867    -14.452162592337      0.980973253147      0.194142928303
   196     10.733687544956    -13.747355900427     -0.709399412911      0.704806691911
   197     11.000115717409    -14.711210676274      0.266428172453     -0.963854775847
   198     11.715446692893    -14.012424875393      0.715330975484      0.698785800881
   199     12.665260195751    -13.699608140246      0.949813502859      0.312816735146
   200     11.692763140751    -13.932523313682     -0.972497055000     -0.232915173435
   201     10.990119418835    -14.644065160696     -0.702643721916     -0.711541847014
   202     11.989954372315    -14.625897447596      0.999834953480      0.018167713100
   203     11.129350850819    -15.135172990685     -0.860603521496     -0.509275543089
   204     11.533611265997    -14.220529061759      0.404260415178      0.914643928926
   205     10.779051776979    -13.564297412467     -0.754559489018      0.656231649292
   206     10.186386786599    -14.369746485455     -0.592664990380     -0.805449072988
   207     10.253963390667    -13.372032396859      0.067576604068      0.997714088596
   208     10.891248449621    -12.601404241629      0.637285058954      0.770628155230
   209     11.080888159372    -11.619550494635      0.189639709750      0.981853746994
   210     10.094784421857    -11.785681222858     -0.986103737514     -0.166130728223
   211     10.929048385377    -12.337046473099      0.834263963520     -0.551365250240
   212     10.356145583509    -13.156669788782     -0.572902801868     -0.819623315684
   213      9.565440605268    -13.768867173117     -0.790704978241     -0.612197384334
   214      8.791299712030    -14.401880504269     -0.774140893238     -0.633013331152
   215      7.902975571957    -13.942663537941     -0.888324140073      0.459216966328
   216      7.106526974491    -14.547369773723     -0.796448597466     -0.604706235782
   217      6.366865909279    -13.874390198543     -0.739661065212      0.672979575181
   218      6.538055169091    -12.889152035800      0.171189259812      0.985238162743
   219      6.456225015153    -11.892505746534     -0.081830153938      0.996646289265
   220      5.457789214693    -11.948415963491     -0.998435800460     -0.055910216957
   221      4.975133512624    -12.824226144558     -0.482655702069     -0.875810181067
   222      4.919927039085    -11.825751184792     -0.055206473540      0.998474959766
   223      5.704029387832    -12.446382723379      0.784102348747     -0.620631538587
   224      6.551114569482    -11.914925580206      0.847085181649      0.531457143173
   225      6.972096950137    -11.007856765188      0.420982380656      0.907068815018
   226      7.621982781433    -11.767888610759      0.649885831295     -0.760031845571
   227      7.661757863054    -12.767097269089      0.039775081621     -0.999208658330
   228      7.393983044578    -13.730578792830     -0.267774818476     -0.963481523741
   229      6.394223202212    -13.708664012595     -0.999759842366      0.021914780235
   230      6.166975656251    -12.734826986777     -0.227247545961      0.973837025818
   231      5.226421704304    -13.074471305847     -0.940553951947     -0.339644319070
   232      4.459429339051    -12.432815080409     -0.766992365253      0.641656225438
   233      3.985026881289    -11.552507004750     -0.474402457761      0.880308075659
   234      4.977853891570    -11.432947280521      0.992827010280      0.119559724229
   235      3.980423657479    -11.504591736838     -0.997430234091     -0.071644456317
   236      3.384658156757    -12.307750169621     -0.595765500722     -0.803158432783
   237      4.219546437081    -11.757330730122      0.834888280324      0.550419439499
   238      4.688805865906    -12.640391083925      0.469259428826     -0.883060353803
   239      3.853946323900    -12.089928055991     -0.834859542006      0.550463027933
   240      3.081363177091    -12.724841657410     -0.772583146809     -0.634913601419
   241      3.779512365347    -12.008889346891      0.698149188256      0.715952310519
   242      4.589126492128    -12.595851837786      0.809614126781     -0.586962490895
   243      3.941752676754    -13.358024484349     -0.647373815374     -0.762172646563
   244      2.954557928069    -13.517544163916     -0.987194748685     -0.159519679567
   245      3.419130895026    -12.632009320799      0.464572966957      0.885534843116
   246      3.317097534373    -11.637228343240     -0.102033360653      0.994780977559
   247      3.042735135346    -12.598854712471     -0.274362399027     -0.961626369231
   248      4.040686929048    -12.662825154448      0.997951793702     -0.063970441977
   249      3.057724138134    -12.479020498148     -0.982962790914      0.183804656300
   250      2.060685231031    -12.402121748328     -0.997038907102      0.076898749820
   251      2.462292315300    -13.317933819587      0.401607084269     -0.915812071260
   252      1.640421965012    -13.887608399780     -0.821870350288     -0.569674580192
   253      1.062767719902    -14.703889952374     -0.577654245110     -0.816281552594
   254      1.764343934158    -15.416484378110      0.701576214256     -0.712594425736
   255      0.877093649706    -14.955196037980     -0.887250284452      0.461288340130
   256      0.116946160606    -15.604946601516     -0.760147489100     -0.649750563536
   257      0.222443751985    -14.610527043074      0.105497591379      0.994419558443
   258      1.005595204204    -13.988696034770      0.783151452219      0.621831008303
   259      1.749816543848    -13.320762956072      0.744221339644      0.667933078698
   260      2.371118165571    -14.104334455581      0.621301621724     -0.783571499509
   261      2.071090899715    -13.150403829308     -0.300027265856      0.953930626274
   262      2.660439923448    -12.342525293744      0.589349023733      0.807878535564
   263      1.982164487377    -11.607717541456     -0.678275436071      0.734807752288
   264      1.621368096481    -12.540362149180     -0.360796390896     -0.932644607724
   265      0.672226448623    -12.225512768840     -0.949141647859      0.314849380340
   266      0.072745182111    -13.025901556306     -0.599481266512     -0.800388787466
   267      0.724113418389    -12.267139788181      0.651368236279      0.758761768124
   268     -0.269760196602    -12.377662353408     -0.993873614991     -0.110522565227
   269      0.453433992817    -13.068307098839      0.723194189418     -0.690644745431
   270      1.327066795482    -13.554892883780      0.873632802665     -0.486585784942
   271      1.984466052060    -12.801350438094      0.657399256578      0.753542445686
   272      2.837058940535    -13.323926142199      0.852592888476     -0.522575704105
   273      1.845808792031    -13.455922896286     -0.991250148505     -0.131996754086
   274      2.629887599432    -14.076584175716      0.784078807402     -0.620661279430
   275      2.053626272903    -13.259318684247     -0.576261326530      0.817265491469
   276      1.930750048568    -12.266896680514     -0.122876224335      0.992422003733
   277      1.334883103940    -13.069979854475     -0.595866944628     -0.803083173962
   278      1.701833002316    -14.000220561004      0.366949898375     -0.930240706528
   279      0.702669491062    -13.959327067885     -0.999163511254      0.040893493118
   280      1.557500372645    -13.440420367320      0.854830881583      0.518906700565
   281      2.467154026480    -13.025052783047      0.909653653835      0.415367584274
   282      3.075174346777    -12.231131319610      0.608020320297      0.793921463437
   283      2.250371286202    -12.796551438872     -0.824803060575     -0.565420119262
   284      1.251007618694    -12.832220193600     -0.999363667509     -0.035668754728
   285      0.865951835011    -11.909326893455     -0.385055783683      0.922893300145
   286      0.862478305858    -12.909320860735     -0.003473529153     -0.999993967279
   287      0.839723916700    -13.909061946103     -0.022754389158     -0.999741085369
   288      0.455164648554    -14.832162249041     -0.384559268146     -0.923100302937
   289     -0.276146875187    -14.150118661546     -0.731311523741      0.682043587495
   290      0.472046756934    -14.813599097470      0.748193632121     -0.663480435924
   291      1.387864728916    -14.412005469290      0.915817971982      0.401593628180
   292      2.291147412738    -14.841051379545      0.903282683822     -0.429045910255
   293      3.270825863121    -14.640476870061      0.979678450383      0.200574509485
   294      3.349927408310    -13.643610306498      0.079101545189      0.996866563562
   295      2.350788655430    -13.685104311993     -0.999138752881     -0.041494005495
   296      3.203153048209    -13.162155995311      0.852364392780      0.522948316683
   297      2.211568166589    -13.032697806921     -0.991584881621      0.129458188390
   298      3.133883588201    -12.646259890748      0.922315421612      0.386437916173
   299      3.807772730547    -13.385092364200      0.673889142346     -0.738832473453
   300      3.146296798836    -12.635125970442     -0.661475931711      0.749966393758
   301      3.998280087910    -12.111556992046      0.851983289074      0.523568978396
   302      4.924280545652    -11.734034605608      0.926000457742      0.377522386438
   303      4.084299743536    -11.191418487089     -0.839980802116      0.542616118519
   304      4.640340524171    -10.360263477315      0.556040780634      0.831155009774
   305      4.335385874591    -11.312630350794     -0.304954649580     -0.952366873479
   306      3.545570106201    -10.699286196178     -0.789815768391      0.613344154616
   307      4.063844311788     -9.844071692195      0.518274205587      0.855214503983
   308      4.645313508394     -9.030503272578      0.581469196607      0.813568419617
   309      5.331515745504     -9.757914084834      0.686202237110     -0.727410812255
   310      5.812337689812     -8.881095826657      0.480821944308      0.876818258177
   311      5.563359876796     -9.849605015372     -0.248977813015     -0.968509188715
   312      6.226229861840    -10.598339536366      0.662869985043     -0.748734520994
   313      6.943049407781     -9.901080804936      0.716819545941      0.697258731431
   314      7.711172164541     -9.260778196361      0.768122756759      0.640302608575
   315      8.261243041256     -8.425660222306      0.550070876715      0.835117974055
   316      8.979666553635     -9.121266186097      0.718423512378     -0.695605963791
   317      8.943914119711     -8.121905508729     -0.035752433923      0.999360677368
   318      9.936906193555     -8.003724540366      0.992992073844      0.118180968364
   319     10.386527437002     -8.896943851309      0.449621243446     -0.893219310943
   320     11.074500147299     -8.171207294502      0.687972710297      0.725736556807
   321     11.510109513868     -7.271071482661      0.435609366569      0.900135811840
   322     12.143452938040     -6.497200623242      0.633343424172      0.773870859419
   323     12.171302091042     -7.496812760362      0.027849153002     -0.999612137120
   324     12.729419159722     -8.326574977897      0.558117068680     -0.829762217535
   325     12.472409342361     -9.292983770168     -0.257009817361     -0.966408792272
   326     13.175191769744    -10.004388619576      0.702782427384     -0.711404849408
   327     14.171923944257     -9.923611318979      0.996732174512      0.080777300597
   328     14.391235157956     -8.947956363810      0.219311213699      0.975654955169
   329     14.201436022796     -7.966133422393     -0.189799135160      0.981822941417
   330     13.226867937738     -8.190225027740     -0.974568085058     -0.224091605347
   331     13.061552155797     -7.203984340970     -0.165315781941      0.986240686770
   332     12.169704797270     -7.656320818704     -0.891847358527     -0.452336477734
   333     12.011423005576     -8.643714800060     -0.158281791695     -0.987393981356
   334     12.997131643420     -8.812173938367      0.985708637844     -0.168459138307
   335     12.233113411272     -8.166979284835     -0.764018232148      0.645194653531
   336     13.167823823519     -7.811569035636      0.934710412247      0.355410249200
   337     12.532177829992     -8.583549716036     -0.635645993528     -0.771980680401
   338     13.353131643601     -9.154544318393      0.820953813609     -0.570994602356
   339     13.522310883993    -10.140129618923      0.169179240392     -0.985585300530
   340     12.690838164175     -9.584564036656     -0.831472719818      0.555565582266
   341     13.386822511451     -8.866507083242      0.695984347276      0.718056953415
   342     12.400147944929     -8.703800907026     -0.986674566522      0.162706176216
   343     11.979777585030     -9.611153517933     -0.420370359899     -0.907352610906
   344     12.457893259234    -10.489450393756      0.478115674203     -0.878296875823
   345     11.556813406533    -10.923103595124     -0.901079852701     -0.433653201368
   346     10.932092164256    -11.703951448068     -0.624721242277     -0.780847852944
   347     10.248265435305    -12.433595885293     -0.683826728951     -0.729644437224
   348     10.969020218961    -11.740405765746      0.720754783656      0.693190119547
   349     10.329088083594    -10.971974336063     -0.639932135367      0.768431429683
   350     10.974072535677    -10.207778643475      0.644984452083      0.764195692589
   351     10.522187197843    -11.099854672438     -0.451885337835     -0.892076028963
   352     10.352035119404    -10.114436857395     -0.170152078438      0.985417815043
   353     10.892892472119     -9.273322522709      0.540857352715      0.841114334686
   354     11.038211489061     -8.283937671746      0.145319016942      0.989384850963
   355     10.113609633076     -7.903002758791     -0.924601855985      0.380934912955
   356     10.917383637887     -7.308068015151      0.803774004811      0.594934743640
   357     11.610123127189     -8.029255924064      0.692739489302     -0.721187908913
   358     12.251935355773     -7.262394096066      0.641812228585      0.766861827997
   359     13.081714218494     -7.820486417266      0.829778862721     -0.558092321200
   360     13.407571126175     -8.765905517833      0.325856907681     -0.945419100567
   361     14.086365616416     -8.031577226114      0.678794490241      0.734328291719
   362     13.563902939012     -7.178915071026     -0.522462677404      0.852662155088
   363     13.253702103289     -8.129586119032     -0.310200835723     -0.950671048006
   364     12.586677848501     -7.384550117536     -0.667024254788      0.745036001496
   365     12.998542482295     -6.473305077259      0.411864633794      0.911245040277
   366     13.948854862028     -6.162007179858      0.950312379733      0.311297897400
   367     14.800600000115     -5.638050865128      0.851745138087      0.523956314730
   368     14.024066620075     -6.268126979328     -0.776533380039     -0.630076114199
   369     13.240282521105     -6.889160381168     -0.783784098970     -0.621033401840
   370     13.820110905464     -6.074421745352      0.579828384359      0.814738635816
   371     14.713948898575     -5.626031689629      0.893837993111      0.448390055722
   372     15.702349437251     -5.777901288774      0.988400538676     -0.151869599145
   373     15.597027700289     -6.772339487821     -0.105321736962     -0.994438199047
   374     14.838825764788     -7.424359291970     -0.758201935501     -0.652019804149
   375     15.553133229440     -6.724527279311      0.714307464652      0.699832012659
   376     14.561411386955     -6.852932057799     -0.991721842485     -0.128404778488
   377     13.999307874255     -6.025865167511     -0.562103512700      0.827066890288
   378     14.886186248098     -6.487868143702      0.886878373843     -0.462002976191
   379     14.211979258317     -5.749325704211     -0.674206989781      0.738542439491
   380     15.179704786432     -5.497319152246      0.967725528116      0.252006551965
   381     15.511577153854     -6.440643450535      0.331872367422     -0.943324298289
   382     15.114263561269     -5.522960548250     -0.397313592585      0.917682902285
   383     15.707303022419     -6.328133944183      0.593039461150     -0.805173395933
   384     16.178014845628     -7.210420960687      0.470711823209     -0.882287016504
   385     15.338107500382     -6.667691146321     -0.839907345246      0.542729814366
   386     15.750707761812     -5.756778952820      0.412600261430      0.910912193500
   387     15.985516340903     -4.784737322444      0.234808579091      0.972041630377
   388     15.317689622250     -4.040420539176     -0.667826718653      0.744316783267
   389     15.325477103752     -5.040390216282      0.007787481501     -0.999969677106
   390     16.325473152010     -5.037578905692      0.999996048259      0.002811310591
   391     15.332129590500     -5.152768179528     -0.993343561510     -0.115189273837
   392     14.605684120723     -4.465544068018     -0.726445469777      0.687224111510
   393     15.179309880969     -5.284661573131      0.573625760246     -0.819117505113
   394     14.181720045958     -5.354048323179     -0.997589835011     -0.069386750047
   395     13.298292623742     -4.885480302847     -0.883427422216      0.468568020332
   396     12.754712458990     -5.724837559614     -0.543580164752     -0.839357256767
   397     12.091255606681     -6.473052104464     -0.663456852309     -0.748214544850
   398     13.081226409841     -6.331779995073      0.989970803159      0.141272109391
   399     13.689234348305     -5.537849049231      0.608007938464      0.793930945841
   400     14.023885964830     -6.480190969957      0.334651616525     -0.942341920726
   401     14.947516703489     -6.096907447479      0.923630738660      0.383283522478
   402     15.407683055398     -5.209074733185      0.460166351909      0.887832714294
   403     14.967802430952     -4.311018478691     -0.439880624446      0.898056254494
   404     14.045960364804     -3.923452735777     -0.921842066148      0.387565742914
   405     14.747231722507     -3.210558295578      0.701271357702      0.712894440199
   406     13.970636083955     -3.840557671913     -0.776595638552     -0.629999376335
   407     14.563878370615     -3.035533703749      0.593242286660      0.805023968164
   408     15.061393354062     -2.168078320893      0.497514983447      0.867455382856
   409     14.667162611137     -3.087089812297     -0.394230742924     -0.919011491404
   410     13.891905767512     -2.455443687943     -0.775256843625      0.631646124355
   411     14.602399932386     -3.159146779935      0.710494164874     -0.703703091992
   412     15.263462185384     -2.408815721227      0.661062252997      0.750331058708
   413     14.303537588277     -2.689074116052     -0.959924597106     -0.280258394825
   414     13.305707022723     -2.623239759926     -0.997830565554      0.065834356127
   415     13.999643415599     -1.903203453450      0.693936392875      0.720036306476
   416     14.996898528978     -1.977245595765      0.997255113379     -0.074042142316
   417     14.329264163369     -1.232756271558     -0.667634365609      0.744489324207
   418     13.415850993191     -1.639789907201     -0.913413170179     -0.407033635642
   419     13.809970980785     -0.720730912697      0.394119987595      0.919058994504
   420     12.856230803712     -0.420098787606     -0.953740177073      0.300632125091
   421     12.771655596262      0.576318310945     -0.084575207450      0.996417098551
   422     12.878664793835      1.570576341657      0.107009197573      0.994258030712
   423     13.316721802850      2.469523535241      0.438057009015      0.898947193584
   424     12.351471258025      2.730849740804     -0.965250544825      0.261326205563
   425     12.592860596427      1.760421388320      0.241389338402     -0.970428352484
   426     11.972147865380      2.544459464892     -0.620712731047      0.784038076573
   427     12.182827137681      1.566904226441      0.210679272302     -0.977555238451
   428     12.510751190970      0.622200137705      0.327924053288     -0.944704088736
   429     13.024305190533     -0.235857138666      0.513553999563     -0.858057276371
   430     13.064447623211      0.763336829040      0.040142432678      0.999193967705
   431     13.921514981540      0.248132458633      0.857067358329     -0.515204370407
   432     13.812232924949      1.242143239312     -0.109282056591      0.994010780680
   433     14.472270356668      1.993375952078      0.660037431719      0.751232712766
   434     15.042101086561      1.171613857997      0.569830729893     -0.821762094082
   435     14.402949743630      1.940694842568     -0.639151342931      0.769080984572
   436     14.389131797079      2.940599370187     -0.013817946552      0.999904527619
   437     13.685953509888      2.229585800399     -0.703178287191     -0.711013569789
   438     14.443150889441      1.576399664295      0.757197379553     -0.653186136104
   439     15.355803076696      1.985136725373      0.912652187255      0.408737061078
   440     16.114648880098      2.636407058383      0.758845803402      0.651270333010
   441     15.259777416898      3.155246900152     -0.854871463200      0.518839841769
   442     15.896318869543      3.926489390595      0.636541452645      0.771242490443
   443     15.364117197535      3.079871778972     -0.532201672008     -0.846617611624
   444     14.927106910892      2.180415271202     -0.437010286643     -0.899456507769
   445     15.882148299333      1.883942765962      0.955041388442     -0.296472505240
   446     16.136149955202      0.916738982463      0.254001655868     -0.967203783500
   447     16.709432564960      1.736096687832      0.573282609759      0.819357705369
   448     17.584556001986      2.219996439813      0.875123437026      0.483899751981
   449     18.183301963835      1.419057445152      0.598745961849     -0.800938994662
   450     19.182918751964      1.446739151961      0.999616788128      0.027681706810
   451     19.436157388413      2.414142993699      0.253238636450      0.967403841738
   452     18.881734182022      3.246377881345     -0.554423206391      0.832234887646
   453     18.291674041966      2.439018586411     -0.590060140056     -0.807359294935
   454     17.750019036709      1.598417696999     -0.541655005257     -0.840600889412
   455     18.649862459453      2.034630735026      0.899843422744      0.436213038027
   456     19.272596259610      2.817064511228      0.622733800157      0.782433776202
   457     19.657616752327      3.739972534916      0.385020492717      0.922908023688
   458     20.595714519701      4.086343115144      0.938097767375      0.346370580227
   459     20.750248424290      3.098355629224      0.154533904588     -0.987987485919
   460     21.699988632916      3.411394821849      0.949740208626      0.313039192625
   461     21.418419437978      2.451853895957     -0.281569194937     -0.959540925892
   462     20.440750340254      2.662004164465     -0.977669097725      0.210150268508
   463     21.437077377615      2.576374528111      0.996327037362     -0.085629636354
   464     21.601628143512      3.562743143509      0.164550765897      0.986368615398
   465     22.429154913813      4.124169402634      0.827526770301      0.561426259125
   466     21.443369766270      4.292180244197     -0.985785147543      0.168010841563
   467     22.443213024878      4.274475492967      0.999843258608     -0.017704751230
   468     21.468021640595      4.053112072276     -0.975191384283     -0.221363420692
   469     22.228865999553      3.404177667700      0.760844358958     -0.648934404576
   470     21.743356886004      2.529946061854     -0.485509113549     -0.874231605846
   471     22.014818443797      3.492395345006      0.271461557794      0.962449283152
   472     21.028662454877      3.326575064230     -0.986155988920     -0.165820280776
   473     21.018107005666      2.326630774536     -0.010555449211     -0.999944289694
   474     21.729347844312      1.623682362885      0.711240838646     -0.702948411651
   475     20.813248618833      2.024633992233     -0.916099225479      0.400951629348
   476     21.519889939176      1.317062056396      0.706641320343     -0.707571935836
   477     22.462302425743      0.982609211942      0.942412486566     -0.334452844454
   478     21.735150717345      0.296132414829     -0.727151708397     -0.686476797113
   479     21.004366847574     -0.386476503719     -0.730783869772     -0.682608918548
   480     20.069860470806     -0.030530114805     -0.934506376767      0.355946388914
   481     19.465570523221     -0.827294609024     -0.604289947585     -0.796764494219
   482     20.211503877311     -1.493315202741      0.745933354090     -0.666020593717
   483     20.277458825739     -2.491137804599      0.065954948428     -0.997822601858
   484     21.029597686192     -3.150142459057      0.752138860453     -0.659004654458
   485     21.683562419861     -2.393617425025      0.653964733669      0.756525034032
   486     20.822103928528     -1.885789434746     -0.861458491333      0.507827990279
   487     19.849375521432     -2.117736510665     -0.972728407097     -0.231947075919
   488     20.849318502871     -2.107057846430      0.999942981440      0.010678664235
   489     21.832848362362     -2.287803566963      0.983529859490     -0.180745720533
   490     22.591683468592     -1.636520770052      0.758835106231      0.651282796911
   491     23.569598821616     -1.427519424792      0.977915353024      0.209001345261
   492     24.470941745760     -1.860625570089      0.901342924145     -0.433106145297
   493     24.311580462866     -2.847845900873     -0.159361282895     -0.987220330784
   494     24.909263496904     -2.046113407567      0.597683034038      0.801732493306
   495     24.120559868711     -1.431339801371     -0.788703628193      0.614773606196
   496     25.031717115058     -1.843398622937      0.911157246346     -0.412058821566
   497     25.077966425527     -0.844468694824      0.046249310469      0.998929928114
   498     24.976043147383     -1.839260957244     -0.101923278144     -0.994792262421
   499     25.511272650468     -0.994554275001      0.535229503085      0.844706682244
   500     24.767881069724     -0.325697819790     -0.743391580745      0.668856455211
   501     25.569022307577     -0.924173146775      0.801141237853     -0.598475326986
   502     25.631264181182     -1.922234241684      0.062241873605     -0.998061094909
   503     25.346425785734     -2.880809793468     -0.284838395448     -0.958575551784
   504     26.106014510997     -3.531213489992      0.759588725264     -0.650403696524
   505     25.685849813362     -2.623765625451     -0.420164697635      0.907447864542
   506     24.716004650309     -2.380043735376     -0.969845163054      0.243721890075
   507     24.894802680869     -1.396157936989      0.178798030560      0.983885798387
   508     25.469529158049     -2.214503509732      0.574726477180     -0.818345572743
   509     26.381300882000     -1.803806147430      0.911771723951      0.410697362303
   510     27.137232756178     -1.149155857884      0.755931874178      0.654650289546
   511     26.456223502607     -1.881430667331     -0.681009253571     -0.732274809447
   512     27.152707399988     -1.163858245419      0.696483897381      0.717572421912
   513     27.927222884254     -1.796413195310      0.774515484266     -0.632554949891
   514     27.253339568690     -1.057575407291     -0.673883315564      0.738837788019
   515     27.715059951966     -0.170549879097      0.461720383276      0.887025528194
   516     26.952616975999      0.476505534604     -0.762442975967      0.647055413701
   517     26.764519630545      1.458655924632     -0.188097345454      0.982150390028
   518     26.712229345638      2.457287851873     -0.052290284907      0.998631927241
   519     26.369188260694      3.396608251971     -0.343041084944      0.939320400098
   520     27.224211243041      3.915198359530      0.855022982347      0.518590107559
   521     26.561245781653      3.166548376556     -0.662965461388     -0.748649982974
   522     27.488426494069      2.791934006138      0.927180712416     -0.374614370418
   523     27.135523474299      1.856274100704     -0.352903019770     -0.935659905434
   524     26.230109454387      1.431744416762     -0.905414019912     -0.424529683942
   525     26.316486387657      0.435481888410      0.086376933270     -0.996262528352
   526     25.715673123336     -0.363907516959     -0.600813264321     -0.799389405368
   527     25.035592906170     -1.097045224501     -0.680080217166     -0.733137707542
   528     24.469388939342     -1.921310392968     -0.566203966828     -0.824265168467
   529     24.190222567105     -2.881553141762     -0.279166372237     -0.960242748794
   530     23.479883514161     -3.585412808076     -0.710339052944     -0.703859666314
   531     22.853621316546     -4.365025314285     -0.626262197615     -0.779612506210
   532     23.454222761062     -5.164573877441      0.600601444516     -0.799548563156
   533     24.030594563592     -5.981761460099      0.576371802529     -0.817187582657
   534     23.646990518390     -6.905259124689     -0.383604045202     -0.923497664591
   535     24.244675134443     -7.706990438618      0.597684616053     -0.801731313929
   536     25.241680772103     -7.784319336674      0.997005637660     -0.077328898056
   537     24.807390130539     -6.883546535880     -0.434290641564      0.900772800794
   538     25.254255249383     -7.778147880368      0.446865118844     -0.894601344488
   539     25.907732762100     -7.021201950745      0.653477512717      0.756945929623
   540     26.889376614138     -6.830478727837      0.981643852038      0.190723222908
   541     26.307770171639     -7.643949038324     -0.581606442499     -0.813470310487
   542     26.438729653871     -6.652561316989      0.130959482232      0.991387721335
   543     25.794829964909     -7.417671237559     -0.643899688962     -0.765109920570
   544     25.297840263101     -6.549914799209     -0.496989701808      0.867756438349
   545     26.275661494405     -6.340473543457      0.977821231304      0.209441255753
   546     27.241960561388     -6.083051490890      0.966299066983      0.257422052566
   547     26.371803383307     -6.575825765213     -0.870157178081     -0.492774274323
   548     26.057372577505     -7.525106160230     -0.314430805802     -0.949280395016
   549     25.596491373762     -8.412567999430     -0.460881203743     -0.887461839200
   550     24.621512359734     -8.634864922948     -0.974979014028     -0.222296923518
   551     24.837987565366     -7.658576806998      0.216475205632      0.976288115951
   552     25.761982123643     -7.276171189524      0.923994558277      0.382405617473
   553     25.245955566194     -8.132743773727     -0.516026557449     -0.856572584202
   554     24.729269960006     -7.276568567149     -0.516685606187      0.856175206578
   555     24.302406877445     -8.180884833035     -0.426863082561     -0.904316265886
   556     24.272931572887     -9.180450341854     -0.029475304558     -0.999565508819
   557     24.926442283475     -9.937367610217      0.653510710589     -0.756917268363
   558     25.172738543885     -8.968173020824      0.246296260410      0.969194589393
   559     26.132166891988     -8.686220463010      0.959428348102      0.281952557814
   560     25.899554243260     -9.658789923590     -0.232612648728     -0.972569460579
   561     24.944288768849     -9.954539603892     -0.955265474411     -0.295749680302
   562     25.931949418920     -9.797930407796      0.987660650071      0.156609196096
   563     26.929579832228     -9.729129547025      0.997630413308      0.068800860770
   564     27.769335806218    -10.272093545967      0.839755973991     -0.542963998942
   565     28.480031561402    -10.975593043880      0.710695755184     -0.703499497913
   566     28.055355708634    -10.070247573866     -0.424675852768      0.905345470014
   567     28.950857381608     -9.625189427439      0.895501672974      0.445058146427
   568     29.854477173598     -9.196853961335      0.903619791991      0.428335466104
   569     29.571163811285     -8.237826569268     -0.283313362313      0.959027392067
   570     29.090912336485     -7.360695723298     -0.480251474800      0.877130845970
   571     28.580476783129     -6.500779712359     -0.510435553356      0.859916010939
   572     29.352469204718     -5.865147978563      0.771992421589      0.635631733796
   573     28.358342015535     -5.756929996110     -0.994127189183      0.108217982453
   574     29.331030017683     -5.989046454975      0.972688002149     -0.232116458865
   575     28.958132753465     -6.916919091892     -0.372897264219     -0.927872636916
   576     28.360610067240     -7.718771097842     -0.597522686224     -0.801852005951
   577     29.355794351646     -7.620749467207      0.995184284405      0.098021630635
   578     28.663694833578     -6.898947377233     -0.692099518067      0.721802089974
   579     28.010330850956     -7.655991303444     -0.653363982622     -0.757043926210
   580     28.959152102827     -7.340177700194      0.948821251871      0.315813603249
   581     29.125546307524     -6.354118387250      0.166394204696      0.986059312944
   582     28.437439174003     -5.628509282568     -0.688107133521      0.725609104682
   583     28.984513715552     -6.465593176804      0.547074541549     -0.837083894236
   584     29.761581306418     -5.836176018454      0.777067590866      0.629417158350
   585     30.573942939530     -5.253022027601      0.812361633112      0.583153990853
   586     31.506275758885     -4.891420708531      0.932332819355      0.361601319069
   587     32.439484558343     -4.532086133775      0.933208799457      0.359334574757
   588     32.972781389742     -5.378014316080      0.533296831400     -0.845928182306
   589     32.019414150418     -5.679827017905     -0.953367239324     -0.301812701825
   590     31.260063929161     -5.029144882392     -0.759350221257      0.650682135514
   591     31.478126964650     -4.053210195769      0.218063035489      0.975934686623
   592     31.994501995459     -3.196847639630      0.516375030810      0.856362556139
   593     32.092120728246     -2.201623753759      0.097618732787      0.995223885871
   594     31.218784519971     -2.688741673072     -0.873336208275     -0.487117919314
   595     31.668352022031     -1.795495312267      0.449567502060      0.893246360805
   596     32.436863385595     -2.435331450723      0.768511363563     -0.639836138456
   597     31.639384094332     -1.831985132256     -0.797479291262      0.603346318467
   598     30.891369966528     -1.168302328046     -0.748014127805      0.663682804210
   599     31.857547623424     -0.910424963172      0.966177656896      0.257877364874
   600     31.614091376179     -1.880336843539     -0.243456247245     -0.969911880367
   601     30.696081159760     -2.276893576618     -0.918010216419     -0.396556733079
   602     31.366881010355     -1.535255146895      0.670799850594      0.741638429723
   603     31.289599272055     -0.538245852592     -0.077281738300      0.997009294302
   604     30.635570802428      0.218224081323     -0.654028469626      0.756469933916
   605     30.330848459572      1.170665309832     -0.304722342857      0.952441228509
   606     30.203305190053      0.178832302517     -0.127543269519     -0.991833007315
   607     30.923551355740     -0.514886272131      0.720246165688     -0.693718574648
   608     30.024579272676     -0.952892201167     -0.898972083065     -0.438005929035
   609     30.483231487074     -0.064276341401      0.458652214398      0.888615859766
   610     31.148675137059     -0.810724429813      0.665443649985     -0.746448088412
   611     30.312574062559     -1.359299851446     -0.836101074500     -0.548575421633
   612     29.321089515223     -1.229075458973     -0.991484547336      0.130224392473
   613     28.693977267087     -2.008004357036     -0.627112248136     -0.778928898063
   614     27.696833702178     -1.932474820017     -0.997143564908      0.075529537019
   615     28.695970373109     -1.974018926714      0.999136670931     -0.041544106698
   616     27.714437526219     -1.782725250720     -0.981532846890      0.191293675995
   617     26.954358662866     -1.132894410051     -0.760078863353      0.649830840669
   618     27.721495015920     -1.774378482981      0.767136353054     -0.641484072930
   619     27.334903272865     -0.852127527871     -0.386591743055      0.922250955110
   620     28.291432952470     -1.143762525831      0.956529679605     -0.291634997961
   621     28.915964298539     -0.362762783337      0.624531346069      0.780999742495
   622     28.330594288439      0.448003490799     -0.585370010100      0.810766274135
   623     27.361977898747      0.696563925345     -0.968616389691      0.248560434546
   624     27.980361471833     -0.089312500398      0.618383573086     -0.785876425743
   625     28.237818827944      0.876977161031      0.257457356111      0.966289661429
   626     28.996027600280      1.528989014875      0.758208772336      0.652011853844
   627     28.011443488384      1.703900782925     -0.984584111896      0.174911768050
   628     27.378939489769      0.929343689008     -0.632503998615     -0.774557093917
   629     26.855329037017      1.781301489470     -0.523610452753      0.851957800462
   630     27.610984300972      1.126331931356      0.755655263955     -0.654969558115
   631     26.839155922171      1.762162847306     -0.771828378801      0.635830915950
   632     27.378569018049      0.920121570411      0.539413095878     -0.842041276895
   633     26.675529390704      0.208970895531     -0.703039627346     -0.711150674880
   634     26.355006858507      1.156211786938     -0.320522532197      0.947240891407
   635     27.213155864738      1.669612491170      0.858149006231      0.513400704231
   636     27.790210409876      0.852906882070      0.577054545138     -0.816705609100
   637     27.441885343377      1.790280685869     -0.348325066498      0.937373803799
   638     26.633757540834      1.201273508700     -0.808127802543     -0.589007177169
   639     25.813108727326      0.629840638726     -0.820648813509     -0.571432869974
   640     26.279676975810     -0.254644561549      0.466568248485     -0.884485200275
   641     25.313185136978      0.002052780608     -0.966491838832      0.256697342158
   642     24.540938148053     -0.633269647846     -0.772246988925     -0.635322428454
   643     25.132781799476      0.172783137194      0.591843651423      0.806052785040
   644     24.961689629474      1.158038164770     -0.171092170002      0.985255027576
   645     24.047160926689      1.562559180024     -0.914528702785      0.404521015253
   646     24.665740417950      0.776836956213      0.618579491262     -0.785722223811
   647     23.918172592874      0.112651479926     -0.747567825076     -0.664185476287
   648     23.559525017816     -0.820821560341     -0.358647575058     -0.933473040267
   649     22.885867297379     -0.081778073329     -0.673657720437      0.739043487013
   650     23.528311840052     -0.848110252994      0.642444542672     -0.766332179665
   651     24.045292564927      0.007886785615      0.516980724875      0.855997038609
   652     25.038790638857      0.121735707860      0.993498073931      0.113848922244
   653     24.042029973095      0.041310741655     -0.996760665762     -0.080424966205
   654     23.646032785279      0.959562464900     -0.395997187816      0.918251723245
   655     23.158150986111      0.086652761643     -0.487881799168     -0.872909703257
   656     22.232447369686     -0.291596910582     -0.925703616425     -0.378249672225
   657     22.587211644872      0.643358868614      0.354764275186      0.934955779196
   658     23.263474147189      1.380019596467      0.676262502317      0.736660727853
   659     23.955902594282      2.101506149117      0.692428447094      0.721486552650
   660     24.793878105817      1.555798313303      0.837975511534     -0.545707835814
   661     25.382057468434      2.364528823047      0.588179362617      0.808730509744
   662     25.223211405945      3.351832184954     -0.158846062488      0.987303361907
   663     25.881046694191      2.598670360683      0.657835288246     -0.753161824271
   664     24.910825100299      2.356451330165     -0.970221593892     -0.242219030518
   665     24.326862379366      1.544670854568     -0.583962720933     -0.811780475597
   666     23.509442184519      0.968628994061     -0.817420194847     -0.576041860507
   667     23.922943277139      1.879132616460      0.413501092620      0.910503622399
   668     23.118237132928      2.472805945379     -0.804706144211      0.593673328919
   669     23.050743686314      1.475086227891     -0.067493446614     -0.997719717488
   670     22.287557333653      0.828907776445     -0.763186352660     -0.646178451446
   671     23.105148216395      1.404707349611      0.817590882741      0.575799573166
   672     23.787942558966      0.674096724344      0.682794342571     -0.730610625267
   673     24.124795195444     -0.267460656434      0.336852636478     -0.941557380778
   674     23.909737806950     -1.244062069321     -0.215057388494     -0.976601412888
   675     24.662989121462     -0.586329253366      0.753251314513      0.657732815956
   676     24.064948060215      0.215136210058     -0.598041061248      0.801465463424
   677     24.772020409499     -0.492005001354      0.707072349284     -0.707141211412
   678     24.927752607356      0.495794311539      0.155732197857      0.987799312892
   679     24.619560064350      1.447118313357     -0.308192543007      0.951324001818
   680     25.371394423760      0.787766285976      0.751834359410     -0.659352027380
   681     24.887206254052     -0.087197608316     -0.484188169708     -0.874963894292
   682     24.800595612143      0.909044629651     -0.086610641909      0.996242237966
   683     25.053148437535      1.876627737392      0.252552825392      0.967583107741
   684     24.322375023504      2.559247849420     -0.730773414031      0.682620112028
   685     24.833571265402      1.699783829075      0.511196241899     -0.859464020346
   686     25.467022570031      2.473566385523      0.633451304628      0.773782556449
   687     24.515551624145      2.781304974484     -0.951470945886      0.307738588961
   688     25.189808164954      2.042807772609      0.674256540808     -0.738497201875
   689     25.998464464088      2.631089159252      0.808656299134      0.588281386643
   690     25.286527028851      1.928846260884     -0.711937435237     -0.702242898368
   691     24.433992503100      2.451517173030     -0.852534525751      0.522670912145
   692     24.484386408348      1.452787753060      0.050393905248     -0.998729419970
   693     23.565661143001      1.847685064792     -0.918725265347      0.394897311733
   694     24.491659425344      1.470157342502      0.925998282343     -0.377527722291
   695     24.423658527934      2.467842602466     -0.068000897411      0.997685259965
   696     24.257199756845      3.453891017874     -0.166458771089      0.986048415407
   697     25.225106090363      3.705202238346      0.967906333518      0.251311220472
   698     25.114610119090      2.711325666365     -0.110495971273     -0.993876571981
   699     24.298392032490      2.133581748087     -0.816218086599     -0.577743918279
   700     24.866568490228      2.956488494244      0.568176457738      0.822906746158
   701     24.208500135868      2.203530300857     -0.658068354361     -0.752958193387
   702     23.319796183621      1.745048801491     -0.888703952247     -0.458481499366
   703     23.488434824723      2.730726745206      0.168638641102      0.985677943715
   704     24.349685506934      3.238907089565      0.861250682210      0.508180344358
   705     25.168514005875      3.812945319408      0.818828498941      0.574038229843
   706     25.040493726045      2.821173769124     -0.128020279830     -0.991771550284
   707     25.725575104167      3.549640312865      0.685081378122      0.728466543741
   708     26.568076479355      4.088334505155      0.842501375188      0.538694192290
   709     25.611172504150      3.797929990317     -0.956903975204     -0.290404514838
   710     26.440964394924      3.239857039883      0.829791890774     -0.558072950434
   711     27.196416012124      2.584652603032      0.755451617200     -0.655204436851
   712     26.825377059178      1.656035300051     -0.371038952947     -0.928617302981
   713     27.818167696180      1.536173917278      0.992790637002     -0.119861382773
   714     28.541153356590      2.227036953517      0.722985660409      0.690863036240
   715     28.862466755935      1.280064039754      0.321313399345     -0.946972913763
   716     29.608057241456      1.946468442426      0.745590485521      0.666404402672
   717     30.400942946496      2.555838821377      0.792885705040      0.609370378951
   718     30.010689279427      3.476546199070     -0.390253667069      0.920707377694
   719     30.464275511405      2.585333805664      0.453586231978     -0.891212393406
   720     30.889329965837      1.680166025213      0.425054454432     -0.905167780451
   721     30.920921033551      2.679666902872      0.031591067714      0.999500877659
   722     30.592450165592      3.624181004885     -0.328470867959      0.944514102013
   723     30.338142783108      4.591304448513     -0.254307382483      0.967123443628
   724     29.545778983125      5.201353305963     -0.792363799983      0.610048857450
   725     28.690270774602      5.719142553775     -0.855508208523      0.517789247812
   726     28.992027179734      6.672527613423      0.301756405133      0.953385059649
   727     29.814595285669      7.241194221463      0.822568105935      0.568666608040
   728     29.407944020308      6.327610755993     -0.406651265361     -0.913583465470
   729     28.487522584953      6.718538346908     -0.920421435355      0.390927590915
   730     27.491106979149      6.633945554597     -0.996415605804     -0.084592792310
   731     28.469725567197      6.428262159237      0.978618588048     -0.205683395360
   732     29.421806214425      6.734109247133      0.952080647228      0.305847087895
   733     30.320311533780      6.295146616502      0.898505319355     -0.438962630631
   734     31.292150025327      6.059498687701      0.971838491547     -0.235647928801
   735     30.458701050037      6.612095109684     -0.833448975289      0.552596421984
   736     31.205200194687      7.277481483934      0.746499144650      0.665386374250
   737     30.228578282460      7.492445761335     -0.976621912227      0.214964277401
   738     30.802122107331      6.673270883209      0.573543824871     -0.819174878126
   739     30.850901499356      5.674461306306      0.048779392025     -0.998809576903
   740     30.167190841867      4.944708103616     -0.683710657490     -0.729753202689
   741     29.250076950858      5.343333379933     -0.917113891009      0.398625276317
   742     29.618109959943      4.413520654583      0.368033009086     -0.929812725350
   743     30.020703477534      3.498141793349      0.402593517591     -0.915378861234
   744     29.032805620728      3.653247642751     -0.987897856806      0.155105849402
   745     30.031848903130      3.609515276168      0.999043282402     -0.043732366584
   746     29.388448322841      2.843985594651     -0.643400580290     -0.765529681516
   747     28.982282896019      1.930186029071     -0.406165426821     -0.913799565581
   748     29.666345718076      1.200762931356      0.684062822057     -0.729423097715
   749     30.539570006273      1.688081453990      0.873224288197      0.487318522634
   750     29.985138315333      2.520310689286     -0.554431690940      0.832229235296
   751     30.725537221982      3.192478420610      0.740398906649      0.672167731324
   752     29.966544878656      3.843577969660     -0.758992343326      0.651099549050
   753     28.977575143089      3.991695700305     -0.988969735568      0.148117730645
   754     29.545407761266      4.814839744646      0.567832618178      0.823144044341
   755     28.628417493428      5.213749319224     -0.916990267838      0.398909574578
   756     28.364660690103      6.178338531635     -0.263756803326      0.964589212411
   757     28.072810401167      5.221874518277     -0.291850288936     -0.956464013358
   758     28.691995435445      4.436629401561      0.619185034278     -0.785245116716
   759     28.354045796010      5.377793596166     -0.337949639435      0.941164194605
   760     29.345526531839      5.508047004873      0.991480735829      0.130253408707
   761     28.664657034063      4.775642248609     -0.680869497776     -0.732404756264
   762     28.825094665249      5.762688228541      0.160437631186      0.987045979932
   763     28.330582981821      6.631859209967     -0.494511683428      0.869170981426
   764     28.054690788990      7.593047796008     -0.275892192831      0.961188586041
   765     28.097126626331      8.592146990137      0.042435837341      0.999099194129
   766     28.677037094451      9.406827202836      0.579910468120      0.814680212700
   767     28.419487468814      8.440562130336     -0.257549625638     -0.966265072500
   768     29.256809044142      7.893851439487      0.837321575329     -0.546710690850
   769     28.440740219322      7.315896706695     -0.816068824820     -0.577954732792
   770     28.050773926423      8.236725838729     -0.389966292899      0.920829132034
   771     29.005267923665      7.938495710759      0.954493997242     -0.298230127970
   772     29.746751121149      7.267524274818      0.741483197484     -0.670971435941
   773     30.708929807890      6.995105158783      0.962178686741     -0.272419116035
   774     30.093106626085      7.782989546718     -0.615823181805      0.787884387935
   775     29.829459149557      8.747608646736     -0.263647476529      0.964619100018
   776     30.791096576124      8.473285006075      0.961637426567     -0.274323640661
   777     29.930377946228      7.964204030052     -0.860718629896     -0.509080976024
   778     29.024778933078      7.540069113565     -0.905599013149     -0.424134916486
   779     29.648744796837      6.758617515024      0.623965863759     -0.781451598542
   780     29.231234785105      7.667289837758     -0.417510011733      0.908672322734
   781     30.091403805482      8.177298912563      0.860169020377      0.510009074805
   782     29.460880090318      7.401128928207     -0.630523715164     -0.776169984356
   783     29.813063692102      8.337059860826      0.352183601784      0.935930932620
   784     29.288017355392      9.188133502944     -0.525046336711      0.851073642117
   785     28.499871768963      9.803622361163     -0.788145586429      0.615488858220
   786     28.936040070180     10.703487469396      0.436168301217      0.899865108232
   787     29.769904689795     11.255456486782      0.833864619615      0.551969017386
   788     29.160612561693     12.048402325180     -0.609292128102      0.792945838398
   789     28.327137186157     11.495845723213     -0.833475375535     -0.552556601966
   790     28.999110080561     10.755269981518      0.671972894404     -0.740575741695
   791     28.042936320707     10.462470150632     -0.956173759854     -0.292799830887
   792     27.719019103387      9.516384723028     -0.323917217320     -0.946085427603
   793     27.074060021945     10.280601827825     -0.644959081443      0.764217104797
   794     27.836542899214     10.927610221798      0.762482877269      0.647008393973
   795     27.024887414442     11.511746656238     -0.811655484772      0.584136434440
   796     27.989140990409     11.246765447024      0.964253575966     -0.264981209214
   797     28.246450923809     12.213094375585      0.257309933401      0.966328928561
   798     27.555724055200     12.936210129100     -0.690726868609      0.723115753515
   799     27.227383359412     13.880769490648     -0.328340695788      0.944559361549
   800     26.428882168947     14.482762720533     -0.798501190464      0.601993229885
   801     26.992018538197     13.656398739210      0.563136369250     -0.826363981323
   802     26.018022031594     13.882961766038     -0.973996506603      0.226563026828
   803     26.841316785440     13.315347682095      0.823294753846     -0.567614083942
   804     27.153826515497     12.365433123506      0.312509730056     -0.949914558589
   805     26.467016298488     13.092269917988     -0.686810217009      0.726836794482
   806     25.988521460936     12.214179552230     -0.478494837552     -0.878090365757
   807     25.133513499421     12.732794424506     -0.855007961515      0.518614872276
   808     24.609821773751     13.584702269560     -0.523691725670      0.851907845054
   809     23.800884939197     12.996806702557     -0.808936834554     -0.587895567003
   810     24.739168838855     12.650940653858      0.938283899658     -0.345866048699
   811     25.692544916497     12.952725435749      0.953376077642      0.301784781890
   812     24.696706168968     12.861592626515     -0.995838747530     -0.091132809234
   813     25.534108313422     13.408179900848      0.837402144455      0.546587274333
   814     25.112498969327     14.314957470581     -0.421609344095      0.906777569734
   815     25.252927650485     13.324866673983      0.140428681157     -0.990090796598
   816     25.242311917058     14.324810325497     -0.010615733427      0.999943651514
   817     26.006390135526     13.679686712488      0.764078218468     -0.645123613010
   818     25.727014083735     14.639868477408     -0.279376051790      0.960181764921
   819     24.973583590277     15.297396036927     -0.753430493459      0.657527559519
   820     25.481688138854     16.158691437887      0.508104548577      0.861295400960
   821     26.473328513270     16.029659008522      0.991640374416     -0.129032429365
   822     26.310347592774     17.016288229433     -0.162980920497      0.986629220910
   823     25.311024765120     17.053083421117     -0.999322827653      0.036795191684
   824     24.397350305988     16.646636643876     -0.913674459132     -0.406446777241
   825     24.285627692130     17.640376075293     -0.111722613859      0.993739431417
   826     23.657822567221     16.862005517564     -0.627805124908     -0.778370557729
   827     24.396841484812     17.535690191164      0.739018917590      0.673684673600
   828     23.407034981670     17.678108891966     -0.989806503142      0.142418700802
   829     22.648342912119     18.329558309497     -0.758692069551      0.651449417531
   830     22.392381406808     17.362871334412     -0.255961505311     -0.966686975085
   831     23.152669217948     18.012457698364      0.760287811140      0.649586363952
   832     23.715244864336     17.185711883684      0.562575646388     -0.826745814680
   833     24.287011284155     16.365295427750      0.571766419819     -0.820416455934
   834     23.986667190500     17.319126348514     -0.300344093656      0.953830920764
   835     24.484897439282     16.452081586579      0.498230248782     -0.867044761935
   836     24.018785608889     15.567355775061     -0.466111830393     -0.884725811519
   837     23.369704810212     16.328075248184     -0.649080798677      0.760719473123
   838     24.177628663762     16.917362145089      0.807923853550      0.589286896905
   839     23.324141698655     17.438476336405     -0.853486965108      0.521114191317
   840     23.838211912405     18.296224443564      0.514070213751      0.857748107159
   841     24.838199441667     18.291230314851      0.999987529261     -0.004994128713
   842     25.572064464799     17.611934997759      0.733865023132     -0.679295317092
   843     24.646389789007     17.233614505852     -0.925674675792     -0.378320491907
   844     25.548816000406     16.802770064110      0.902426211399     -0.430844441741
   845     25.443388948958     15.808343024643     -0.105427051448     -0.994427039467
   846     25.064511048634     16.733789693364     -0.378877900324      0.925446668721
   847     24.447727947042     15.946656537163     -0.616783101592     -0.787133156201
   848     25.433257458557     15.777152608206      0.985529511516     -0.169503928957
   849     26.391589130088     15.491494758077      0.958331671531     -0.285657850129
   850     26.468023678537     16.488569358999      0.076434548449      0.997074600922
   851     27.205738446918     17.163681883333      0.737714768381      0.675112524334
   852     27.978775552965     17.798042689715      0.773037106047      0.634360806383
   853     28.524249901780     16.959915172696      0.545474348815     -0.838127517019
   854     29.338217392488     16.379004745805      0.813967490708     -0.580910426891
   855     28.356219103637     16.567894556789     -0.981998288851      0.188889810984
   856     28.344161460613     15.567967252809     -0.012057643024     -0.999927303980
   857     27.445071678271     15.130202974585     -0.899089782341     -0.437764278224
   858     26.588233273025     14.614617921180     -0.856838405247     -0.515585053404
   859     26.768089911422     13.630925088216      0.179856638398     -0.983692832964
   860     26.070063359176     12.914853211685     -0.698026552247     -0.716071876531
   861     25.407493984891     13.663853761925     -0.662569374285      0.749000550240
   862     26.165792081772     13.011945795823      0.758298096881     -0.651907966102
   863     26.937732275411     13.647640956607      0.771940193639      0.635695160784
   864     26.697037505629     12.677040097448     -0.240694769782     -0.970600859159
   865     26.216352022301     13.553933173096     -0.480685483328      0.876893075647
   866     27.049835893909     14.106476959388      0.833483871608      0.552543786292
   867     27.954098521999     13.679500262787      0.904262628090     -0.426976696601
   868     28.826654654665     13.190986398760      0.872556132667     -0.488513864026
   869     29.454914859195     12.412983111233      0.628260204530     -0.778003287528
   870     30.127377375267     13.153114291821      0.672462516071      0.740131180588
   871     30.241088031025     12.159600383128      0.113710655758     -0.993513908693
   872     30.105469355324     11.168839274282     -0.135618675701     -0.990761108846
   873     31.042171584267     11.518966300221      0.936702228943      0.350127025939
   874     30.438686310554     12.316340443526     -0.603485273713      0.797374143305
   875     31.415187083178     12.531854343461      0.976500772624      0.215513899934
   876     30.803413474335     13.322887245130     -0.611773608842      0.791032901670
   877     29.929978786347     13.809828561738     -0.873434687988      0.486941316607
   878     30.876424151211     13.486964548060      0.946445364864     -0.322864013678
   879     30.095664307471     12.862133317724     -0.780759843740     -0.624831230336
   880     29.346343181460     12.199926514593     -0.749321126011     -0.662206803131
   881     28.346553436463     12.220431777306     -0.999789744997      0.020505262714
   882     29.172267374173     12.784520859873      0.825713937710      0.564089082567
   883     29.405002780057     13.757060952028      0.232735405885      0.972540092154
   884     29.760281573741     12.822300566282      0.355278793684     -0.934760385745
   885     30.296298604110     13.666507734669      0.536017030369      0.844207168386
   886     31.214982167430     14.061502051699      0.918683563320      0.394994317030
   887     31.984442765461     14.700196335435      0.769460598031      0.638694283737
   888     31.239973320862     14.032539802434     -0.744469444598     -0.667656533001
   889     32.237039764767     13.955998921600      0.997066443905     -0.076540880833
   890     32.900009409703     13.207352643380      0.662969644936     -0.748646278220
   891     33.022634034058     14.199805766455      0.122624624354      0.992453123075
   892     32.242294588570     14.825161944817     -0.780339445488      0.625356178362
   893     33.054782122629     15.408140509602      0.812487534059      0.582978564785
   894     33.882328931683     14.846743788179      0.827546809055     -0.561396721422
   895     34.508274764460     14.066877251886      0.625945832776     -0.779866536293
   896     35.056222502777     14.903389819677      0.547947738318      0.836512567791
   897     35.690168883501     14.130012818230      0.633946380724     -0.773377001447
   898     34.696903689342     14.014149734930     -0.993265194159     -0.115863083301
   899     35.185550177922     13.141667867383      0.488646488580     -0.872481867547
   900     35.230224350477     14.140669478145      0.044674172555      0.999001610763
   901     36.223451560529     14.024481229114      0.993227210052     -0.116188249031
   902     35.329935180107     13.575450631140     -0.893516380422     -0.449030597975
   903     35.006788235678     14.521799431692     -0.323146944429      0.946348800552
   904     34.259914482350     15.186765292913     -0.746873753328      0.664965861221
   905     34.273613193800     16.186671461163      0.013698711450      0.999906168250
   906     35.198153270505     16.567756289733      0.924540076705      0.381084828570
   907     34.339620737776     17.080515385454     -0.858532532730      0.512759095721
   908     33.766156734265     16.261284626341     -0.573464003511     -0.819230759113
   909     32.778793086856     16.419755531483     -0.987363647408      0.158470905142
   910     31.954671371028     15.853342786658     -0.824121715828     -0.566412744825
   911     32.480876633999     15.002985202332      0.526205262971     -0.850357584326
   912     32.202737583825     14.042444381352     -0.278139050174     -0.960540820980
   913     31.254699895588     14.360602426483     -0.948037688237      0.318158045131
   914     32.076017531334     13.790131269270      0.821317635746     -0.570471157213
   915     31.690013730558     14.712628459394     -0.386003800776      0.922497190124
   916     32.158438579944     13.829125114478      0.468424849386     -0.883503344916
   917     31.452785888370     14.537683001227     -0.705652691574      0.708557886749
   918     31.084574037040     13.607941084059     -0.368211851331     -0.929741917168
   919     30.637377877080     12.713505175501     -0.447196159959     -0.894435908558
   920     31.600799738629     12.445515778901      0.963421861549     -0.267989396600
   921     32.292898355569     13.167318732920      0.692098616940      0.721802954019
   922     32.998081333294     13.876344097718      0.705182977725      0.709025364798
   923     32.000786137869     13.802843803954     -0.997295195424     -0.073500293763
   924     31.480820698894     12.948656504662     -0.519965438975     -0.854187299292
   925     30.638096574872     13.487002165730     -0.842724124022      0.538345661068
   926     31.330293829776     12.765293803368      0.692197254904     -0.721708362362
   927     32.129662103049     12.164452423564      0.799368273273     -0.600841379804
   928     31.290945047806     11.619884979399     -0.838717055243     -0.544567444165
   929     31.806018323399     10.762738830385      0.515073275593     -0.857146149014
   930     31.085435754079     10.069369692917     -0.720582569320     -0.693369137468
   931     31.653020331838      9.246054597045      0.567584577758     -0.823315095872
   932     31.498491840526     10.234042929655     -0.154528491312      0.987988332610
   933     32.018622759249     11.088129475263      0.520130918722      0.854086545608
   934     31.173142827311     11.622136670618     -0.845479931937      0.534007195355
   935     30.845670007402     12.566997269977     -0.327472819909      0.944860599359
   936     31.755393629720     12.151782950622      0.909723622317     -0.415214319356
   937     32.682195519946     12.527333554766      0.926801890226      0.375550604144
   938     32.025701525525     11.773002304393     -0.656493994421     -0.754331250373
   939     33.005427659319     11.973343769801      0.979726133794      0.200341465408
   940     33.346026137820     11.033134922553      0.340598478501     -0.940208847248
   941     32.575578233831     11.670637885087     -0.770447903989      0.637502962534
   942     32.286823458175     10.713234793628     -0.288754775656     -0.957403091459
   943     32.962060233830     11.450835835386      0.675236775654      0.737601041759
   944     33.850656758272     11.909525509077      0.888596524442      0.458689673690
   945     32.852528547135     11.970681654583     -0.998128211137      0.061156145506
   946     33.847300349630     11.868558880625      0.994771802495     -0.102122773958
   947     33.063168044953     12.489152571183     -0.784132304677      0.620593690559
   948     32.176678948834     12.951902052504     -0.886489096119      0.462749481320
   949     32.724927639633     12.115586697487      0.548248690799     -0.836315355017
   950     32.639889191952     13.111964368059     -0.085038447681      0.996377670573
   951     33.319878299010     12.378742154619      0.679989107058     -0.733222213441
   952     34.273142888881     12.680878914543      0.953264589871      0.302136759924
   953     35.204693101604     13.044491622208      0.931550212723      0.363612707666
   954     36.040506431816     12.495477891014      0.835813330212     -0.549013731195
   955     35.898486445336     13.485341681361     -0.142019986480      0.989863790347
   956     35.139495357861     12.834240668358     -0.758991087475     -0.651101013003
   957     34.904859018195     13.806323889131     -0.234636339666      0.972083220773
   958     34.141033290677     14.451746431333     -0.763825727518      0.645422542202
   959     35.035366079294     14.899148781803      0.894332788616      0.447402350470
   960     35.535498857727     15.765097512350      0.500132778433      0.865948730547
   961     34.592636133053     16.098278968049     -0.942862724673      0.333181455699
   962     35.562518273018     15.854704267849      0.969882139965     -0.243574700200
   963     35.811227836595     16.823282376720      0.248709563577      0.968578108872
   964     36.258841189575     15.929055176153      0.447613352980     -0.894227200567
   965     37.032816542403     16.562270900226      0.773975352829      0.633215724073
   966     36.846614532837     15.579759418546     -0.186202009567     -0.982511481680
   967     36.007067089531     15.036473038780     -0.839547443306     -0.543286379766
   968     35.787344653570     14.060910610673     -0.219722435961     -0.975562428108
   969     34.877067522410     14.474910060535     -0.910277131160      0.413999449863
   970     35.616149166278     13.801294202871      0.739081643868     -0.673615857664
   971     36.614063870041     13.865840651361      0.997914703763      0.064546448491
   972     36.418241585685     12.885201251302     -0.195822284357     -0.980639400060
   973     35.747690286788     13.627064416278     -0.670551298897      0.741863164976
   974     35.292282074506     12.736781674568     -0.455408212282     -0.890282741710
   975     36.213582847171     12.347930949627      0.921300772665     -0.388850724941
   976     36.268013749107     13.346448489240      0.054430901937      0.998517539613
   977     36.953280247258     12.618156084699      0.685266498151     -0.728292404541
   978     37.614123808936     11.867632409530      0.660843561678     -0.750523675168
   979     38.451221801931     11.320579441232      0.837097992995     -0.547052968298
   980     37.633036812480     11.895534502986     -0.818184989452      0.574955061753
   981     38.290574705292     12.648955978333      0.657537892813      0.753421475348
   982     38.547219210296     13.615461849010      0.256644505004      0.966505870676
   983     39.497898630414     13.925637025586      0.950679420118      0.310175176577
   984     40.286649851098     13.310924481490      0.788751220684     -0.614712544097
   985     39.972121296806     14.260172493621     -0.314528554292      0.949248012131
   986     40.353037929908     15.184781880674      0.380916633102      0.924609387053
   987     39.933574292883     14.277009741195     -0.419463637026     -0.907772139478
   988     39.227224780182     14.984872980746     -0.706349512701      0.707863239551
   989     38.490560393414     15.661131497341     -0.736664386768      0.676258516595
   990     38.179295747233     16.611454768675     -0.311264646181      0.950323271333
   991     39.177619546649     16.669330424345      0.998323799416      0.057875655671
   992     39.979770088326     16.072208570377      0.802150541678     -0.597121853968
   993     40.192823795370     17.049249059771      0.213053707044      0.977040489394
   994     41.095174636080     16.618246785681      0.902350840710     -0.431002274090
   995     40.289054930969     17.209999285491     -0.806119705111      0.591752499810
   996     41.229004626102     17.551312295231      0.939949695134      0.341313009740
   997     41.684765587753     18.441414506124      0.455760961651      0.890102210892
   998     41.870078418691     17.458734927273      0.185312830938     -0.982679578851
   999     41.178590116664     18.181122585086     -0.691488302027      0.722387657812
  1000     41.993946360195     17.602163004341      0.815356243531     -0.578959580744
