# File chua thong tin toa do tai lan chay thu 25
##########################################################################################
#  Step                   x                   y            delta_x            delta_y
     1      0.000000000000      0.000000000000      0.000000000000      0.000000000000
     2      0.739327753317      0.673345730791      0.739327753317      0.673345730791
     3     -0.243941091995      0.855506038866     -0.983268845312      0.182160308075
     4     -0.930594420621      1.582491049914     -0.686653328625      0.726985011047
     5     -1.621457220255      0.859505163412     -0.690862799634     -0.722985886502
     6     -2.023198486359     -0.056248053950     -0.401741266104     -0.915753217362
     7     -1.778988613559     -1.025970456510      0.244209872801     -0.969722402560
     8     -2.767818638907     -0.876922876961     -0.988830025348      0.149047579549
     9     -2.386071426973     -1.801189649155      0.381747211934     -0.924266772193
    10     -1.885289254492     -0.935616304068      0.500782172481      0.865573345087
    11     -1.329266231695     -0.104449414617      0.556023022797      0.831166889451
    12     -0.697487229585     -0.879597976180      0.631779002110     -0.775148561563
    13     -1.524421844847     -0.317299886124     -0.826934615262      0.562298090056
    14     -1.554270408476      0.682254546236     -0.029848563629      0.999554432359
    15     -0.900345117856     -0.074304581848      0.653925290620     -0.756559128084
    16     -1.587869783057     -0.800465607200     -0.687524665201     -0.726161025352
    17     -1.359017897782      0.172995647605      0.228851885275      0.973461254805
    18     -1.111123811652     -0.795791492102      0.247894086130     -0.968787139707
    19     -1.257287447291      0.193468934488     -0.146163635640      0.989260426590
    20     -2.209484147781      0.498954521016     -0.952196700490      0.305485586528
    21     -3.095804686283      0.962026764872     -0.886320538502      0.463072243856
    22     -2.870408010452      1.936293842487      0.225396675831      0.974267077615
    23     -3.864508988198      2.044752341669     -0.994100977746      0.108458499181
    24     -4.123351218618      3.010671955172     -0.258842230420      0.965919613504
    25     -3.788837257665      3.953062749868      0.334513960953      0.942390794696
    26     -2.789488514583      3.916978269815      0.999348743082     -0.036084480053
    27     -3.567903904017      4.544727807045     -0.778415389434      0.627749537230
    28     -4.467725441877      4.980985987487     -0.899821537861      0.436258180442
    29     -5.278498776164      4.395625756168     -0.810773334287     -0.585360231318
    30     -6.199780801616      4.784520895735     -0.921282025452      0.388895139566
    31     -6.058843363617      3.794502391579      0.140937438000     -0.990018504155
    32     -5.352400821280      3.086731994927      0.706442542337     -0.707770396652
    33     -4.687265317602      2.340009314311      0.665135503678     -0.746722680616
    34     -4.209448786045      1.461549661185      0.477816531557     -0.878459653126
    35     -5.197134983136      1.305101663192     -0.987686197091     -0.156447997993
    36     -5.919935105506      0.614044514251     -0.722800122370     -0.691057148940
    37     -6.902100564855      0.802063158176     -0.982165459348      0.188018643925
    38     -7.437480099405      1.646674757661     -0.535379534550      0.844611599485
    39     -7.627793952842      0.664951457953     -0.190313853437     -0.981723299708
    40     -8.286746996594      1.417135535244     -0.658953043752      0.752184077291
    41     -9.056991083421      0.779386331632     -0.770244086827     -0.637749203612
    42     -8.997116459429      1.777592236945      0.059874623992      0.998205905313
    43     -9.994454405298      1.704674326054     -0.997337945870     -0.072917910891
    44    -10.957837404814      1.436545259663     -0.963382999516     -0.268129066391
    45    -11.696258371255      2.110885289855     -0.738420966441      0.674340030193
    46    -10.812075375437      1.643744593806      0.884182995818     -0.467140696050
    47    -10.412957868542      2.560644378782      0.399117506894      0.916899784977
    48     -9.682958347223      1.877196722503      0.729999521319     -0.683447656279
    49     -9.858957694492      2.861587005755     -0.175999347269      0.984390283252
    50     -9.039587352599      2.288322457029      0.819370341893     -0.573264548727
    51     -8.079531793576      2.568131898594      0.960055559023      0.279809441565
    52     -7.572102445709      3.429825264544      0.507429347867      0.861693365951
    53     -8.458465102729      2.966833644491     -0.886362657020     -0.462991620054
    54     -8.792469662241      2.024262186072     -0.334004559512     -0.942571458419
    55     -8.956829060595      3.010662707246     -0.164359398354      0.986400521174
    56     -9.861888378119      2.585377353909     -0.905059317524     -0.425285353337
    57    -10.847983625655      2.751558468321     -0.986095247536      0.166181114412
    58    -11.830857356738      2.567278168920     -0.982873731083     -0.184280299401
    59    -11.406646220537      1.661714856985      0.424211136201     -0.905563311935
    60    -11.306309081648      0.666761361308      0.100337138889     -0.994953495677
    61    -12.298811621901      0.788985367102     -0.992502540253      0.122224005794
    62    -12.256911966822      1.788107190957      0.041899655079      0.999121823855
    63    -11.824371943470      0.886492457161      0.432540023353     -0.901614733796
    64    -11.273970132859      1.721392359471      0.550401810610      0.834899902310
    65    -11.755712892971      0.845079679499     -0.481742760111     -0.876312679972
    66    -11.681559820340     -0.152167191552      0.074153072631     -0.997246871050
    67    -12.639543899961     -0.438988570100     -0.957984079621     -0.286821378549
    68    -11.992810977995      0.323727974657      0.646732921966      0.762716544757
    69    -11.447013841580      1.161645324925      0.545797136415      0.837917350268
    70    -11.926160979537      2.039379920453     -0.479147137957      0.877734595528
    71    -11.092585553009      1.486974264899      0.833575426528     -0.552405655554
    72    -11.629117743291      0.643094410422     -0.536532190282     -0.843879854477
    73    -11.801640764360      1.628099896296     -0.172523021069      0.985005485874
    74    -12.470547855589      2.371445914853     -0.668907091229      0.743346018557
    75    -11.740151642988      1.688422216422      0.730396212601     -0.683023698431
    76    -11.847897776793      0.694243776377     -0.107746133806     -0.994178440045
    77    -12.498647269201     -0.065048722026     -0.650749492407     -0.759292498403
    78    -13.000951170305     -0.929739875523     -0.502303901104     -0.864691153497
    79    -12.164509187570     -1.477795355851      0.836441982735     -0.548055480328
    80    -11.935426372219     -2.451202292189      0.229082815351     -0.973406936338
    81    -12.680357439311     -1.784060848955     -0.744931067093      0.667141443234
    82    -13.680184225866     -1.765449108381     -0.999826786555      0.018611740574
    83    -14.586915887192     -1.343741040698     -0.906731661326      0.421708067684
    84    -14.759166153701     -0.358687820974     -0.172250266508      0.985053219724
    85    -14.381049342862      0.567070072517      0.378116810839      0.925757893491
    86    -15.136719181841     -0.087882669639     -0.755669838979     -0.654952742156
    87    -16.062532640994     -0.465863408368     -0.925813459154     -0.377980738729
    88    -16.433777665201     -1.394398346861     -0.371245024206     -0.928534938493
    89    -15.756942356612     -2.130532821701      0.676835308589     -0.736134474840
    90    -15.164098806459     -2.935850476445      0.592843550153     -0.805317654744
    91    -15.450860214221     -3.893852509333     -0.286761407762     -0.958002032888
    92    -14.742865463839     -4.600070204829      0.707994750382     -0.706217695496
    93    -14.097500502226     -3.836195826202      0.645364961613      0.763874378627
    94    -13.515210809659     -4.649177199870      0.582289692566     -0.812981373668
    95    -14.248923837945     -5.328636685140     -0.733713028286     -0.679459485270
    96    -14.853664922510     -4.532214547930     -0.604741084565      0.796422137211
    97    -15.188514697125     -3.589943022073     -0.334849774615      0.942271525857
    98    -14.235194928867     -3.891905634739      0.953319768258     -0.301962612666
    99    -13.425083196904     -4.478181151656      0.810111731963     -0.586275516917
   100    -14.277917254337     -5.000363179766     -0.852834057434     -0.522182028110
   101    -14.581764414486     -4.047642389991     -0.303847160149      0.952720789775
   102    -14.284488929491     -5.002434140071      0.297275484995     -0.954791750080
   103    -13.854218878851     -4.099733922101      0.430270050639      0.902700217970
   104    -14.483127915499     -3.322255032598     -0.628909036647      0.777478889503
   105    -15.251046567333     -3.962802411146     -0.767918651834     -0.640547378548
   106    -15.697700292323     -4.857509318436     -0.446653724990     -0.894706907290
   107    -14.701854157445     -4.766457269321      0.995846134878      0.091052049115
   108    -14.932445981202     -3.793406699814     -0.230591823757      0.973050569506
   109    -15.168239316790     -2.821603477504     -0.235793335588      0.971803222310
   110    -14.176101663273     -2.696452063319      0.992137653518      0.125151414185
   111    -14.403135461939     -3.670338942922     -0.227033798667     -0.973886879603
   112    -14.068599423595     -4.612721900668      0.334536038344     -0.942382957745
   113    -13.278855656131     -3.999285040224      0.789743767464      0.613436860444
   114    -12.374131187373     -4.425282265133      0.904724468758     -0.425997224910
   115    -11.375256837191     -4.472716773138      0.998874350181     -0.047434508005
   116    -11.978124262773     -3.674875393431     -0.602867425582      0.797841379707
   117    -12.664580750898     -4.402046274250     -0.686456488125     -0.727170880819
   118    -11.664642757195     -4.390910352631      0.999937993702      0.011135921620
   119    -12.221174925024     -5.221736415157     -0.556532167828     -0.830826062526
   120    -13.070418553870     -4.693735223053     -0.849243628847      0.528001192104
   121    -14.014385008711     -5.023776632781     -0.943966454841     -0.330041409728
   122    -13.754856748421     -5.989512146320      0.259528260291     -0.965735513539
   123    -14.243074493458     -5.116790292903     -0.488217745037      0.872721853416
   124    -14.063387278336     -4.133066497968      0.179687215122      0.983723794935
   125    -13.805154206118     -3.166983851186      0.258233072218      0.966082646782
   126    -14.758345452000     -3.469351919563     -0.953191245882     -0.302368068377
   127    -13.894541165353     -3.973179424140      0.863804286648     -0.503827504578
   128    -12.911902813635     -3.787648106747      0.982638351718      0.185531317393
   129    -12.023946786505     -4.247576464085      0.887956027130     -0.459928357338
   130    -12.498898652522     -3.367564688615     -0.474951866017      0.880011775470
   131    -13.034289530943     -4.212169097379     -0.535390878421     -0.844604408764
   132    -12.246641340419     -3.596043843908      0.787648190524      0.616125253471
   133    -11.779301869142     -4.480121792160      0.467339471277     -0.884077948252
   134    -12.654221569220     -4.964389815485     -0.874919700079     -0.484268023324
   135    -11.686149877865     -5.215063309093      0.968071691355     -0.250673493608
   136    -10.686191374321     -5.224173259122      0.999958503544     -0.009109950029
   137    -11.638876947682     -4.920215699074     -0.952685573361      0.303957560048
   138    -12.118028297116     -4.042483402564     -0.479151349434      0.877732296509
   139    -12.025968139260     -3.046729955502      0.092060157856      0.995753447062
   140    -12.986661660161     -2.769118790564     -0.960693520901      0.277611164939
   141    -12.241356492936     -3.435842277257      0.745305167225     -0.666723486693
   142    -13.189324320705     -3.117476139742     -0.947967827768      0.318366137515
   143    -13.521416390191     -2.174229163927     -0.332092069486      0.943246975815
   144    -13.054064212463     -3.058300395205      0.467352177727     -0.884071231278
   145    -14.048537470055     -3.163290584913     -0.994473257592     -0.104990189709
   146    -15.042332620102     -3.052064689801     -0.993795150047      0.111225895112
   147    -15.889637987703     -3.583170718795     -0.847305367602     -0.531106028994
   148    -16.450422725137     -4.411132359369     -0.560784737433     -0.827961640574
   149    -15.541938945809     -3.993212244157      0.908483779327      0.417920115212
   150    -14.678966106877     -3.487961930682      0.862972838932      0.505250313475
   151    -15.127924992472     -4.381514346070     -0.448958885595     -0.893552415388
   152    -15.992281816722     -3.878635354291     -0.864356824250      0.502878991779
   153    -15.933307997575     -4.876894884000      0.058973819147     -0.998259529709
   154    -14.933680480577     -4.849603360405      0.999627516998      0.027291523595
   155    -15.658342345501     -4.160498737343     -0.724661864924      0.689104623062
   156    -14.813547090551     -3.625409046530      0.844795254950      0.535089690813
   157    -15.317126934737     -2.761460355618     -0.503579844187      0.863948690912
   158    -15.879227884810     -3.588528987551     -0.562100950073     -0.827068631933
   159    -15.193433454586     -4.316324288081      0.685794430224     -0.727795300530
   160    -14.205539719300     -4.161192190229      0.987893735285      0.155132097852
   161    -13.890814965948     -3.212009210173      0.314724753353      0.949182980056
   162    -14.448072303055     -4.042349056405     -0.557257337107     -0.830339846232
   163    -13.790775221790     -4.795980628833      0.657297081265     -0.753631572428
   164    -14.189220829701     -5.713172592130     -0.398445607911     -0.917191963297
   165    -13.548001265464     -4.945815132767      0.641219564237      0.767357459363
   166    -12.576600225202     -4.708370362392      0.971401040262      0.237444770375
   167    -12.796861806147     -5.683811204248     -0.220261580945     -0.975440841855
   168    -13.789733716942     -5.802997481791     -0.992871910795     -0.119186277544
   169    -12.850481677343     -6.146225694658      0.939252039600     -0.343228212867
   170    -11.880961304239     -5.901214988491      0.969520373104      0.245010706167
   171    -12.554378795290     -5.161952597492     -0.673417491051      0.739262391000
   172    -12.088345385667     -4.277185474958      0.466033409623      0.884767122533
   173    -12.169821930917     -5.273860734295     -0.081476545250     -0.996675259337
   174    -11.537416403943     -4.499223238783      0.632405526974      0.774637495512
   175    -11.913958514054     -3.572823735700     -0.376542110111      0.926399503083
   176    -12.910889644176     -3.651107334198     -0.996931130122     -0.078283598498
   177    -12.097332374343     -4.232592130820      0.813557269833     -0.581484796621
   178    -13.095106192568     -4.299281017937     -0.997773818225     -0.066688887118
   179    -12.294830114041     -4.898912736692      0.800276078528     -0.599631718755
   180    -11.297181931319     -4.830370023635      0.997648182721      0.068542713057
   181    -10.657028568897     -4.062122880732      0.640153362423      0.768247142903
   182    -10.370426030336     -3.104073307437      0.286602538561      0.958049573295
   183    -10.844026221203     -3.984813257258     -0.473600190867     -0.880739949821
   184    -11.472525501393     -3.207003090958     -0.628499280190      0.777810166300
   185    -10.703795562559     -2.567429575918      0.768729938834      0.639573515040
   186    -10.985317919667     -1.607874907101     -0.281522357108      0.959554668817
   187    -11.286256670631     -2.561518377256     -0.300938750964     -0.953643470154
   188    -10.643220480043     -3.327354167484      0.643036190588     -0.765835790228
   189    -11.393485415271     -2.666216869362     -0.750264935228      0.661137298122
   190    -11.527864171151     -3.657146912285     -0.134378755880     -0.990930042923
   191    -12.043022215974     -2.800051708207     -0.515158044823      0.857095204078
   192    -11.145425568814     -3.240869424510      0.897596647160     -0.440817716303
   193    -11.872577481224     -2.554392843498     -0.727151912411      0.686476581012
   194    -10.873547501590     -2.510357632679      0.999029979634      0.044035210819
   195    -10.080738032901     -3.119827194148      0.792809468689     -0.609469561469
   196     -9.980207555753     -4.114761173447      0.100530477148     -0.994933979299
   197     -9.056803818105     -3.730931084348      0.923403737648      0.383830089099
   198     -8.855262509385     -2.751451068789      0.201541308720      0.979480015559
   199     -7.867352301760     -2.906478233092      0.987910207624     -0.155027164303
   200     -8.476204500533     -3.699761915043     -0.608852198773     -0.793283681951
   201     -9.109408829689     -2.925777239783     -0.633204329156      0.773984675261
   202     -9.892498346009     -3.547686243923     -0.783089516320     -0.621909004140
   203    -10.072039648658     -2.563935807763     -0.179541302649      0.983750436159
   204    -11.071609919346     -2.593249182791     -0.999570270689     -0.029313375028
   205    -12.059363978607     -2.749268150913     -0.987754059261     -0.156018968122
   206    -12.331246676298     -1.786937750948     -0.271882697691      0.962330399965
   207    -13.090783672745     -2.437401855283     -0.759536996447     -0.650464104335
   208    -12.771417038108     -1.489770622851      0.319366634637      0.947631232432
   209    -13.540430238889     -0.850537725525     -0.769013200781      0.639232897326
   210    -13.937644720317     -1.768263531931     -0.397214481428     -0.917725806406
   211    -13.257178672745     -1.035483921064      0.680466047572      0.732779610866
   212    -13.117402215271     -2.025667006123      0.139776457474     -0.990183085059
   213    -14.058444745932     -1.687378733362     -0.941042530661      0.338288272761
   214    -14.633100944799     -0.868983808461     -0.574656198866      0.818394924901
   215    -14.002654994428     -0.092750658137      0.630445950371      0.776233150323
   216    -14.310658590494     -1.044135850796     -0.308003596066     -0.951385192659
   217    -15.039971268285     -1.728316395691     -0.729312677791     -0.684180544895
   218    -14.583864536776     -2.618241476511      0.456106731509     -0.889925080820
   219    -15.303021249734     -3.313089389516     -0.719156712958     -0.694847913005
   220    -16.302884847577     -3.296573163898     -0.999863597843      0.016516225618
   221    -15.496810648200     -2.704758678524      0.806074199377      0.591814485374
   222    -14.721736414933     -2.072888491757      0.775074233267      0.631870186767
   223    -15.173951506694     -2.964797405707     -0.452215091761     -0.891908913950
   224    -15.914159899281     -3.637174930274     -0.740208392587     -0.672377524567
   225    -15.000868413018     -3.229868336762      0.913291486263      0.407306593513
   226    -15.791722783691     -3.841872719416     -0.790854370673     -0.612004382654
   227    -14.902671676032     -3.384064759709      0.889051107659      0.457807959707
   228    -14.082192227474     -3.955740782028      0.820479448558     -0.571676022319
   229    -13.981485842840     -2.960824592546      0.100706384634      0.994916189482
   230    -13.221384340786     -3.610628952777      0.760101502054     -0.649804360232
   231    -12.977669188927     -2.640782096436      0.243715151860      0.969846856341
   232    -12.128028258833     -2.113420465381      0.849640930094      0.527361631055
   233    -11.135748034953     -1.989404509566      0.992280223880      0.124015955815
   234    -10.265507718947     -1.496777071843      0.870240316006      0.492627437723
   235    -10.415807398994     -0.508136588058     -0.150299680047      0.988640483785
   236     -9.429593770629     -0.342659462067      0.986213628365      0.165477125991
   237     -8.433040934473     -0.259698960922      0.996552836156      0.082960501145
   238     -7.892344868749     -1.100916985284      0.540696065724     -0.841218024361
   239     -8.850862069209     -1.385951678650     -0.958517200460     -0.285034693367
   240     -9.173664933518     -2.332417901393     -0.322802864309     -0.946466222743
   241     -8.453374988282     -1.638744783281      0.720289945236      0.693673118113
   242     -9.073640355035     -0.854352741756     -0.620265366753      0.784392041524
   243     -8.399436828619     -1.592898342899      0.674203526416     -0.738545601143
   244     -7.410804155045     -1.442547297868      0.988632673574      0.150351045031
   245     -6.536350158566     -0.957438848093      0.874453996478      0.485108449775
   246     -6.979150101323     -1.854059286570     -0.442799942756     -0.896620438477
   247     -7.261644538521     -2.813328223288     -0.282494437198     -0.959268936718
   248     -6.299906471806     -3.087298825782      0.961738066715     -0.273970602494
   249     -7.243295015922     -3.418988522381     -0.943388544116     -0.331689696599
   250     -8.200095452958     -3.128243060354     -0.956800437035      0.290745462027
   251     -8.896777547242     -2.410863063767     -0.696682094284      0.717379996587
   252     -9.301194353336     -1.496288273524     -0.404416806095      0.914574790243
   253     -8.313954176678     -1.337049981672      0.987240176658      0.159238291852
   254     -9.165555782084     -1.861239552028     -0.851601605406     -0.524189570355
   255     -8.506062434814     -1.109529152401      0.659493347270      0.751710399626
   256     -7.530202630696     -0.891131252443      0.975859804118      0.218397899959
   257     -7.513342413490      0.108726603993      0.016860217206      0.999857856435
   258     -8.119173656902     -0.686866573772     -0.605831243411     -0.795593177765
   259     -9.096901804152     -0.476991205818     -0.977728147251      0.209875367954
   260     -9.813475924434      0.220519747603     -0.716574120281      0.697510953421
   261     -9.208404780752     -0.575651660502      0.605071143682     -0.796171408105
   262     -8.208655374589     -0.553265841840      0.999749406163      0.022385818662
   263     -8.873073520487     -1.300626884042     -0.664418145898     -0.747361042203
   264     -9.536539368604     -0.552420316053     -0.663465848117      0.748206567989
   265     -8.836824329288      0.162001732708      0.699715039316      0.714422048761
   266     -9.601133712578     -0.482847991348     -0.764309383290     -0.644849724055
   267    -10.599237339399     -0.544404064384     -0.998103626821     -0.061556073037
   268    -11.209535456219     -1.336575894612     -0.610298116820     -0.792171830227
   269    -10.410841596897     -1.938313477851      0.798693859321     -0.601737583239
   270    -11.255778730992     -1.403447850401     -0.844937134095      0.534865627450
   271    -10.267124383972     -1.553656312609      0.988654347020     -0.150208462208
   272    -10.903089695393     -2.325373957003     -0.635965311421     -0.771717644394
   273    -10.889489378388     -1.325466445591      0.013600317006      0.999907511412
   274     -9.904782611549     -1.151246517503      0.984706766838      0.174219928088
   275    -10.440786519629     -1.995462017552     -0.536003908080     -0.844215500049
   276    -11.423508341855     -1.810373335779     -0.982721822226      0.185088681773
   277    -10.546698442863     -1.329536148127      0.876809898992      0.480837187652
   278    -11.267678547864     -2.022491910202     -0.720980105001     -0.692955762075
   279    -11.077434053870     -1.040755167229      0.190244493994      0.981736742974
   280    -11.909410996192     -0.485944958739     -0.831976942322      0.554810208489
   281    -10.956949977188     -0.790605437435      0.952461019003     -0.304660478696
   282    -11.400117207896      0.105833520680     -0.443167230708      0.896438958115
   283    -12.259212192238      0.617649706316     -0.859094984342      0.511816185636
   284    -11.875550633977      1.541123478934      0.383661558262      0.923473772617
   285    -12.571747083939      2.258974788788     -0.696196449963      0.717851309854
   286    -11.601086431526      2.018521263430      0.970660652413     -0.240453525358
   287    -11.830041172035      1.045084194690     -0.228954740509     -0.973437068741
   288    -12.629891585916      1.645283591069     -0.799850413881      0.600199396380
   289    -13.307221605350      2.380962899446     -0.677330019434      0.735679308377
   290    -14.149517281628      1.841947135554     -0.842295676278     -0.539015763892
   291    -14.975045430916      2.406308079218     -0.825528149288      0.564360943664
   292    -15.750273512275      3.037989503571     -0.775228081359      0.631681424353
   293    -16.731985069550      2.847615087453     -0.981711557275     -0.190374416118
   294    -17.459867166452      3.533317393858     -0.727882096902      0.685702306406
   295    -16.749264671396      4.236911093390      0.710602495056      0.703593699531
   296    -15.763963454024      4.066085126260      0.985301217372     -0.170825967130
   297    -16.684793729217      4.456048719803     -0.920830275193      0.389963593543
   298    -16.017845530562      5.201152806700      0.666948198655      0.745104086897
   299    -16.499996759743      4.325064801874     -0.482151229181     -0.876088004826
   300    -17.482609027216      4.510734217265     -0.982612267473      0.185669415390
   301    -18.371393574138      4.052408973413     -0.888784546923     -0.458325243852
   302    -19.165288654095      3.444354204482     -0.793895079957     -0.608054768931
   303    -18.224042567240      3.782075693256      0.941246086855      0.337721488774
   304    -19.190911965170      4.037347249345     -0.966869397929      0.255271556088
   305    -18.195188418108      3.944964254014      0.995723547062     -0.092382995330
   306    -19.192978467836      3.878518662268     -0.997790049729     -0.066445591747
   307    -18.196007773183      3.800740554788      0.996970694653     -0.077778107479
   308    -18.869754680238      3.061778373595     -0.673746907055     -0.738962181194
   309    -18.035538065798      2.510341486733      0.834216614440     -0.551436886862
   310    -17.463786958438      1.689914359418      0.571751107359     -0.820427127314
   311    -18.300335819675      2.237806687128     -0.836548861237      0.547892327710
   312    -17.303513951673      2.158143876028      0.996821868002     -0.079662811100
   313    -16.547743039953      1.503307767526      0.755770911720     -0.654836108502
   314    -15.886765348818      0.752902215960      0.660977691136     -0.750405551566
   315    -15.516051023192     -0.175844729540      0.370714325626     -0.928746945500
   316    -15.713596102975      0.804449074099     -0.197545079784      0.980293803639
   317    -14.807806671705      0.380720970006      0.905789431270     -0.423728104094
   318    -13.853469408248      0.679452266623      0.954337263456      0.298731296618
   319    -14.586756672782     -0.000466690071     -0.733287264534     -0.679918956694
   320    -14.637646732286     -0.999170951524     -0.050890059504     -0.998704261453
   321    -14.049155770419     -0.190667155738      0.588490961867      0.808503795786
   322    -13.051964975692     -0.265570552940      0.997190794727     -0.074903397202
   323    -13.673199953526      0.518053784556     -0.621234977834      0.783624337496
   324    -14.177672749820     -0.345373802332     -0.504472796293     -0.863427586888
   325    -13.897934819786      0.614702595930      0.279737930033      0.960076398262
   326    -12.911078161906      0.453104524171      0.986856657881     -0.161598071759
   327    -13.684281576498      1.087262611451     -0.773203414593      0.634158087280
   328    -14.682281213639      1.150482262408     -0.997999637141      0.063219650957
   329    -14.338905595751      2.089680423096      0.343375617888      0.939198160688
   330    -15.338768926123      2.073148013170     -0.999863330372     -0.016532409927
   331    -14.364823746155      1.846364445826      0.973945179968     -0.226783567344
   332    -13.373728887861      1.713206712809      0.991094858295     -0.133157733017
   333    -12.379491139351      1.820404191508      0.994237748509      0.107197478699
   334    -11.471298143309      1.401852543633      0.908192996043     -0.418551647875
   335    -12.393628130743      1.015449393698     -0.922329987434     -0.386403149935
   336    -11.558365882739      1.565301171052      0.835262248004      0.549851777354
   337    -10.563985479717      1.671167190550      0.994380403023      0.105866019498
   338    -11.529373811696      1.410350457043     -0.965388331980     -0.260816733508
   339    -12.452189493391      1.795592222195     -0.922815681695      0.385241765152
   340    -11.978450601715      0.914926870024      0.473738891676     -0.880665352170
   341    -11.501927649478      0.035764839457      0.476522952237     -0.879162030567
   342    -12.370846411941     -0.459189890029     -0.868918762463     -0.494954729486
   343    -11.404120274023     -0.715003443748      0.966726137918     -0.255813553719
   344    -12.392162092946     -0.869189578202     -0.988041818924     -0.154186134454
   345    -11.914353085073     -1.747653323610      0.477809007873     -0.878463745407
   346    -12.688383087414     -1.114504403152     -0.774030002341      0.633148920458
   347    -13.603917999065     -0.712265884923     -0.915534911652      0.402238518229
   348    -12.853128768055     -0.051724038710      0.750789231010      0.660541846213
   349    -12.277563249213     -0.869479707306      0.575565518842     -0.817755668596
   350    -11.309397738008     -1.119790599823      0.968165511205     -0.250310892518
   351    -11.208207605502     -0.124923494586      0.101190132505      0.994867105237
   352    -10.231339231012      0.088917986236      0.976868374491      0.213841480821
   353     -9.338555058530     -0.361566665408      0.892784172481     -0.450484651644
   354     -9.210019489833     -1.353271564851      0.128535568698     -0.991704899443
   355     -9.642095742613     -2.255108640927     -0.432076252780     -0.901837076075
   356     -8.860315763862     -1.631554260921      0.781779978751      0.623554380006
   357     -8.431854816749     -0.727993960333      0.428460947113      0.903560300588
   358     -9.289018086880     -1.243038743180     -0.857163270131     -0.515044782848
   359    -10.225133349674     -0.891345389869     -0.936115262794      0.351693353311
   360     -9.395253788469     -1.449287962087      0.829879561206     -0.557942572218
   361     -8.696786371670     -0.733646104961      0.698467416799      0.715641857126
   362     -8.055951589253     -1.501324932104      0.640834782417     -0.767678827143
   363     -7.304308903451     -2.160895453642      0.751642685801     -0.659570521538
   364     -7.339773182903     -3.160266398228     -0.035464279452     -0.999370944586
   365     -7.028990558695     -4.110747413551      0.310782624209     -0.950481015323
   366     -6.297657869683     -3.428726520922      0.731332689012      0.682020892629
   367     -7.295832630084     -3.368334901486     -0.998174760401      0.060391619436
   368     -7.078005242531     -4.344322211461      0.217827387553     -0.975987309975
   369     -6.929391487627     -5.333217530417      0.148613754904     -0.988895318956
   370     -7.756054387978     -5.895915006138     -0.826662900351     -0.562697475721
   371     -8.290103371856     -6.741368542898     -0.534048983878     -0.845453536759
   372     -9.115585248633     -7.305797166474     -0.825481876777     -0.564428623577
   373     -9.118005161884     -6.305800094469     -0.002419913251      0.999997072006
   374     -9.964404848305     -5.773251908079     -0.846399686421      0.532548186389
   375    -10.080213149781     -6.766523490935     -0.115808301475     -0.993271582856
   376    -10.918336449012     -7.312004320375     -0.838123299231     -0.545480829440
   377    -10.051192321539     -7.810061608435      0.867144127473     -0.498057288060
   378    -10.866756790655     -7.231395386235     -0.815564469116      0.578666222200
   379    -11.455577952129     -6.423132038185     -0.588821161474      0.808263348049
   380    -11.183198116040     -7.385321845288      0.272379836089     -0.962189807103
   381    -10.499934585219     -6.655149983703      0.683263530821      0.730171861584
   382     -9.525979261148     -6.881889981748      0.973955324071     -0.226739998045
   383     -8.902672496132     -6.099912567314      0.623306765016      0.781977414434
   384     -9.895426233685     -5.979745947265     -0.992753737553      0.120166620049
   385     -9.537896886130     -6.913647850913      0.357529347555     -0.933901903648
   386    -10.415988685536     -6.435155644273     -0.878091799407      0.478492206640
   387    -10.138591035374     -7.395910838735      0.277397650162     -0.960755194461
   388     -9.138684477328     -7.382240609195      0.999906558046      0.013670229539
   389     -8.200930705217     -7.729541433974      0.937753772111     -0.347300824779
   390     -9.182154549518     -7.536669021809     -0.981223844301      0.192872412165
   391     -8.722357193926     -6.648645152879      0.459797355593      0.888023868930
   392     -8.344371027420     -7.574456396022      0.377986166506     -0.925811243143
   393     -8.555204095691     -6.596934315799     -0.210833068271      0.977522080223
   394     -7.843543355180     -5.894411013399      0.711660740511      0.702523302400
   395     -8.406413327254     -5.067865555159     -0.562869972075      0.826545458240
   396     -7.424130864955     -4.880459140491      0.982282462300      0.187406414668
   397     -6.789241518052     -5.653062219173      0.634889346903     -0.772603078682
   398     -7.762382260940     -5.422851240872     -0.973140742888      0.230210978302
   399     -7.090187724606     -4.682476669913      0.672194536334      0.740374570959
   400     -7.013458747849     -5.679528656585      0.076728976757     -0.997051986672
   401     -7.117663569064     -4.684972798306     -0.104204821215      0.994555858278
   402     -7.617751536196     -5.550947408287     -0.500087967132     -0.865974609980
   403     -7.621871865564     -4.550955896880     -0.004120329368      0.999991511407
   404     -8.074332339276     -5.442740354991     -0.452460473712     -0.891784458111
   405     -8.913600175383     -4.899022138195     -0.839267836108      0.543718216795
   406     -8.553915557250     -5.832096077108      0.359684618133     -0.933073938913
   407     -8.405450631763     -6.821013751083      0.148464925487     -0.988917673975
   408     -8.904251117617     -7.687730587952     -0.498800485855     -0.866716836868
   409     -9.442887842825     -8.530268704749     -0.538636725208     -0.842538116798
   410     -8.712418921198     -9.213214642973      0.730468921627     -0.682945938224
   411     -7.712824798453     -9.241703057691      0.999594122745     -0.028488414717
   412     -7.856143312144    -10.231379673376     -0.143318513691     -0.989676615685
   413     -6.856155314469    -10.226480233956      0.999987997675      0.004899439420
   414     -6.465915428725     -9.305767014992      0.390239885744      0.920713218964
   415     -5.555026957680     -8.893114384663      0.910888471045      0.412652630329
   416     -5.946243002960     -9.813413252377     -0.391216045280     -0.920298867714
   417     -6.215002780111     -8.850206014973     -0.268759777150      0.963207237403
   418     -6.003651003563     -7.872795954380      0.211351776548      0.977410060594
   419     -5.178806962896     -8.438156289543      0.824844040667     -0.565360335163
   420     -4.520647146807     -9.191034537659      0.658159816088     -0.752878248116
   421     -3.809579326114     -9.894157965212      0.711067820694     -0.703123427553
   422     -4.319834543946     -9.034134934896     -0.510255217833      0.860023030316
   423     -3.762559942485     -8.203806675371      0.557274601462      0.830328259525
   424     -2.801927553241     -8.481629303563      0.960632389244     -0.277822628192
   425     -2.556731791093     -7.512155715359      0.245195762148      0.969473588204
   426     -3.424604789590     -7.015369585842     -0.867872998497      0.496786129517
   427     -3.832612940074     -7.928347870983     -0.408008150484     -0.912978285141
   428     -3.271933119940     -8.756380563148      0.560679820134     -0.828032692165
   429     -2.821027682215     -9.648952289247      0.450905437725     -0.892571726098
   430     -3.410542248086    -10.456710035496     -0.589514565871     -0.807757746249
   431     -3.567512700312     -9.469106736024     -0.156970452226      0.987603299472
   432     -3.371781895420    -10.449764399032      0.195730804892     -0.980657663008
   433     -3.738738704402    -11.380002379520     -0.366956808982     -0.930237980488
   434     -3.720848202303    -12.379842331679      0.017890502099     -0.999839952160
   435     -3.740158263547    -11.380028788295     -0.019310061244      0.999813543384
   436     -4.205326270784    -12.265251203874     -0.465168007237     -0.885222415579
   437     -4.988076984857    -11.642915828359     -0.782750714074      0.622335375515
   438     -5.553108769468    -10.817846690420     -0.565031784611      0.825069137939
   439     -4.975993373467    -11.634509301110      0.577115396001     -0.816662610690
   440     -3.986301186140    -11.777720244631      0.989692187327     -0.143210943521
   441     -2.992408017499    -11.888066831931      0.993893168641     -0.110346587300
   442     -1.994806531921    -11.957285875353      0.997601485578     -0.069219043422
   443     -1.265829966415    -12.641824527981      0.728976565506     -0.684538652629
   444     -0.346358117472    -12.248668682290      0.919471848943      0.393155845691
   445     -1.171763943069    -11.684128849266     -0.825405825597      0.564539833024
   446     -1.822489272840    -12.443442055521     -0.650725329771     -0.759313206256
   447     -1.324457138691    -13.310600630036      0.498032134149     -0.867158574515
   448     -0.646612386718    -14.045805698179      0.677844751973     -0.735205068143
   449     -1.177435471042    -14.893288354727     -0.530823084324     -0.847482656547
   450     -0.483264029240    -14.173478651134      0.694171441802      0.719809703593
   451      0.516322584185    -14.202229342639      0.999586613425     -0.028750691505
   452      1.067242703668    -13.367671362659      0.550920119483      0.834557979980
   453      0.186262044239    -12.894519085151     -0.880980659430      0.473152277508
   454     -0.604157635427    -12.281953390717     -0.790419679665      0.612565694434
   455     -1.372758855760    -12.921681586205     -0.768601220333     -0.639728195488
   456     -0.463897574477    -12.504583071002      0.908861281283      0.417098515203
   457     -0.155466625049    -13.455829805260      0.308430949428     -0.951246734257
   458     -0.419725598065    -14.420281564126     -0.264258973016     -0.964451758866
   459     -1.235965076735    -14.997995259187     -0.816239478670     -0.577713695061
   460     -2.068869644786    -15.551411901980     -0.832904568051     -0.553416642792
   461     -2.601784579352    -16.397580722320     -0.532914934567     -0.846168820340
   462     -2.669993650254    -17.395251771637     -0.068209070902     -0.997671049318
   463     -3.220568218176    -18.230037759276     -0.550574567922     -0.834785987639
   464     -2.534120631987    -17.502858475044      0.686447586189      0.727179284232
   465     -3.515624323534    -17.694301687200     -0.981503691547     -0.191443212156
   466     -3.488119220881    -18.693923350295      0.027505102652     -0.999621663095
   467     -2.650439542585    -18.147761509290      0.837679678296      0.546161841004
   468     -2.710359929944    -17.149558350019     -0.059920387359      0.998203159271
   469     -3.432165778616    -16.457462751982     -0.721805848672      0.692095598037
   470     -4.125245081828    -17.178324097499     -0.693079303211     -0.720861345517
   471     -4.984727194134    -16.667158274478     -0.859482112307      0.511165823021
   472     -4.780836048539    -17.646151839701      0.203891145595     -0.978993565223
   473     -3.856255075650    -17.265166243421      0.924580972888      0.380985596280
   474     -3.863941767621    -18.265136700368     -0.007686691971     -0.999970456947
   475     -3.872923172537    -17.265177033998     -0.008981404916      0.999959666369
   476     -3.825673939618    -18.264060165295      0.047249232919     -0.998883131296
   477     -3.037486860840    -17.648624442537      0.788187078779      0.615435722758
   478     -2.272862141664    -17.004148656471      0.764624719176      0.644475786066
   479     -1.387233865552    -16.539753828173      0.885628276113      0.464394828298
   480     -1.857928207077    -17.422050171164     -0.470694341526     -0.882296342991
   481     -1.061276029526    -16.817612161106      0.796652177551      0.604438010058
   482     -0.787424964254    -17.779384272392      0.273851065273     -0.961772111287
   483     -0.159650730718    -17.000988799828      0.627774233536      0.778395472564
   484     -0.912379267257    -16.342657765865     -0.752728536539      0.658331033963
   485     -1.912323287592    -16.332076830326     -0.999944020335      0.010580935539
   486     -1.322054291393    -17.139283440883      0.590268996199     -0.807206610557
   487     -1.060075543640    -16.174209798239      0.261978747753      0.965073642644
   488     -0.317448079495    -15.504505050235      0.742627464144      0.669704748003
   489     -0.000413158744    -14.556091185393      0.317034920751      0.948413864842
   490      0.962295328465    -14.826632067066      0.962708487209     -0.270540881672
   491      0.249438506609    -14.125322469574     -0.712856821856      0.701309597492
   492      0.349277263217    -13.130318840094      0.099838756608      0.995003629480
   493     -0.534233434950    -12.661907860052     -0.883510698168      0.468410980041
   494      0.077662422118    -11.870969518522      0.611895857068      0.790938341530
   495     -0.818466850075    -11.427176405102     -0.896129272193      0.443793113420
   496     -1.512634926667    -12.146989354028     -0.694168076592     -0.719812948925
   497     -2.487352805943    -11.923550199402     -0.974717879276      0.223439154625
   498     -3.172489276545    -11.195135470933     -0.685136470601      0.728414728470
   499     -3.311033313512    -12.185491745119     -0.138544036967     -0.990356274187
   500     -3.843918818270    -13.031679099562     -0.532885504758     -0.846187354443
   501     -4.302406264104    -12.142978215118     -0.458487445835      0.888700884444
   502     -5.142168054585    -12.685933218087     -0.839761790481     -0.542955002969
   503     -5.951732010011    -12.098901530633     -0.809563955426      0.587031687454
   504     -6.196433997447    -11.129303192482     -0.244701987436      0.969598338151
   505     -5.359171992943    -11.676105108915      0.837262004503     -0.546801916433
   506     -4.791966908892    -12.499681694683      0.567205084052     -0.823576585768
   507     -5.383338370963    -11.693282417745     -0.591371462072      0.806399276939
   508     -5.693278534549    -12.644038482672     -0.309940163585     -0.950756064928
   509     -6.030329581795    -11.702552109138     -0.337051047246      0.941486373534
   510     -6.189207269724    -12.689850382346     -0.158877687930     -0.987298273207
   511     -7.186337638608    -12.765553932126     -0.997130368884     -0.075703549781
   512     -7.032635464569    -13.753671152751      0.153702174040     -0.988117220625
   513     -6.353171818711    -13.019961977425      0.679463645857      0.733709175327
   514     -7.195661162965    -13.558674985267     -0.842489344254     -0.538713007842
   515     -7.734882934777    -14.400838794038     -0.539221771812     -0.842163808771
   516     -8.690366209893    -14.105793524674     -0.955483275116      0.295045269364
   517     -8.220051060607    -13.223294991898      0.470315149286      0.882498532776
   518     -9.217906953453    -13.288744339581     -0.997855892846     -0.065449347683
   519     -9.744328888095    -14.138967808281     -0.526421934642     -0.850223468700
   520     -8.860866104745    -14.607469153462      0.883462783350     -0.468501345181
   521     -9.810428110132    -14.921048486208     -0.949562005387     -0.313579332746
   522    -10.544104285282    -14.241549207315     -0.733676175150      0.679499278893
   523    -10.332349078579    -15.218871944405      0.211755206704     -0.977322737090
   524    -10.860529391395    -14.369739706675     -0.528180312817      0.849132237730
   525    -11.857190325269    -14.288088112144     -0.996660933874      0.081651594531
   526    -11.187171373736    -13.545744118710      0.670018951533      0.742343993433
   527    -11.574848894419    -14.467539182679     -0.387677520683     -0.921795063969
   528    -11.165045057553    -15.379712858736      0.409803836865     -0.912173676057
   529    -11.502420480262    -16.321083043176     -0.337375422708     -0.941370184440
   530    -12.113884570374    -15.529810860862     -0.611464090113      0.791272182313
   531    -11.426764292472    -14.803267177595      0.687120277902      0.726543683268
   532    -10.468767489825    -15.090046057775      0.957996802647     -0.286778880180
   533    -10.049619151676    -14.182128291329      0.419148338149      0.907917766445
   534    -10.490356476148    -15.079764415167     -0.440737324471     -0.897636123837
   535     -9.510572865440    -15.279824596585      0.979783610707     -0.200060181419
   536     -8.510911141554    -15.253816178786      0.999661723886      0.026008417799
   537     -9.452724005621    -15.589953842664     -0.941812864067     -0.336137663878
   538     -8.554269686411    -16.029020849272      0.898454319211     -0.439067006608
   539     -9.528563804455    -16.254300612109     -0.974294118045     -0.225279762836
   540    -10.379982026413    -16.778787991669     -0.851418221958     -0.524487379561
   541    -10.686228588878    -15.826835764413     -0.306246562465      0.951952227256
   542    -11.353624179656    -15.082132383590     -0.667395590778      0.744703380823
   543    -11.693978299518    -14.141835051310     -0.340354119861      0.940297332280
   544    -12.283461119498    -14.949615965263     -0.589482819980     -0.807780913954
   545    -13.204167652907    -14.559360306317     -0.920706533408      0.390255658946
   546    -14.065541291538    -15.067332209743     -0.861373638632     -0.507971903426
   547    -13.092433531509    -14.836981851875      0.973107760030      0.230350357869
   548    -13.379141039273    -13.878963686603     -0.286707507765      0.958018165272
   549    -14.034084137025    -14.634641884454     -0.654943097752     -0.755678197851
   550    -14.140666877081    -15.628945721076     -0.106582740056     -0.994303836622
   551    -14.146447445448    -14.628962428701     -0.005780568367      0.999983292375
   552    -13.201681810994    -14.956709123505      0.944765634454     -0.327746694804
   553    -14.117806704380    -15.357602101391     -0.916124893386     -0.400892977886
   554    -14.516680707936    -16.274607842533     -0.398874003556     -0.917005741142
   555    -15.349210479966    -15.720627537211     -0.832529772030      0.553980305322
   556    -14.734730453017    -16.509559914846      0.614480026949     -0.788932377635
   557    -15.010983726350    -15.548475043998     -0.276253273333      0.961084870848
   558    -14.119030208221    -16.000602151675      0.891953518129     -0.452127107677
   559    -14.016692411443    -15.005852446799      0.102337796778      0.994749704876
   560    -14.757018291528    -14.333604284827     -0.740325880085      0.672248161973
   561    -15.120799286895    -13.402119777489     -0.363780995367      0.931484507338
   562    -16.117945569469    -13.326626127762     -0.997146282574      0.075493649727
   563    -16.336725056236    -14.302400454217     -0.218779486767     -0.975774326456
   564    -15.387691913230    -13.987224164695      0.949033143006      0.315176289522
   565    -14.736818197035    -13.228038149567      0.650873716196      0.759186015128
   566    -14.136009277497    -12.428645478720      0.600808919538      0.799392670847
   567    -14.092247761259    -13.427687484692      0.043761516238     -0.999042005972
   568    -15.089019378489    -13.347398362865     -0.996771617230      0.080289121828
   569    -14.881218726275    -14.325569558995      0.207800652215     -0.978171196130
   570    -15.132509558573    -15.293481185954     -0.251290832299     -0.967911626959
   571    -15.341832337696    -14.315634585438     -0.209322779122      0.977846600516
   572    -15.986392290885    -13.551080815750     -0.644559953189      0.764553769689
   573    -15.017891339815    -13.302070960972      0.968500951070      0.249009854778
   574    -15.242344749505    -12.327586139706     -0.224453409691      0.974484821266
   575    -16.023760748792    -12.951596585178     -0.781415999287     -0.624010445472
   576    -15.965304641753    -13.949886564868      0.058456107039     -0.998289979690
   577    -15.163660273063    -14.547687791153      0.801644368690     -0.597801226284
   578    -14.739314124448    -15.453187844248      0.424346148615     -0.905500053095
   579    -14.334511917348    -14.538783571988      0.404802207100      0.914404272260
   580    -14.827365905367    -15.408895602989     -0.492853988019     -0.870112031002
   581    -14.174191945232    -14.651687720171      0.653173960135      0.757207882818
   582    -14.272877302138    -13.656569033615     -0.098685356906      0.995118686556
   583    -13.317893066031    -13.359912483398      0.954984236107      0.296656550217
   584    -14.077987295888    -14.009725350106     -0.760094229857     -0.649812866707
   585    -14.375289241819    -14.964508861141     -0.297301945931     -0.954783511036
   586    -15.301976335102    -15.340342642409     -0.926687093284     -0.375833781267
   587    -14.654591740347    -14.578179151763      0.647384594755      0.762163490646
   588    -13.674507995048    -14.379594529495      0.980083745299      0.198584622268
   589    -14.289162047658    -15.168391331980     -0.614654052609     -0.788796802485
   590    -13.530623344898    -14.516763342698      0.758538702760      0.651627989282
   591    -14.388359189761    -15.030854016059     -0.857735844863     -0.514090673361
   592    -15.005857252330    -14.244281614609     -0.617498062570      0.786572401450
   593    -14.454841586624    -13.409786715796      0.551015665706      0.834494898814
   594    -13.626809461737    -12.849106057885      0.828032124887      0.560680657911
   595    -12.938401827099    -12.123782041619      0.688407634639      0.725324016265
   596    -12.481182824809    -11.234427902963      0.457219002290      0.889354138656
   597    -12.174298592531    -12.186174753748      0.306884232278     -0.951746850785
   598    -11.385892268627    -11.571019920858      0.788406323904      0.615154832890
   599    -10.704268253243    -12.302722525508      0.681624015384     -0.731702604650
   600     -9.959866398591    -12.970454416907      0.744401854652     -0.667731891399
   601     -9.628200842254    -13.913851448246      0.331665556338     -0.943397031339
   602     -8.734932724461    -13.464327177784      0.893268117793      0.449524270463
   603     -8.030049829117    -12.755003483091      0.704882895343      0.709323694692
   604     -9.024280561919    -12.647740954904     -0.994230732801      0.107262528187
   605     -8.024314461649    -12.639506981899      0.999966100270      0.008233973005
   606     -7.097633681956    -12.263657633692      0.926680779693      0.375849348207
   607     -8.011179500289    -11.856921800740     -0.913545818333      0.406735832952
   608     -8.717387800475    -12.564925922725     -0.706208300187     -0.708004121985
   609     -9.648860583832    -12.928736936667     -0.931472783357     -0.363811013941
   610     -8.653984166771    -13.029835476595      0.994876417061     -0.101098539929
   611     -9.569539609317    -13.432027261227     -0.915555442546     -0.402191784631
   612    -10.390441289851    -14.003096811191     -0.820901680534     -0.571069549964
   613    -11.076991012103    -13.276013955612     -0.686549722252      0.727082855578
   614    -11.034305469364    -12.276925398756      0.042685542739      0.999088556856
   615    -12.031387830145    -12.200592143750     -0.997082360781      0.076333255006
   616    -12.911272144651    -12.675780099286     -0.879884314506     -0.475187955536
   617    -13.107083733734    -13.656421635007     -0.195811589083     -0.980641535721
   618    -14.106849589081    -13.678060361447     -0.999765855347     -0.021638726441
   619    -13.230164357322    -14.159124810784      0.876685231759     -0.481064449337
   620    -13.855156799577    -14.939755611563     -0.624992442255     -0.780630800779
   621    -12.856973786825    -14.879500544931      0.998183012751      0.060255066632
   622    -12.408384091414    -13.985762728135      0.448589695411      0.893737816796
   623    -11.707146656487    -13.272834919829      0.701237434927      0.712927808307
   624    -12.539421180808    -12.718471215960     -0.832274524320      0.554363703869
   625    -13.300988351245    -13.366557201699     -0.761567170437     -0.648085985740
   626    -14.131656763383    -13.923324647835     -0.830668412138     -0.556767446135
   627    -13.136377075044    -13.826276505241      0.995279688338      0.097048142594
   628    -13.725195532864    -13.018011187582     -0.588818457820      0.808265317659
   629    -12.999185004869    -12.330327602464      0.726010527995      0.687683585118
   630    -12.143599001791    -11.812666911144      0.855586003078      0.517660691319
   631    -11.426754596290    -12.509900084696      0.716844405502     -0.697233173552
   632    -11.518613045050    -13.505672159717     -0.091858448760     -0.995772075021
   633    -12.354190818749    -14.055044332383     -0.835577773699     -0.549372172666
   634    -13.337624105535    -13.873773897836     -0.983433286786      0.181270434547
   635    -12.385944055240    -14.180865222802      0.951680050296     -0.307091324966
   636    -11.578377745634    -14.770642007348      0.807566309606     -0.589776784546
   637    -10.893905414065    -15.499680845351      0.684472331569     -0.729038838003
   638    -10.094369635160    -16.100299308480      0.799535778905     -0.600618463129
   639     -9.158228640054    -15.748674455430      0.936140995106      0.351624853050
   640    -10.068982509977    -16.161624075144     -0.910753869922     -0.412949619714
   641     -9.810932837710    -15.195492424362      0.258049672267      0.966131650782
   642    -10.776250247360    -14.934413320208     -0.965317409650      0.261079104154
   643     -9.880270895900    -15.378509032591      0.895979351460     -0.444095712383
   644    -10.671939300460    -15.989460043083     -0.791668404560     -0.610951010492
   645     -9.965572433164    -16.697305964726      0.706366867296     -0.707845921643
   646    -10.287197146515    -15.750438738679     -0.321624713351      0.946867226047
   647     -9.288581949319    -15.697829918800      0.998615197196      0.052608819879
   648     -9.080858914395    -14.719642237033      0.207723034924      0.978187681768
   649    -10.006150848343    -15.098897872417     -0.925291933948     -0.379255635384
   650    -10.642740335587    -14.327695029625     -0.636589487244      0.771202842792
   651    -11.626556904850    -14.506873594315     -0.983816569263     -0.179178564690
   652    -11.058978827419    -15.330193171406      0.567578077430     -0.823319577090
   653    -10.675751033076    -14.406539308943      0.383227794343      0.923653862463
   654    -11.410341911754    -15.085049619081     -0.734590878677     -0.678510310138
   655    -10.776296513299    -14.311753794252      0.634045398455      0.773295824829
   656    -11.628880541485    -14.834343953824     -0.852584028186     -0.522590159573
   657    -10.658474862407    -15.075824425113      0.970405679078     -0.241480471289
   658    -11.645352949439    -15.237291577612     -0.986878087032     -0.161467152499
   659    -10.804702219259    -15.778869226567      0.840650730180     -0.541577648955
   660    -11.804701727243    -15.779861210632     -0.999999507984     -0.000991984065
   661    -11.742517923623    -16.777925925251      0.062183803619     -0.998064714619
   662    -12.742316736897    -16.757867685647     -0.999798813274      0.020058239604
   663    -11.943511876637    -16.156277463631      0.798804860260      0.601590222016
   664    -11.166941550739    -16.786308041408      0.776570325899     -0.630030577777
   665    -10.493500641488    -17.525549099351      0.673440909250     -0.739241057943
   666    -10.603367262807    -16.531602759994     -0.109866621318      0.993946339356
   667    -10.131079060955    -15.650158573224      0.472288201852      0.881444186771
   668    -10.739626803447    -16.443675835233     -0.608547742492     -0.793517262010
   669     -9.873663817383    -16.943783930315      0.865962986065     -0.500108095081
   670    -10.443816481067    -17.765322693913     -0.570152663684     -0.821538763598
   671     -9.629219544209    -18.345350133316      0.814596936858     -0.580027439404
   672    -10.520148879014    -18.799492093923     -0.890929334805     -0.454141960607
   673     -9.522239333737    -18.734865942520      0.997909545277      0.064626151403
   674    -10.429057111608    -18.313343086987     -0.906817777871      0.421522855533
   675    -11.427325898515    -18.372159998559     -0.998268786907     -0.058816911573
   676    -10.892934128431    -17.526923087353      0.534391770084      0.845236911207
   677    -10.791701946175    -16.532060259986      0.101232182256      0.994862827366
   678    -10.811625396077    -15.532258751614     -0.019923449902      0.999801508373
   679    -11.797809319133    -15.366604684635     -0.986183923056      0.165654066979
   680    -12.546860224077    -14.704092238108     -0.749050904944      0.662512446527
   681    -11.827217538207    -14.009747651700      0.719642685870      0.694344586408
   682    -11.404390390583    -14.915958004340      0.422827147624     -0.906210352640
   683    -11.828655228993    -14.010419851147     -0.424264838410      0.905538153193
   684    -10.955952012360    -14.498670909187      0.872703216634     -0.488251058040
   685    -10.177231857887    -13.871299471346      0.778720154473      0.627371437841
   686     -9.795616960881    -12.946978060589      0.381614897005      0.924321410757
   687     -8.847629930909    -13.265287015856      0.947987029973     -0.318308955267
   688     -7.908197961781    -13.608022446446      0.939431969127     -0.342735430590
   689     -7.024556177985    -14.076186090838      0.883641783796     -0.468163644391
   690     -7.296348554121    -15.038542004351     -0.271792376136     -0.962355913514
   691     -6.913258685756    -14.114830927901      0.383089868365      0.923711076450
   692     -6.376671226156    -13.270986215765      0.536587459600      0.843844712136
   693     -5.405000985382    -13.507326951132      0.971670240774     -0.236340735366
   694     -4.848740734317    -12.676318808521      0.556260251064      0.831008142611
   695     -3.863501654418    -12.847502789775      0.985239079900     -0.171183981255
   696     -4.496955420493    -12.073722248378     -0.633453766075      0.773780541397
   697     -3.755616202171    -11.402591736943      0.741339218321      0.671130511435
   698     -4.437329901565    -10.670972688490     -0.681713699394      0.731619048453
   699     -5.044893804378    -11.465243488658     -0.607563902813     -0.794270800168
   700     -4.379664465227    -12.211882575723      0.665229339151     -0.746639087065
   701     -4.576988887535    -11.231544331870     -0.197324422308      0.980338243853
   702     -5.283244647025    -10.523587551983     -0.706255759490      0.707956779887
   703     -4.514504931989    -11.163149316418      0.768739715036     -0.639561764435
   704     -5.456887758063    -10.828612907159     -0.942382826074      0.334536409259
   705     -5.624379346641     -9.842739402212     -0.167491588578      0.985873504947
   706     -5.096582317422    -10.692109931456      0.527797029219     -0.849370529244
   707     -4.137447527479    -10.409160369308      0.959134789944      0.282949562148
   708     -5.136839227691    -10.374285886556     -0.999391700212      0.034874482752
   709     -5.542499007694    -11.288310034425     -0.405659780003     -0.914024147869
   710     -4.913662383811    -12.065847493628      0.628836623883     -0.777537459202
   711     -4.923299012294    -13.065801060245     -0.009636628483     -0.999953566618
   712     -5.498015700171    -13.884153507957     -0.574716687878     -0.818352447711
   713     -5.573681578086    -12.887020279687     -0.075665877915      0.997133228270
   714     -6.520872657795    -12.566350576535     -0.947191079709      0.320669703152
   715     -7.222216440043    -11.853527387307     -0.701343782248      0.712823189229
   716     -8.189380699660    -12.107679497115     -0.967164259617     -0.254152109808
   717     -7.378553889882    -11.522393340994      0.810826809777      0.585286156121
   718     -7.540130408091    -10.535533153955     -0.161576518209      0.986860187039
   719     -6.592290653011    -10.854280387182      0.947839755080     -0.318747233227
   720     -5.924227546029    -10.110175767462      0.668063106982      0.744104619720
   721     -5.232505090295    -10.832339214497      0.691722455734     -0.722163447035
   722     -4.840234221445     -9.912489462934      0.392270868850      0.919849751564
   723     -4.136411613926    -10.622865234723      0.703822607519     -0.710375771790
   724     -5.130402939661    -10.513406364075     -0.993991325735      0.109458870648
   725     -5.900928978745     -9.875997842722     -0.770526039084      0.637408521353
   726     -5.130669119655     -9.238267688602      0.770259859090      0.637730154120
   727     -4.602042496034    -10.087122147740      0.528626623622     -0.848854459138
   728     -5.154328675570    -10.920776738019     -0.552286179536     -0.833654590279
   729     -4.170500811827    -11.099893276959      0.983827863744     -0.179116538940
   730     -3.693774274999    -11.978944930210      0.476726536828     -0.879051653251
   731     -4.430511632199    -12.655123949779     -0.736737357201     -0.676179019569
   732     -5.104412585332    -11.916302249118     -0.673900953133      0.738821700661
   733     -5.301359218929    -10.935888038942     -0.196946633597      0.980414210176
   734     -4.446428067621    -11.454629522268      0.854931151308     -0.518741483326
   735     -3.490789116309    -11.749170172665      0.955638951312     -0.294540650396
   736     -3.946118075282    -12.639493450536     -0.455328958973     -0.890323277872
   737     -4.806791913824    -13.148650149059     -0.860673838542     -0.509156698522
   738     -5.793647673424    -13.310253706400     -0.986855759599     -0.161603557342
   739     -5.546392964056    -12.341303187181      0.247254709368      0.968950519219
   740     -6.354562821935    -12.930252659390     -0.808169857879     -0.588949472209
   741     -5.790552413216    -12.104484980889      0.564010408719      0.825767678501
   742     -6.613598374141    -12.672459756918     -0.823045960925     -0.567974776029
   743     -7.329033257928    -13.371139173432     -0.715434883787     -0.698679416514
   744     -6.577004890019    -12.712008432335      0.752028367909      0.659130741097
   745     -5.701408549015    -13.195051957931      0.875596341004     -0.483043525596
   746     -5.654101216030    -14.193932339281      0.047307332985     -0.998880381350
   747     -4.695604984223    -14.479037536730      0.958496231807     -0.285105197449
   748     -3.708049759920    -14.636310162931      0.987555224303     -0.157272626201
   749     -3.552876578429    -15.624197445846      0.155173181492     -0.987887282915
   750     -2.729114449877    -16.191133029104      0.823762128551     -0.566935583258
   751     -2.056278301972    -15.451341492202      0.672836147905      0.739791536902
   752     -1.376004832257    -16.184299885566      0.680273469715     -0.732958393364
   753     -1.474161082488    -15.189128869840     -0.098156250231      0.995171015726
   754     -2.245241020145    -14.552390517184     -0.771079937657      0.636738352656
   755     -2.611091216152    -13.621716764421     -0.365850196007      0.930673752763
   756     -3.338483984780    -14.307938128229     -0.727392768629     -0.686221363808
   757     -4.255850841714    -13.909895354396     -0.917366856933      0.398042773833
   758     -4.428029939334    -12.924829692451     -0.172179097620      0.985065661945
   759     -4.350781524978    -11.927817815652      0.077248414355      0.997011876800
   760     -5.264117525499    -11.520611049802     -0.913336000520      0.407206765849
   761     -5.591808270691    -12.465396091764     -0.327690745192     -0.944785041962
   762     -5.001636418403    -13.272673729735      0.590171852288     -0.807277637970
   763     -4.152034532022    -13.800098259556      0.849601886381     -0.527424529821
   764     -4.362921568359    -12.822587820786     -0.210887036337      0.977510438770
   765     -3.958732238739    -13.737263165278      0.404189329620     -0.914675344492
   766     -4.271282350425    -12.787361892679     -0.312550111686      0.949901272599
   767     -5.036331201238    -13.431334140427     -0.765048850813     -0.643972247748
   768     -5.782842190789    -12.765961055249     -0.746510989551      0.665373085178
   769     -4.791090420956    -12.894134480865      0.991751769832     -0.128173425616
   770     -5.574483948131    -13.515660491247     -0.783393527174     -0.621526010382
   771     -5.103533361436    -14.397820082757      0.470950586694     -0.882159591509
   772     -5.324119243507    -15.373187638415     -0.220585882071     -0.975367555658
   773     -4.407142273375    -15.772127779597      0.916976970133     -0.398940141182
   774     -4.703312818251    -14.816992706245     -0.296170544876      0.955135073352
   775     -3.898107446098    -14.223996661860      0.805205372153      0.592996044385
   776     -3.761988515522    -13.233304158235      0.136118930576      0.990692503625
   777     -2.768316278105    -13.120985483972      0.993672237416      0.112318674262
   778     -1.865412714162    -12.691142309991      0.902903563943      0.429843173981
   779     -1.394754828449    -13.573458100746      0.470657885713     -0.882315790755
   780     -0.412314370902    -13.760034485575      0.982440457546     -0.186576384829
   781     -1.412296110022    -13.753991189619     -0.999981739120      0.006043295956
   782     -1.453199132603    -12.754828068430     -0.040903022580      0.999163121189
   783     -1.432155095011    -11.755049518709      0.021044037591      0.999778549721
   784     -1.337021997645    -12.750514080502      0.095133097366     -0.995464561793
   785     -0.745911328131    -11.943923616645      0.591110669515      0.806590463858
   786     -1.552021278681    -12.535689404456     -0.806109950550     -0.591765787811
   787     -2.537630674099    -12.366650593339     -0.985609395418      0.169038811117
   788     -3.331684954580    -12.974497448764     -0.794054280481     -0.607846855425
   789     -2.815944809467    -12.117752385913      0.515740145113      0.856745062851
   790     -1.824936165333    -12.251550245580      0.991008644134     -0.133797859667
   791     -2.690911955528    -11.751464322165     -0.865975790194      0.500085923414
   792     -3.036200269316    -12.689960981915     -0.345288313788     -0.938496659750
   793     -2.078814026310    -12.978771614863      0.957386243006     -0.288810632948
   794     -1.287023296711    -13.589564084136      0.791790729599     -0.610792469273
   795     -1.157992533227    -14.581204675315      0.129030763484     -0.991640591180
   796     -1.847507818005    -13.856933543723     -0.689515284778      0.724271131592
   797     -0.898595560596    -14.172473600989      0.948912257409     -0.315540057266
   798     -1.135998139729    -15.143884953312     -0.237402579133     -0.971411352322
   799     -0.286358744914    -15.671249057870      0.849639394816     -0.527364104559
   800     -0.879130463072    -14.865878528144     -0.592771718158      0.805370529727
   801      0.049779306401    -15.236184672001      0.928909769473     -0.370306143857
   802      0.468758469229    -16.144180520624      0.418979162828     -0.907995848623
   803      1.109255255376    -16.912141370495      0.640496786147     -0.767960849872
   804      2.097877233796    -17.062562724644      0.988621978420     -0.150421354149
   805      1.405068285788    -17.783683908330     -0.692808948008     -0.721121183685
   806      0.698126160975    -17.076412509103     -0.706942124813      0.707271399227
   807      0.531857676954    -16.090331989458     -0.166268484020      0.986080519644
   808     -0.395809548734    -16.463739967926     -0.927667225689     -0.373407978467
   809     -1.377673047448    -16.274150754378     -0.981863498714      0.189589213548
   810     -2.201331141659    -15.707064038045     -0.823658094211      0.567086716332
   811     -1.308169188814    -16.156799211219      0.893161952845     -0.449735173174
   812     -2.233845237636    -15.778482078860     -0.925676048822      0.378317132359
   813     -2.208139126280    -16.778151622178      0.025706111356     -0.999669543319
   814     -3.037445665236    -17.336945559552     -0.829306538956     -0.558793937373
   815     -3.855338484757    -17.912316166879     -0.817892819521     -0.575370607327
   816     -3.072851493398    -18.534983098997      0.782486991360     -0.622666932118
   817     -2.100568831524    -18.768791621980      0.972282661874     -0.233808522983
   818     -2.880197873297    -19.395033234478     -0.779629041773     -0.626241612498
   819     -2.209753182267    -20.136992745685      0.670444691030     -0.741959511207
   820     -1.922710050554    -19.179075087148      0.287043131713      0.957917658537
   821     -2.295730766160    -20.106898101374     -0.373020715607     -0.927823014226
   822     -1.554667060755    -19.435463380399      0.741063705405      0.671434720976
   823     -2.066816690004    -18.576567136805     -0.512149629249      0.858896243594
   824     -1.987481097055    -19.573415100985      0.079335592949     -0.996847964181
   825     -2.415762627019    -18.669769744060     -0.428281529964      0.903645356925
   826     -3.382776918338    -18.415047620198     -0.967014291319      0.254722123862
   827     -3.526729176833    -19.404632253908     -0.143952258495     -0.989584633710
   828     -4.070068664603    -20.244145327677     -0.543339487770     -0.839513073770
   829     -3.403769359503    -20.989829735469      0.666299305100     -0.745684407792
   830     -3.875342729493    -21.871656564680     -0.471573369989     -0.881826829211
   831     -4.252515335957    -22.797799547666     -0.377172606465     -0.926142982985
   832     -3.286262232816    -23.055394075303      0.966253103142     -0.257594527638
   833     -4.156385518738    -23.548228192726     -0.870123285922     -0.492834117423
   834     -4.464986175287    -24.499419884646     -0.308600656550     -0.951191691920
   835     -3.480082310012    -24.326317671587      0.984903865275      0.173102213059
   836     -3.922511925812    -25.223120902549     -0.442429615800     -0.896803230962
   837     -4.664901607720    -24.553152574792     -0.742389681908      0.669968327756
   838     -3.953154026977    -25.255587896588      0.711747580743     -0.702435321796
   839     -3.879763199348    -26.252891153587      0.073390827628     -0.997303256999
   840     -4.756601487733    -25.772105737811     -0.876838288385      0.480785415776
   841     -4.417865536501    -26.712987215651      0.338735951232     -0.940881477840
   842     -4.554159075370    -27.703655712810     -0.136293538868     -0.990668497159
   843     -5.212519986402    -26.950953307590     -0.658360911032      0.752702405220
   844     -4.919338165475    -27.907010010865      0.293181820927     -0.956056703275
   845     -4.412853669644    -28.769259078990      0.506484495831     -0.862249068125
   846     -4.776389136009    -27.837678720302     -0.363535466365      0.931580358689
   847     -3.837718615463    -28.182494111282      0.938670520547     -0.344815390980
   848     -4.807261086568    -27.937570864685     -0.969542471105      0.244923246596
   849     -5.228245486183    -28.844638742675     -0.420984399615     -0.907067877990
   850     -4.687904887673    -29.686085138830      0.540340598510     -0.841446396155
   851     -4.702968438442    -30.685971677112     -0.015063550769     -0.999886538282
   852     -4.686462236147    -31.685835440475      0.016506202295     -0.999863763363
   853     -5.646772339759    -31.964770029405     -0.960310103612     -0.278934588930
   854     -6.323763141917    -32.700761506118     -0.676990802158     -0.735991476713
   855     -5.630772063112    -33.421707665479      0.692991078804     -0.720946159361
   856     -6.502443779780    -32.931617450966     -0.871671716667      0.490090214514
   857     -5.530571167374    -33.167124617005      0.971872612406     -0.235507166040
   858     -6.530165650032    -33.195600400407     -0.999594482658     -0.028475783402
   859     -5.591736742217    -32.850127991992      0.938428907815      0.345472408416
   860     -5.940752986215    -33.787244666385     -0.349016243998     -0.937116674393
   861     -6.937596895297    -33.866631195005     -0.996843909082     -0.079386528620
   862     -7.696015807798    -33.214863787749     -0.758418912501      0.651767407255
   863     -8.553786893896    -32.700831917284     -0.857771086098      0.514031870465
   864     -7.758591381422    -32.094478804865      0.795195512474      0.606353112419
   865     -8.586896966612    -32.654755395080     -0.828305585190     -0.560276590215
   866     -7.696049185124    -33.109057310350      0.890847781488     -0.454301915270
   867     -8.535972535598    -32.566352265847     -0.839923350474      0.542705044503
   868     -7.701424666050    -32.015416830944      0.834547869548      0.550935434904
   869     -7.982188448235    -31.055639930506     -0.280763782185      0.959776900437
   870     -7.055630496691    -31.431791977463      0.926557951545     -0.376152046956
   871     -6.135149435564    -31.041004802510      0.920481061126      0.390787174953
   872     -7.132461989089    -31.114269190740     -0.997312553524     -0.073264388230
   873     -6.499339636694    -31.888320924733      0.633122352395     -0.774051733993
   874     -7.492860551103    -32.001970353382     -0.993520914409     -0.113649428649
   875     -8.133711850605    -32.769635392267     -0.640851299502     -0.767665038885
   876     -7.571469534646    -31.942662854545      0.562242315958      0.826972537722
   877     -8.304429530412    -31.262391111337     -0.732959995765      0.680271743208
   878     -7.309972562920    -31.367535487346      0.994456967492     -0.105144376009
   879     -6.823821870861    -30.493660493647      0.486150692059      0.873874993698
   880     -5.975062689576    -29.964880906122      0.848759181285      0.528779587525
   881     -6.694035453794    -30.659919152776     -0.718972764218     -0.695038246655
   882     -6.799851560987    -29.665533437142     -0.105816107193      0.994385715635
   883     -7.167496316993    -30.595499744801     -0.367644756006     -0.929966307659
   884     -7.020024666048    -31.584566027801      0.147471650945     -0.989066283000
   885     -6.033570148477    -31.420531017016      0.986454517571      0.164035010785
   886     -6.901706123729    -31.916857450397     -0.868135975252     -0.496326433381
   887     -7.728681612619    -31.354619475181     -0.826975488890      0.562237975216
   888     -7.408292336253    -30.407333503792      0.320389276366      0.947285971389
   889     -6.628759230136    -29.780972476535      0.779533106117      0.626361027257
   890     -5.859941717351    -30.420440718151      0.768817512785     -0.639468241616
   891     -6.486425903631    -29.641006587296     -0.626484186280      0.779434130854
   892     -7.221533456440    -28.963056083349     -0.735107552809      0.677950503948
   893     -7.777935129505    -29.793969543470     -0.556401673065     -0.830913460121
   894     -6.917057688939    -29.285157169087      0.860877440566      0.508812374383
   895     -6.747618341593    -28.299616552181      0.169439347346      0.985540616906
   896     -5.937956225813    -27.712720259579      0.809662115781      0.586896292602
   897     -5.251447045055    -28.439841394422      0.686509180758     -0.727121134843
   898     -4.608026931970    -27.674328129953      0.643420113085      0.765513264469
   899     -4.487206140091    -28.667002465397      0.120820791879     -0.992674335444
   900     -4.528341731000    -29.666156038759     -0.041135590910     -0.999153573361
   901     -5.217638911807    -30.390634745507     -0.689297180807     -0.724478706748
   902     -5.984945091638    -29.749353819241     -0.767306179831      0.641280926267
   903     -6.978447327263    -29.863166418755     -0.993502235625     -0.113812599514
   904     -6.426237269968    -30.696871434106      0.552210057295     -0.833705015351
   905     -5.714864172200    -29.994056866974      0.711373097767      0.702814567132
   906     -6.214576841958    -30.860248097409     -0.499712669758     -0.866191230436
   907     -6.506161427152    -31.816793145840     -0.291584585194     -0.956545048431
   908     -6.010588724256    -32.685359606247      0.495572702896     -0.868566460407
   909     -5.023843618159    -32.847637440823      0.986745106096     -0.162277834576
   910     -5.737480121217    -33.548153637284     -0.713636503057     -0.700516196461
   911     -4.946868115145    -34.160471084247      0.790612006071     -0.612317446963
   912     -5.579423968208    -34.934985830883     -0.632555853062     -0.774514746636
   913     -4.952463685024    -35.714037050836      0.626960283184     -0.779051219953
   914     -4.159507818818    -36.323316128313      0.792955866205     -0.609279077476
   915     -3.260987880436    -35.884383422388      0.898519938382      0.438932705924
   916     -2.522578700765    -36.558736359193      0.738409179671     -0.674352936805
   917     -1.586185827070    -36.207782820825      0.936392873695      0.350953538368
   918     -0.944747484077    -35.440608230436      0.641438342993      0.767174590389
   919      0.047453340908    -35.315958629963      0.992200824985      0.124649600473
   920      0.262362356911    -34.339324555788      0.214909016003      0.976634074175
   921     -0.730120257689    -34.461710256406     -0.992482614600     -0.122385700618
   922     -0.590989444033    -35.451984267320      0.139130813657     -0.990274010914
   923     -1.583273073525    -35.327995563632     -0.992283629492      0.123988703688
   924     -0.717966348193    -35.829238290359      0.865306725332     -0.501242726726
   925      0.151197926500    -35.334714819128      0.869164274693      0.494523471231
   926     -0.807334798394    -35.619697301588     -0.958532724893     -0.284982482460
   927      0.034799646758    -35.080429672030      0.842134445152      0.539267629558
   928      0.973134724598    -34.734702493903      0.938335077840      0.345727178126
   929      1.590252792685    -33.947831926377      0.617118068087      0.786870567527
   930      0.818786588778    -34.584102227608     -0.771466203907     -0.636270301232
   931     -0.035791670881    -35.103424861544     -0.854578259659     -0.519322633936
   932      0.465292875010    -35.968823196341      0.501084545890     -0.865398334797
   933     -0.259395161219    -36.657900296634     -0.724688036229     -0.689077100292
   934      0.175628769107    -35.757481405204      0.435023930326      0.900418891430
   935     -0.643681394233    -36.330831957875     -0.819310163340     -0.573350552671
   936     -1.124679342203    -37.207553677720     -0.480997947971     -0.876721719845
   937     -0.308076656119    -37.784753862301      0.816602686084     -0.577200184581
   938      0.500440914469    -38.373225899062      0.808517570588     -0.588472036761
   939      0.874145368413    -37.445678066817      0.373704453944      0.927547832245
   940     -0.056816695921    -37.810793986453     -0.930962064334     -0.365115919635
   941      0.547614866070    -38.607451056257      0.604431561991     -0.796657069804
   942      0.888242780763    -37.667252873036      0.340627914693      0.940198183221
   943      0.048154956092    -37.124802463468     -0.840087824671      0.542450409568
   944      0.975582260001    -37.498805933992      0.927427303909     -0.374003470524
   945      1.351733123989    -36.572247502202      0.376150863988      0.926558431790
   946      2.255894151590    -36.145055699649      0.904161027600      0.427191802553
   947      2.921339762362    -35.398609359244      0.665445610773      0.746446340405
   948      3.454827590446    -36.244417101752      0.533487828084     -0.845807742508
   949      4.190364622252    -35.566932581751      0.735537031806      0.677484520002
   950      3.384581049876    -34.974722454779     -0.805783572377      0.592210126972
   951      4.194731855119    -34.388500932857      0.810150805243      0.586221521921
   952      4.584194117315    -35.309543356595      0.389462262197     -0.921042423738
   953      4.369220865547    -34.332923419760     -0.214973251768      0.976619936835
   954      3.657368699774    -35.035252754249     -0.711852165773     -0.702329334489
   955      4.574748434279    -35.433265847901      0.917379734505     -0.398013093653
   956      5.509429046436    -35.077777235907      0.934680612157      0.355488611994
   957      4.519886364725    -34.933536877230     -0.989542681711      0.144240358677
   958      5.203637544173    -34.203821641948      0.683751179449      0.729715235282
   959      4.250036428953    -33.902748705519     -0.953601115221      0.301072936429
   960      4.399551803529    -32.913989304670      0.149515374576      0.988759400848
   961      3.934656948485    -32.028623406437     -0.464894855044      0.885365898233
   962      3.527077662625    -32.941793229492     -0.407579285860     -0.913169823055
   963      2.747525590829    -32.315455806565     -0.779552071796      0.626337422927
   964      2.018245983115    -31.631240011824     -0.729279607713      0.684215794742
   965      2.511280278446    -32.501249887416      0.493034295330     -0.870009875592
   966      2.881459225077    -33.430210353459      0.370178946631     -0.928960466043
   967      3.851377469656    -33.186779462172      0.969918244579      0.243430891287
   968      4.344540388798    -34.056716434132      0.493162919142     -0.869936971960
   969      5.326251767403    -33.866341096662      0.981711378605      0.190375337470
   970      6.131511056973    -33.273418271532      0.805259289570      0.592922825130
   971      5.197841033312    -33.631552725216     -0.933670023662     -0.358134453684
   972      6.017940058208    -34.203774351304      0.820099024897     -0.572221626088
   973      6.564138089524    -35.041430432633      0.546198031315     -0.837656081329
   974      5.912333324278    -34.283043626312     -0.651804765246      0.758386806321
   975      6.296589400084    -33.359817073289      0.384256075807      0.923226553022
   976      6.765360609126    -32.476497451876      0.468771209041      0.883319621413
   977      6.271412100896    -31.607006295384     -0.493948508229      0.869491156492
   978      5.924091873107    -30.669259709483     -0.347320227790      0.937746585901
   979      6.920386131384    -30.755269888671      0.996294258277     -0.086010179188
   980      5.921253061940    -30.796900520953     -0.999133069444     -0.041630632282
   981      6.920924915258    -30.771284399394      0.999671853318      0.025616121559
   982      6.548809330802    -31.699470798672     -0.372115584456     -0.928186399278
   983      5.735446821730    -32.281227989290     -0.813362509072     -0.581757190618
   984      5.709761129814    -33.280898057478     -0.025685691916     -0.999670068188
   985      5.592470567173    -34.273995698153     -0.117290562641     -0.993097640676
   986      4.670337357452    -33.887123182292     -0.922133209722      0.386872515861
   987      3.744334983052    -33.509605497135     -0.926002374400      0.377517685157
   988      4.112754432975    -32.579945823428      0.368419449923      0.929659673708
   989      4.739327502972    -31.800583142801      0.626573069997      0.779362680627
   990      4.963042598898    -32.775237725643      0.223715095925     -0.974654582842
   991      5.598588123016    -32.003174330077      0.635545524119      0.772063395566
   992      5.188434210177    -31.091158010166     -0.410153912839      0.912016319910
   993      6.025754895636    -30.544445956428      0.837320685458      0.546712053739
   994      6.851766808721    -29.980793297921      0.826011913085      0.563652658506
   995      6.148820853106    -29.269550031883     -0.702945955615      0.711243266038
   996      5.904391763144    -28.299882862190     -0.244429089962      0.969667169693
   997      6.602282071818    -29.016087523624      0.697890308674     -0.716204661433
   998      5.964441681113    -29.786256099967     -0.637840390704     -0.770168576343
   999      5.071198632001    -29.336682017960     -0.893243049112      0.449574082007
  1000      5.901066062948    -28.778721403710      0.829867430947      0.557960614250
