# File chua thong tin toa do tai lan chay thu 24
##########################################################################################
#  Step                   x                   y            delta_x            delta_y
     1      0.000000000000      0.000000000000      0.000000000000      0.000000000000
     2     -0.799265996748      0.600977425901     -0.799265996748      0.600977425901
     3     -0.467840535336     -0.342503980131      0.331425461412     -0.943481406032
     4      0.018789433009      0.531104212315      0.486629968345      0.873608192446
     5      0.591646521188     -0.288551054565      0.572857088179     -0.819655266880
     6     -0.329043731582      0.101743012076     -0.920690252770      0.390294066640
     7     -1.327178153006      0.162797715164     -0.998134421424      0.061054703088
     8     -1.920608306420     -0.642087775461     -0.593430153415     -0.804885490625
     9     -2.855060556110     -0.285999313067     -0.934452249690      0.356088462394
    10     -3.616409950560     -0.934341120736     -0.761349394450     -0.648341807669
    11     -2.983305604962     -0.160274658741      0.633104345598      0.774066461995
    12     -2.007930599711     -0.380827598265      0.975375005251     -0.220552939523
    13     -1.096902243947      0.031516111513      0.911028355765      0.412343709777
    14     -1.867277108658      0.669107334649     -0.770374864711      0.637591223137
    15     -1.372619693642     -0.199980717144      0.494657415016     -0.869088051793
    16     -1.031354303932     -1.139947702620      0.341265389710     -0.939966985477
    17     -0.054936585570     -0.924057824980      0.976417718362      0.215889877641
    18      0.647451747216     -0.212263873075      0.702388332785      0.711793951904
    19     -0.344584885916     -0.086314206446     -0.992036633132      0.125949666629
    20      0.207565372797      0.747430413808      0.552150258713      0.833744620254
    21      0.547491586838      1.687882522641      0.339926214041      0.940452108833
    22      1.541850980650      1.581819353080      0.994359393812     -0.106063169561
    23      2.193268293645      0.823099718214      0.651417312995     -0.758719634865
    24      2.451562288368      1.789166078404      0.258293994722      0.966066360190
    25      2.555419240619      2.783758323231      0.103856952251      0.994592244827
    26      1.557724268694      2.715900066571     -0.997694971924     -0.067858256660
    27      1.226776685426      1.772250927786     -0.330947583268     -0.943649138785
    28      1.252804842871      2.771912137907      0.026028157445      0.999661210121
    29      0.389020206413      2.268050944900     -0.863784636458     -0.503861193007
    30     -0.473547852998      1.762109898054     -0.862568059411     -0.505941046846
    31     -0.042325420762      0.859864247504      0.431222432236     -0.902245650550
    32     -0.803538916427      1.508365607577     -0.761213495665      0.648501360074
    33     -1.414285001562      2.300192116032     -0.610746085135      0.791826508455
    34     -0.692933483333      2.992761236877      0.721351518230      0.692569120845
    35      0.140533099898      3.545331100910      0.833466583231      0.552569864034
    36     -0.725643133080      4.045069766038     -0.866176232978      0.499738665128
    37     -0.596341117710      3.053464507470      0.129302015371     -0.991605258569
    38      0.225752609141      2.484112327995      0.822093726851     -0.569352179475
    39     -0.062197980966      3.441757595125     -0.287950590107      0.957645267130
    40      0.426407828960      4.314262244114      0.488605809926      0.872504648989
    41     -0.264499442999      3.591318856597     -0.690907271958     -0.722943387517
    42     -1.150753985992      3.128120319225     -0.886254542993     -0.463198537372
    43     -2.130323469465      3.329226328704     -0.979569483473      0.201106009479
    44     -2.448216107035      2.381099611973     -0.317892637571     -0.948126716731
    45     -3.065607393903      1.594443398053     -0.617391286868     -0.786656213921
    46     -2.190908698150      1.109776304423      0.874698695753     -0.484667093630
    47     -1.332125490633      1.622115452338      0.858783207517      0.512339147915
    48     -2.298233655160      1.880253040521     -0.966108164528      0.258137588183
    49     -2.927702679140      2.657278617868     -0.629469023979      0.777025577346
    50     -2.483827859092      1.761189814161      0.443874820048     -0.896088803706
    51     -1.792892395970      1.038273369612      0.690935463122     -0.722916444550
    52     -1.830424449910      0.038977945362     -0.037532053940     -0.999295424250
    53     -0.855790932986     -0.184828908170      0.974633516924     -0.223806853532
    54     -1.724893831511     -0.679460237319     -0.869102898525     -0.494631329149
    55     -2.722769189329     -0.614308335892     -0.997875357818      0.065151901426
    56     -3.620111212369     -1.055644141924     -0.897342023040     -0.441335806032
    57     -3.780856236817     -2.042640108033     -0.160745024448     -0.986995966109
    58     -3.957186597841     -1.058309064237     -0.176330361023      0.984331043796
    59     -3.143973144108     -1.640274594719      0.813213453732     -0.581965530482
    60     -2.811735431603     -0.697078908559      0.332237712505      0.943195686159
    61     -1.883363421899     -1.068731180983      0.928372009704     -0.371652272423
    62     -0.985587210883     -1.509183079531      0.897776211015     -0.440451898548
    63     -0.618385196849     -0.579041863968      0.367202014035      0.930141215563
    64     -0.210062691252     -1.491879599507      0.408322505597     -0.912837735539
    65      0.776657328463     -1.329449298476      0.986720019715      0.162430301031
    66      1.771648310883     -1.229484580183      0.994990982420      0.099964718294
    67      2.489293522526     -0.533075684342      0.717645211643      0.696408895841
    68      2.688096054919     -1.513115251458      0.198802532393     -0.980039567117
    69      1.747918484139     -1.853800055055     -0.940177570780     -0.340684803597
    70      2.743152384133     -1.756283470300      0.995233899994      0.097516584756
    71      1.765426657936     -1.966170116690     -0.977725726197     -0.209886646390
    72      2.510197279762     -2.633490669996      0.744770621826     -0.667320553306
    73      3.279083803155     -1.994105407307      0.768886523393      0.639385262689
    74      2.280154227750     -1.947848479382     -0.998929575405      0.046256927925
    75      2.984448296233     -2.657756829171      0.704294068483     -0.709908349789
    76      2.317134281196     -3.402533309288     -0.667314015037     -0.744776480117
    77      1.638366841381     -4.136886604812     -0.678767439815     -0.734353295524
    78      1.920504457440     -3.177512660197      0.282137616059      0.959373944614
    79      0.982754772864     -2.830200798786     -0.937749684576      0.347311861411
    80      0.276237525221     -3.537896622417     -0.706517247642     -0.707695823631
    81      0.067055669104     -2.560019865831     -0.209181856117      0.977876756586
    82      0.371425238158     -3.512573888149      0.304369569054     -0.952554022318
    83     -0.354405460233     -4.200447275679     -0.725830698391     -0.687873387530
    84     -0.714857399566     -5.133225062417     -0.360451939333     -0.932777786738
    85     -1.714831587674     -5.140409985371     -0.999974188108     -0.007184922954
    86     -2.289317897305     -4.321895794873     -0.574486309631      0.818514190498
    87     -3.036104447329     -4.986959587831     -0.746786550024     -0.665063792958
    88     -3.985584274544     -5.300787658137     -0.949479827215     -0.313828070306
    89     -4.733774569217     -4.637303458660     -0.748190294674      0.663484199477
    90     -5.151641083910     -3.728795023972     -0.417866514693      0.908508434688
    91     -4.189988485060     -3.454524575097      0.961652598849      0.274270448875
    92     -3.221745914941     -3.704537225594      0.968242570119     -0.250012650497
    93     -2.470890618451     -4.365003972473      0.750855296490     -0.660466746878
    94     -3.134749220344     -3.617145859799     -0.663858601894      0.747858112674
    95     -2.539519508888     -2.813590267074      0.595229711456      0.803555592725
    96     -2.388338000958     -1.825084247032      0.151181507930      0.988506020042
    97     -1.717295374212     -2.566503017425      0.671042626745     -0.741418770393
    98     -2.190297324245     -1.685441637460     -0.473001950033      0.881061379965
    99     -3.179771521153     -1.540732226388     -0.989474196908      0.144709411072
   100     -3.900239827898     -0.847244361334     -0.720468306745      0.693487865054
   101     -4.572687080836     -0.107099313376     -0.672447252938      0.740145047958
   102     -3.801750654468     -0.744011416024      0.770936426368     -0.636912102648
   103     -3.123282857704     -1.478641560215      0.678467796764     -0.734630144191
   104     -3.029883583630     -2.474270294032      0.093399274073     -0.995628733817
   105     -3.248425501449     -3.450097855723     -0.218541917819     -0.975827561691
   106     -2.249998294719     -3.506161327441      0.998427206730     -0.056063471718
   107     -1.494863123302     -2.850592206075      0.755135171417      0.655569121366
   108     -2.468750637987     -3.077623280468     -0.973887514685     -0.227031074393
   109     -2.941746370002     -2.196558562360     -0.472995732015      0.881064718109
   110     -1.976787933143     -1.934155789633      0.964958436859      0.262402772727
   111     -1.194480313116     -1.311263513514      0.782307620027      0.622892276119
   112     -0.266889357388     -1.684860915606      0.927590955729     -0.373597402092
   113      0.568570983184     -2.234411658789      0.835460340572     -0.549550743182
   114      1.557311605744     -2.384051163263      0.988740622560     -0.149639504474
   115      0.561786115345     -2.289557788015     -0.995525490399      0.094493375247
   116     -0.142886585348     -2.999090299532     -0.704672700693     -0.709532511516
   117     -0.810038449436     -2.254168565224     -0.667151864088      0.744921734307
   118     -1.506135154159     -2.972116597935     -0.696096704723     -0.717948032711
   119     -2.450434564962     -3.301204158864     -0.944299410803     -0.329087560929
   120     -1.494318943901     -3.008214535901      0.956115621061      0.292989622963
   121     -2.171047459229     -3.744447186999     -0.676728515327     -0.736232651098
   122     -1.694484217738     -2.865306995186      0.476563241491      0.879140191812
   123     -1.332097759442     -3.797334921186      0.362386458297     -0.932027926000
   124     -0.544284956323     -4.413249677660      0.787812803119     -0.615914756474
   125      0.286208624251     -3.856221480326      0.830493580574      0.557028197334
   126     -0.432717591078     -3.161135085039     -0.718926215329      0.695086395287
   127      0.265140933579     -3.877370716354      0.697858524657     -0.716235631314
   128     -0.331040703404     -3.074521131609     -0.596181636983      0.802849584744
   129     -1.175689907213     -2.539200926026     -0.844649203809      0.535320205583
   130     -0.309766784344     -2.039023812114      0.865923122869      0.500177113912
   131      0.645612706520     -2.334404970004      0.955379490864     -0.295381157890
   132      0.294457279835     -3.270722152539     -0.351155426685     -0.936317182535
   133     -0.592170702141     -3.733205472861     -0.886627981976     -0.462483320323
   134     -0.205848886466     -4.655569530451      0.386321815676     -0.922364057589
   135     -0.163467711256     -3.656468016095      0.042381175209      0.999101514356
   136     -0.960699178825     -4.260141758375     -0.797231467569     -0.603673742280
   137     -0.324402849284     -5.031586494576      0.636296329542     -0.771444736201
   138      0.420954848899     -5.698251254226      0.745357698183     -0.666664759651
   139     -0.385107964990     -6.290081246763     -0.806062813889     -0.591829992537
   140      0.520821983509     -5.866653651519      0.905929948498      0.423427595244
   141      0.685451361072     -6.853009149321      0.164629377563     -0.986355497801
   142      1.048020157361     -5.921052139606      0.362568796289      0.931957009715
   143      0.220935033946     -6.483128823543     -0.827085123415     -0.562076683937
   144     -0.692947860287     -6.889106723960     -0.913882894233     -0.405977900418
   145     -1.654193978847     -7.164798398761     -0.961246118559     -0.275691674801
   146     -2.195390562674     -6.323902294802     -0.541196583828      0.840896103959
   147     -1.879540548190     -5.375093163127      0.315850014484      0.948809131675
   148     -0.880940135337     -5.322204454973      0.998600412853      0.052888708154
   149     -1.385284219092     -4.458701678381     -0.504344083755      0.863502776592
   150     -2.242200033737     -4.974158065102     -0.856915814645     -0.515456386720
   151     -3.158560630931     -4.573804151782     -0.916360597194      0.400353913320
   152     -3.513491834258     -3.638911729680     -0.354931203327      0.934892422102
   153     -4.106020539180     -4.444461066371     -0.592528704921     -0.805549336692
   154     -4.344206085084     -5.415680735510     -0.238185545904     -0.971219669139
   155     -4.985730349935     -4.648577992974     -0.641524264851      0.767102742536
   156     -5.921070650092     -5.002327230292     -0.935340300157     -0.353749237318
   157     -6.441317105828     -4.148311056386     -0.520246455737      0.854016173906
   158     -5.883320977780     -4.978154608559      0.557996128048     -0.829843552173
   159     -6.624189464674     -5.649804729624     -0.740868486894     -0.671650121066
   160     -7.620896865517     -5.730887138974     -0.996707400842     -0.081082409349
   161     -8.430702261423     -6.317585716406     -0.809805395906     -0.586698577433
   162     -7.686076150887     -5.650103914775      0.744626110536      0.667481801631
   163     -8.385527154596     -4.935423361374     -0.699451003709      0.714680553401
   164     -7.436762371006     -4.619440157043      0.948764783590      0.315983204331
   165     -6.565715686528     -4.128239919401      0.871046684478      0.491200237641
   166     -6.635072215645     -3.130647982852     -0.069356529117      0.997591936550
   167     -7.251342832154     -3.918182443829     -0.616270616509     -0.787534460977
   168     -7.828905840969     -4.734528553546     -0.577563008814     -0.816346109717
   169     -6.953893091907     -4.250428678541      0.875012749062      0.484099875005
   170     -7.722509855334     -4.890138199323     -0.768616763427     -0.639709520782
   171     -6.770021074431     -5.194711872273      0.952488780903     -0.304573672951
   172     -7.558428432425     -5.809865379832     -0.788407357994     -0.615153507558
   173     -6.589646740284     -5.561950005213      0.968781692141      0.247915374619
   174     -7.588441272933     -5.512863535080     -0.998794532649      0.049086470133
   175     -7.644197530199     -6.511307945038     -0.055756257266     -0.998444409958
   176     -8.301300329278     -7.265108921054     -0.657102799079     -0.753800976016
   177     -7.486550411677     -7.844921452627      0.814749917601     -0.579812531574
   178     -6.707535111430     -8.471926366467      0.779015300248     -0.627004913840
   179     -5.783506002413     -8.089604243526      0.924029109016      0.382322122941
   180     -4.851819459555     -7.726340997578      0.931686542858      0.363263245948
   181     -5.191061248799     -6.785641785061     -0.339241789244      0.940699212517
   182     -6.101937649449     -7.198321058515     -0.910876400650     -0.412679273454
   183     -5.263436871136     -7.743221457458      0.838500778313     -0.544900398943
   184     -5.400674327198     -6.752683280176     -0.137237456062      0.990538177282
   185     -6.162583191705     -7.400367525921     -0.761908864507     -0.647684245745
   186     -6.930611683109     -6.759951851228     -0.768028491404      0.640415674693
   187     -7.907391826223     -6.545707710076     -0.976780143114      0.214244141152
   188     -7.000490502755     -6.967050788212      0.906901323467     -0.421343078136
   189     -7.912183474356     -6.556178635914     -0.911692971601      0.410872152298
   190     -8.461286507431     -5.720423971513     -0.549103033075      0.835754664401
   191     -9.345912252183     -5.254122254036     -0.884625744752      0.466301717477
   192    -10.158458122974     -4.671225000775     -0.812545870791      0.582897253262
   193     -9.184426071065     -4.897635163649      0.974032051910     -0.226410162874
   194     -9.208468156518     -5.897346110937     -0.024042085453     -0.999710947288
   195     -8.353535350624     -5.378607354523      0.854932805894      0.518738756414
   196     -8.966126170696     -6.169007561484     -0.612590820072     -0.790400206961
   197     -8.881679196605     -7.165435536085      0.084446974090     -0.996427974601
   198     -7.998991924230     -7.635396363373      0.882687272376     -0.469960827289
   199     -8.229463472875     -6.662317299132     -0.230471548646      0.973079064241
   200     -8.188424455502     -5.663159754471      0.041039017374      0.999157544661
   201     -7.667934635723     -6.517027629207      0.520489819779     -0.853867874736
   202     -6.871305585008     -5.912559139081      0.796629050716      0.604468490127
   203     -7.806691472083     -6.266187817583     -0.935385887076     -0.353628678503
   204     -8.717624505470     -6.678742066968     -0.910933033386     -0.412554249385
   205     -9.446427734268     -5.994018872025     -0.728803228798      0.684723194943
   206    -10.241825338721     -6.600106861371     -0.795397604453     -0.606087989346
   207     -9.885136774903     -5.665883510966      0.356688563818      0.934223350405
   208    -10.861711157415     -5.881063610933     -0.976574382512     -0.215180099966
   209     -9.866074992051     -5.787743590469      0.995636165364      0.093320020464
   210    -10.752329570188     -5.324545120337     -0.886254578137      0.463198470131
   211    -10.716758268720     -4.325177979337      0.035571301468      0.999367141001
   212    -11.706289832882     -4.180861370702     -0.989531564162      0.144316608635
   213    -11.893360576635     -5.163207815105     -0.187070743754     -0.982346444403
   214    -11.232269153786     -5.913513173366      0.661091422849     -0.750305358261
   215    -11.755458801674     -6.765729455974     -0.523189647888     -0.852216282608
   216    -10.778946221171     -6.981189847039      0.976512580504     -0.215460391064
   217    -10.436992674342     -7.920906704295      0.341953546828     -0.939716857256
   218     -9.644385230307     -8.530638973131      0.792607444035     -0.609732268836
   219     -9.224719644656     -9.438317768862      0.419665585651     -0.907678795731
   220     -9.038292964741    -10.420786645222      0.186426679915     -0.982468876360
   221     -8.568660096370    -11.303648451478      0.469632868371     -0.882861806256
   222     -7.828288981596    -10.631450108420      0.740371114774      0.672198343057
   223     -7.862755388931     -9.632044251541     -0.034466407335      0.999405856880
   224     -8.325093047877    -10.518748198256     -0.462337658946     -0.886703946715
   225     -7.389457165428    -10.165781492356      0.935635882449      0.352966705900
   226     -8.372643859664     -9.983178304328     -0.983186694236      0.182603188028
   227     -7.623898764988    -10.646036345842      0.748745094676     -0.662858041514
   228     -8.610047580753    -10.811899280717     -0.986148815765     -0.165862934876
   229     -7.643796191551    -11.069500237366      0.966251389201     -0.257600956648
   230     -7.075672263871    -11.892443250458      0.568123927680     -0.822943013092
   231     -6.666003900454    -12.804677777329      0.409668363418     -0.912234526871
   232     -5.951484883746    -13.504293796844      0.714519016708     -0.699616019515
   233     -6.372308622217    -14.411436222894     -0.420823738471     -0.907142426050
   234     -6.590771632876    -13.435590992863     -0.218463010659      0.975845230031
   235     -5.957052984775    -14.209154613420      0.633718648101     -0.773563620557
   236     -5.331780627430    -13.428748002005      0.625272357345      0.780406611415
   237     -5.961620193184    -12.652022747226     -0.629839565754      0.776725254779
   238     -6.908400909892    -12.973902032780     -0.946780716709     -0.321879285554
   239     -7.145832750185    -12.002497832040     -0.237431840293      0.971404200740
   240     -6.872904292659    -12.964532164625      0.272928457526     -0.962034332585
   241     -6.211333990369    -12.214649016976      0.661570302290      0.749883147649
   242     -5.996456379506    -11.238008032607      0.214877610864      0.976640984369
   243     -6.976285630005    -11.038171499742     -0.979829250499      0.199836532865
   244     -7.971184825041    -11.139045637732     -0.994899195037     -0.100874137989
   245     -8.379968793383    -10.226414459639     -0.408783968342      0.912631178093
   246     -7.872679348223     -9.364638723830      0.507289445160      0.861775735809
   247     -8.220124238924    -10.302339127971     -0.347444890701     -0.937700404141
   248     -7.635160145686     -9.491279938009      0.584964093238      0.811059189962
   249     -7.310964130160    -10.437269865818      0.324196015526     -0.945989927810
   250     -7.588237930427    -11.398060810658     -0.277273800266     -0.960790944840
   251     -8.256773530525    -10.654380670139     -0.668535600098      0.743680140519
   252     -9.120152747701    -10.149825096046     -0.863379217176      0.504555574093
   253     -8.208437310904    -10.560647396203      0.911715436797     -0.410822300157
   254     -7.756474506811     -9.668610612368      0.451962804093      0.892036783836
   255     -6.890189638535    -10.168160937156      0.866284868276     -0.499550324789
   256     -6.404412866060    -11.042243843592      0.485776772475     -0.874082906436
   257     -6.781442095965    -10.116042483305     -0.377029229905      0.926201360287
   258     -6.479651248892     -9.162668325578      0.301790847073      0.953374157728
   259     -5.500810693215     -8.958043873074      0.978840555677      0.204624452504
   260     -5.979489998339     -9.836033692403     -0.478679305124     -0.877989819329
   261     -6.836185719333    -10.351855795101     -0.856695720993     -0.515822102698
   262     -5.837560697482    -10.404277791767      0.998625021850     -0.052421996666
   263     -4.933160755098     -9.977592024235      0.904399942385      0.426685767532
   264     -5.675058919151    -10.648104599937     -0.741898164053     -0.670512575702
   265     -4.675335241423    -10.624597830904      0.999723677728      0.023506769033
   266     -5.033024102696     -9.690757010142     -0.357688861273      0.933840820762
   267     -4.230459631609     -9.094191615780      0.802564471086      0.596565394362
   268     -5.118278112477     -8.633997803316     -0.887818480868      0.460193812464
   269     -5.783907559108     -9.380280216199     -0.665629446631     -0.746282412883
   270     -6.275157384742    -10.251298935179     -0.491249825634     -0.871018718981
   271     -5.291619646407    -10.070596092721      0.983537738334      0.180702842458
   272     -5.864712457037     -9.251105622731     -0.573092810630      0.819490469990
   273     -6.863155360909     -9.306888843403     -0.998442903872     -0.055783220671
   274     -6.862631730760    -10.306888706308      0.000523630148     -0.999999862906
   275     -7.661848687084    -10.907931347662     -0.799216956323     -0.601042641353
   276     -7.282854906797     -9.982532128674      0.378993780287      0.925399218988
   277     -7.708272310694     -9.077534873174     -0.425417403897      0.904997255499
   278     -7.070202467684     -8.307556382929      0.638069843010      0.769978490246
   279     -7.896641778063     -8.870582196066     -0.826439310380     -0.563025813138
   280     -7.889726068804     -9.870558282263      0.006915709259     -0.999976086197
   281     -7.619931528094     -8.907640369976      0.269794540710      0.962917912287
   282     -6.629245840207     -9.043808897233      0.990685687887     -0.136168527256
   283     -6.924693064958     -8.088449835211     -0.295447224751      0.955359062022
   284     -6.262660761342     -8.837925137652      0.662032303616     -0.749475302441
   285     -5.810272373611     -9.729746166024      0.452388387731     -0.891821028372
   286     -4.859270259617     -9.420561788702      0.951002113993      0.309184377322
   287     -5.268676178894     -8.508209448177     -0.409405919276      0.912352340525
   288     -4.632961877641     -9.280133879183      0.635714301252     -0.771924431006
   289     -4.745697302715    -10.273758921104     -0.112735425074     -0.993625041921
   290     -4.823067289452     -9.276756471181     -0.077369986736      0.997002449923
   291     -4.505336516152    -10.224937443200      0.317730773299     -0.948180972019
   292     -3.530977290261    -10.449935440793      0.974359225891     -0.224997997593
   293     -3.516925109180     -9.450034177564      0.014052181081      0.999901263229
   294     -2.766584751188    -10.111085875367      0.750340357992     -0.661051697804
   295     -1.775085084624    -10.241195103338      0.991499666564     -0.130109227971
   296     -1.048132991155     -9.554506925341      0.726952093469      0.686688177997
   297     -2.047225059085     -9.511903641441     -0.999092067930      0.042603283900
   298     -1.443965119959     -8.714359005796      0.603259939126      0.797544635645
   299     -2.376248903493     -8.352631280897     -0.932283783533      0.361727724899
   300     -1.644312957434     -9.034004725396      0.731935946059     -0.681373444498
   301     -2.220718832813     -9.851168275016     -0.576405875379     -0.817163549621
   302     -3.122201767222     -9.418353627657     -0.901482934409      0.432814647359
   303     -2.648931160123    -10.299270725036      0.473270607100     -0.880917097379
   304     -3.514780726759     -9.798966289762     -0.865849566636      0.500304435275
   305     -4.492338858865     -9.588300444515     -0.977558132106      0.210665845247
   306     -5.204988525165     -8.886780342791     -0.712649666300      0.701520101724
   307     -4.270510334279     -9.242800722486      0.934478190886     -0.356020379695
   308     -3.376605291398     -9.691057093675      0.893905042881     -0.448256371190
   309     -3.521665099430    -10.680479982077     -0.145059808032     -0.989422888402
   310     -3.851349638555    -11.624571134807     -0.329684539125     -0.944091152729
   311     -4.176537511255    -10.678921703226     -0.325187872700      0.945649431581
   312     -4.190988690235     -9.679026126965     -0.014451178980      0.999895576261
   313     -3.273250165948    -10.076211223664      0.917738524287     -0.397185096699
   314     -2.883273427725    -10.997035932089      0.389976738224     -0.920824708424
   315     -2.947302304847    -11.994983978279     -0.064028877122     -0.997948046190
   316     -2.342367634731    -12.791259084565      0.604934670116     -0.796275106286
   317     -3.307293035574    -12.528734855575     -0.964925400844      0.262524228990
   318     -3.427250231811    -11.535955790994     -0.119957196237      0.992779064581
   319     -2.439070552329    -11.689255892296      0.988179679482     -0.153300101302
   320     -3.438051141821    -11.734397689109     -0.998980589491     -0.045141796813
   321     -2.939458060846    -10.867561522579      0.498593080974      0.866836166530
   322     -3.194276847043     -9.900572698341     -0.254818786196      0.966988824238
   323     -4.184686675283    -10.038733373372     -0.990409828240     -0.138160675030
   324     -3.247679766887    -10.388044200025      0.937006908396     -0.349310826653
   325     -4.019122497503     -9.751745438923     -0.771442730616      0.636298761102
   326     -4.896020443188     -9.271068839896     -0.876897945685      0.480676599028
   327     -5.517106289240    -10.054811381701     -0.621085846051     -0.783742541805
   328     -6.296528068524    -10.681310934755     -0.779421779284     -0.626499553055
   329     -7.074559173174    -11.309536690512     -0.778031104650     -0.628225755757
   330     -6.074561501823    -11.307378614467      0.999997671351      0.002158076046
   331     -6.438102429710    -12.238956841859     -0.363540927887     -0.931578227392
   332     -5.487388442068    -11.928887633936      0.950713987642      0.310069207923
   333     -6.277116894806    -11.315431057693     -0.789728452738      0.613456576243
   334     -5.318672755539    -11.030150788651      0.958444139267      0.285280269042
   335     -5.531957911240    -10.053160797731     -0.213285155702      0.976989990920
   336     -6.400880235445    -10.548109274341     -0.868922324205     -0.494948476610
   337     -6.249606755551     -9.559617324813      0.151273479894      0.988491949527
   338     -7.223482713688     -9.786697967236     -0.973875958137     -0.227080642422
   339     -6.226303791339     -9.861759254346      0.997178922349     -0.075061287110
   340     -6.295747821098    -10.859345103649     -0.069444029759     -0.997585849304
   341     -7.287735342190    -10.733009210111     -0.991987521093      0.126335893538
   342     -8.231978270861    -11.062258798806     -0.944242928671     -0.329249588694
   343     -7.586125330646    -10.298796959802      0.645852940215      0.763461839004
   344     -7.316212733485    -11.261681786712      0.269912597161     -0.962884826910
   345     -6.704691421401    -10.470453826597      0.611521312084      0.791227960114
   346     -6.174172545106     -9.622780704519      0.530518876295      0.847673122079
   347     -5.311384948893    -10.128347281560      0.862787596213     -0.505566577041
   348     -6.143706475604    -10.682640413551     -0.832321526711     -0.554293131991
   349     -5.642919663490     -9.817069752766      0.500786812114      0.865570660785
   350     -5.961174035580     -8.869064396955     -0.318254372090      0.948005355811
   351     -6.947943162591     -8.706932691303     -0.986769127011      0.162131705652
   352     -5.976203532065     -8.942987961239      0.971739630526     -0.236055269936
   353     -5.090096153720     -9.406467965169      0.886107378345     -0.463480003929
   354     -5.825257889097     -8.728576216556     -0.735161735377      0.677891748613
   355     -4.826430669642     -8.776993007816      0.998827219455     -0.048416791260
   356     -4.392859239569     -7.875873806476      0.433571430073      0.901119201341
   357     -5.340561068263     -8.195030889884     -0.947701828694     -0.319157083408
   358     -4.737590431275     -7.397267509595      0.602970636988      0.797763380289
   359     -5.251603220044     -6.539484988800     -0.514012788769      0.857782520795
   360     -5.339805298432     -5.543382386972     -0.088202078388      0.996102601828
   361     -4.404259046252     -5.190178182533      0.935546252179      0.353204204439
   362     -3.408976083923     -5.093163622306      0.995282962330      0.097014560227
   363     -4.129242797261     -5.786860862935     -0.720266713339     -0.693697240629
   364     -4.572718569334     -4.890574502677     -0.443475772072      0.896286360258
   365     -4.091600442884     -4.013918727357      0.481118126450      0.876655775320
   366     -4.457269370111     -4.944663716954     -0.365668927226     -0.930744989598
   367     -5.231814004998     -4.312144461463     -0.774544634887      0.632519255491
   368     -4.405029262736     -3.749626026243      0.826784742262      0.562518435220
   369     -5.316235084386     -4.161577419725     -0.911205821650     -0.411951393482
   370     -5.058412953249     -5.127769817075      0.257822131137     -0.966192397350
   371     -5.097587132331     -6.127002214314     -0.039174179082     -0.999232397240
   372     -4.351655921100     -6.793025207995      0.745931211231     -0.666022993681
   373     -3.547859444969     -6.198120824956      0.803796476131      0.594904383039
   374     -3.803926358294     -7.164779883726     -0.256066913325     -0.966659058769
   375     -4.797411795557     -7.050820742165     -0.993485437264      0.113959141560
   376     -5.780522468313     -7.233832777601     -0.983110672755     -0.183012035436
   377     -5.220624048092     -6.405271519133      0.559898420221      0.828561258468
   378     -5.362682774751     -5.415413287779     -0.142058726659      0.989858231354
   379     -4.649121473925     -4.714820488813      0.713561300827      0.700592798966
   380     -5.608862480867     -4.995706942016     -0.959741006943     -0.280886453203
   381     -5.079408979862     -4.147367982476      0.529453501005      0.848338959540
   382     -6.026395574751     -4.468641058068     -0.946986594889     -0.321273075592
   383     -5.484094169266     -3.628457039172      0.542301405486      0.840184018896
   384     -4.633087065725     -4.153611216269      0.851007103541     -0.525154177097
   385     -3.875344780378     -4.806165144307      0.757742285346     -0.652553928038
   386     -4.357238924101     -3.929935702754     -0.481894143723      0.876229441554
   387     -4.342753808554     -2.930040617543      0.014485115547      0.999895085210
   388     -4.425087288032     -3.926645453051     -0.082333479477     -0.996604835508
   389     -4.089295768105     -2.984709120200      0.335791519927      0.941936332851
   390     -3.107289436898     -3.173557115871      0.982006331207     -0.188847995672
   391     -2.135066370517     -3.407613325353      0.972223066381     -0.234056209482
   392     -2.954590248134     -2.834568288715     -0.819523877617      0.573045036639
   393     -2.107806466334     -3.366505528322      0.846783781800     -0.531937239607
   394     -2.706600004592     -4.167408954798     -0.598793538258     -0.800903426476
   395     -3.374142974166     -4.911980229943     -0.667542969575     -0.744571275145
   396     -4.153282556308     -5.538830699784     -0.779139582142     -0.626850469841
   397     -3.785595898192     -4.608880958430      0.367686658116      0.929949741354
   398     -4.750905814767     -4.869987766006     -0.965309916575     -0.261106807576
   399     -4.729121430505     -5.869750458150      0.021784384262     -0.999762692144
   400     -5.583751895537     -6.388987175110     -0.854630465032     -0.519236716961
   401     -6.488656348293     -6.814601943864     -0.904904452757     -0.425614768754
   402     -7.050822044630     -5.987577319163     -0.562165696337      0.827024624701
   403     -6.100324670175     -5.676844731309      0.950497374455      0.310732587854
   404     -6.921533865283     -5.106217481809     -0.821209195107      0.570627249499
   405     -5.979142107894     -4.771706232960      0.942391757388      0.334511248849
   406     -6.915223054785     -5.123490912656     -0.936080946891     -0.351784679695
   407     -6.488314072748     -4.219196314056      0.426908982037      0.904294598600
   408     -7.076648857037     -5.027813764768     -0.588334784289     -0.808617450712
   409     -6.076915181826     -5.004736099186      0.999733675211      0.023077665582
   410     -5.217106380628     -4.494119975876      0.859808801198      0.510616123309
   411     -4.702205835233     -3.636870054120      0.514900545395      0.857249921756
   412     -4.900294830702     -2.656686015343     -0.198088995470      0.980184038777
   413     -5.354540151023     -1.765809374630     -0.454245320320      0.890876640712
   414     -4.362754274443     -1.637900129390      0.991785876579      0.127909245240
   415     -3.373510861568     -1.784178870440      0.989243412875     -0.146278741050
   416     -3.214165304688     -2.771401739656      0.159345556880     -0.987222869216
   417     -3.879748557048     -3.517725351890     -0.665583252360     -0.746323612234
   418     -3.689590002884     -4.499478744692      0.190158554164     -0.981753392802
   419     -2.694156960365     -4.404016407297      0.995433042519      0.095462337394
   420     -1.764851473570     -4.034704462983      0.929305486795      0.369311944314
   421     -0.964414281112     -4.634121096827      0.800437192458     -0.599416633844
   422     -1.593481503255     -5.411472002162     -0.629067222144     -0.777350905335
   423     -2.454447845517     -5.920133930650     -0.860966342261     -0.508661928488
   424     -3.227649085945     -5.285973192509     -0.773201240429      0.634160738141
   425     -2.269558274254     -4.999508541022      0.958090811692      0.286464651487
   426     -1.767914909312     -5.864583066372      0.501643364941     -0.865074525350
   427     -1.684748599579     -4.868047384660      0.083166309733      0.996535681712
   428     -0.707250236664     -5.078990387621      0.977498362915     -0.210943002960
   429      0.133530489871     -5.620366199684      0.840780726535     -0.541375812063
   430      0.605105095458     -4.738540031232      0.471574605587      0.881826168451
   431      0.189202193127     -5.647949056827     -0.415902902331     -0.909409025595
   432     -0.539783083335     -6.332478432895     -0.728985276462     -0.684529376069
   433     -0.633383607573     -5.336868598742     -0.093600524238      0.995609834153
   434     -0.108003387406     -4.486001027226      0.525380220167      0.850867571516
   435      0.697070585060     -5.079175452549      0.805073972467     -0.593174425322
   436      1.632937088060     -4.726820675990      0.935866502999      0.352354776558
   437      2.509074116985     -4.244758536276      0.876137028925      0.482062139714
   438      1.528761522961     -4.047306724441     -0.980312594024      0.197451811836
   439      2.364337504517     -3.497931825990      0.835575981556      0.549374898450
   440      2.091788242167     -4.460073655240     -0.272549262350     -0.962141829250
   441      1.711188675105     -3.535333708254     -0.380599567062      0.924739946986
   442      0.901511738156     -4.122209553534     -0.809676936949     -0.586875845280
   443      0.678382269530     -3.147420735261     -0.223129468626      0.974788818273
   444      1.617609639971     -2.804125022189      0.939227370441      0.343295713072
   445      0.830279070067     -2.187593941306     -0.787330569904      0.616531080882
   446      1.684854456611     -2.706921303106      0.854575386544     -0.519327361799
   447      0.782909190633     -3.138771667445     -0.901945265978     -0.431850364339
   448      0.097074633793     -3.866529154968     -0.685834556839     -0.727757487523
   449     -0.248545482290     -2.928154637327     -0.345620116084      0.938374517641
   450     -0.306325946395     -1.929825323940     -0.057780464104      0.998329313387
   451      0.678233610009     -2.104875259372      0.984559556403     -0.175049935432
   452      1.161670976670     -2.980254213034      0.483437366661     -0.875378953663
   453      0.294400563291     -3.478091566069     -0.867270413379     -0.497837353035
   454      1.270149159245     -3.259197350764      0.975748595954      0.218894215305
   455      0.313093479303     -2.969293184718     -0.957055679942      0.289904166046
   456     -0.432979778819     -3.635157054826     -0.746073258122     -0.665863870108
   457     -1.241341729576     -3.046471267187     -0.808361950757      0.588685787639
   458     -1.498810965710     -4.012757763235     -0.257469236134     -0.966286496048
   459     -1.574386071923     -3.015617651053     -0.075575106213      0.997140112181
   460     -2.192779491486     -2.229748973320     -0.618393419562      0.785868677733
   461     -1.455932175163     -1.553689780329      0.736847316323      0.676059192991
   462     -2.360654297305     -1.979691988899     -0.904722122142     -0.426002208570
   463     -1.980601131359     -2.904656632037      0.380053165946     -0.924964643138
   464     -2.036405407961     -1.906214904787     -0.055804276602      0.998441727249
   465     -1.126059770609     -2.320063694266      0.910345637353     -0.413848789479
   466     -0.126623592690     -2.353639373977      0.999436177918     -0.033575679711
   467      0.581673951637     -3.059553383401      0.708297544327     -0.705914009424
   468      0.629261247735     -4.058420466275      0.047587296099     -0.998867082874
   469      1.371476668821     -4.728581841395      0.742215421086     -0.670161375120
   470      0.748073000036     -5.510482004936     -0.623403668785     -0.781900163541
   471     -0.106626474135     -6.029605120248     -0.854699474171     -0.519123115312
   472     -1.042290237867     -5.676712330239     -0.935663763731      0.352892790008
   473     -1.946688470534     -6.103401721656     -0.904398232668     -0.426689391417
   474     -1.167145307587     -6.729750232553      0.779543162947     -0.626348510897
   475     -1.461903836649     -7.685322003559     -0.294758529062     -0.955571771007
   476     -2.433224929382     -7.923093605758     -0.971321092733     -0.237771602199
   477     -3.420150505398     -8.084270239936     -0.986925576016     -0.161176634178
   478     -4.417112045374     -8.162165604424     -0.996961539976     -0.077895364488
   479     -4.681415660936     -7.197726078688     -0.264303615562      0.964439525735
   480     -4.173323549979     -8.059028816860      0.508092110957     -0.861302738172
   481     -5.121121488161     -7.740157262190     -0.947797938182      0.318871554671
   482     -5.923275692876     -8.337274195343     -0.802154204715     -0.597116933153
   483     -6.749338175645     -8.900852738725     -0.826062482770     -0.563578543382
   484     -7.736345728547     -9.061526602544     -0.987007552902     -0.160673863819
   485     -7.388469056044     -9.999066906065      0.347876672504     -0.937540303522
   486     -6.567280245866    -10.569723491096      0.821188810178     -0.570656585031
   487     -7.261395332720    -11.289587538123     -0.694115086854     -0.719864047027
   488     -6.574441261496    -10.562886702821      0.686954071224      0.726700835302
   489     -6.002556662046    -11.383220784102      0.571884599450     -0.820334081281
   490     -6.294398922109    -12.339687247310     -0.291842260063     -0.956466463208
   491     -7.232719983191    -11.993922028802     -0.938321061082      0.345765218508
   492     -7.966322548585    -11.314343279835     -0.733602565394      0.679578748967
   493     -8.724985826624    -11.965826227083     -0.758663278039     -0.651482947248
   494     -9.718403388792    -11.851276905058     -0.993417562168      0.114549322025
   495     -8.913261816439    -11.258194239260      0.805141572352      0.593082665798
   496     -9.871710474425    -10.972929152008     -0.958448657986      0.285265087252
   497     -9.139173583568    -11.653656486213      0.732536890857     -0.680727334205
   498     -9.592741037191    -10.762434535735     -0.453567453623      0.891221950478
   499    -10.127303591352     -9.917305625042     -0.534562554161      0.845128910693
   500    -10.708439490599    -10.731112154020     -0.581135899247     -0.813806528978
   501     -9.936571664110    -11.366895181814      0.771867826489     -0.635783027794
   502     -8.987280480506    -11.681293414527      0.949291183603     -0.314398232713
   503     -8.213411121112    -11.047948157507      0.773869359395      0.633345257020
   504     -7.930920468375    -12.007218208700      0.282490652736     -0.959270051193
   505     -7.867940785042    -11.009203399448      0.062979683334      0.998014809252
   506     -7.156881598153    -11.712335558249      0.711059186889     -0.703132158801
   507     -7.305084335993    -10.723378557922     -0.148202737841      0.988957000327
   508     -7.135223029566     -9.737910579457      0.169861306428      0.985467978464
   509     -8.104677076588     -9.983183592061     -0.969454047022     -0.245273012604
   510     -7.124909581638     -9.783044500828      0.979767494950      0.200139091233
   511     -6.439520774244    -10.511221802520      0.685388807394     -0.728177301691
   512     -6.399464249724    -11.510419217870      0.040056524520     -0.999197415351
   513     -7.113444430366    -10.810253307782     -0.713980180642      0.700165910088
   514     -7.787340891201    -11.549079105975     -0.673896460834     -0.738825798193
   515     -8.778598922790    -11.681016647298     -0.991258031589     -0.131937541324
   516     -9.714932186563    -12.032129192150     -0.936333263773     -0.351112544852
   517     -9.497094079117    -11.056144274775      0.217838107446      0.975984917375
   518     -8.885101844946    -11.847008046428      0.611992234171     -0.790863771654
   519     -8.267441608254    -11.060562986675      0.617660236692      0.786445059753
   520     -7.910695658783    -11.994764425089      0.356745949472     -0.934201438414
   521     -7.078575061437    -12.549359152321      0.832120597346     -0.554594727231
   522     -8.023527063622    -12.222150176947     -0.944952002186      0.327208975374
   523     -9.020345624865    -12.142445999121     -0.996818561242      0.079704177826
   524     -9.832368638295    -12.726071414656     -0.812023013430     -0.583625415536
   525    -10.065641109383    -13.698482826679     -0.233272471088     -0.972411412023
   526    -10.703157015499    -12.928045632971     -0.637515906116      0.770437193708
   527     -9.705305579972    -12.862528363365      0.997851435527      0.065517269606
   528    -10.259332450264    -12.030029578384     -0.554026870292      0.832498784981
   529    -10.752515891295    -11.160104240500     -0.493183441031      0.869925337884
   530     -9.819672134496    -11.520385415974      0.932843756799     -0.360281175474
   531    -10.794957394633    -11.741334870283     -0.975285260137     -0.220949454309
   532    -10.023618014321    -12.377758911611      0.771339380312     -0.636424041328
   533    -10.851765732334    -11.817249003447     -0.828147718013      0.560509908164
   534    -10.022404120998    -11.258536807730      0.829361611336      0.558712195716
   535    -11.004703544669    -11.445854298252     -0.982299423671     -0.187317490522
   536    -11.286759167931    -10.486456244581     -0.282055623262      0.959398053670
   537    -10.287595543999    -10.445565504668      0.999163623932      0.040890739914
   538    -10.251956837037    -11.444930244173      0.035638706962     -0.999364739505
   539    -11.133382685542    -11.917252669628     -0.881425848505     -0.472322425455
   540    -12.115301566428    -11.727950500173     -0.981918880886      0.189302169455
   541    -13.018841763268    -12.156453840526     -0.903540196841     -0.428503340353
   542    -13.812713137745    -11.548368122238     -0.793871374477      0.608085718288
   543    -13.447202007883    -12.479175091457      0.365511129862     -0.930806969219
   544    -12.643336999821    -11.884363315503      0.803865008062      0.594811775954
   545    -11.913682870581    -11.200546928099      0.729654129240      0.683816387404
   546    -12.229414401856    -10.251698362648     -0.315731531275      0.948848565451
   547    -12.986358750921    -10.905177706177     -0.756944349065     -0.653479343529
   548    -13.974450865587    -10.751314218189     -0.988092114666      0.153863487988
   549    -13.178359538112    -10.146137716398      0.796091327475      0.605176501791
   550    -12.888183899868     -9.189164310827      0.290175638245      0.956973405571
   551    -11.905282934052     -9.373299292292      0.982900965815     -0.184134981465
   552    -12.298414866871     -8.453817218841     -0.393131932819      0.919482073451
   553    -12.766294651305     -9.337609336546     -0.467879784434     -0.883792117705
   554    -13.722982865029     -9.628723853051     -0.956688213725     -0.291114516505
   555    -12.976895927024    -10.294572395091      0.746086938006     -0.665848542040
   556    -13.720135186901    -10.963598106538     -0.743239259878     -0.669025711447
   557    -12.736046311559    -11.141275019578      0.984088875342     -0.177676913040
   558    -12.140636240154    -11.944696980238      0.595410071405     -0.803421960659
   559    -12.566734625183    -12.849373809982     -0.426098385029     -0.904676829744
   560    -12.819964572843    -11.881967693809     -0.253229947660      0.967406116173
   561    -12.762109919865    -10.883642677029      0.057854652978      0.998325016780
   562    -12.491855766207    -11.846431694640      0.270254153657     -0.962789017610
   563    -13.157012877702    -11.099728261523     -0.665157111495      0.746703433116
   564    -14.072813184330    -10.698094350629     -0.915800306628      0.401633910894
   565    -13.389990236247    -11.428678241480      0.682822948084     -0.730583890851
   566    -14.144431300574    -10.772310447894     -0.754441064327      0.656367793586
   567    -13.896828545533    -11.741172086982      0.247602755041     -0.968861639088
   568    -13.274476862843    -12.523909835563      0.622351682690     -0.782737748581
   569    -12.426023016514    -13.053179209936      0.848453846329     -0.529269374373
   570    -12.651842920486    -14.027348276869     -0.225819903972     -0.974169066933
   571    -13.646983443635    -14.125813190352     -0.995140523149     -0.098464913482
   572    -14.164874975478    -14.981259483959     -0.517891531842     -0.855446293607
   573    -13.936681299937    -14.007643724820      0.228193675540      0.973615759139
   574    -13.964968653963    -13.008043892086     -0.028287354025      0.999599832734
   575    -13.448058982778    -12.152003944515      0.516909671184      0.856039947570
   576    -14.188701985202    -12.823902703973     -0.740643002424     -0.671898759458
   577    -13.506889751712    -13.555429927160      0.681812233490     -0.731527223187
   578    -13.142273634011    -12.624271999248      0.364616117701      0.931157927912
   579    -12.146620848709    -12.717414530464      0.995652785301     -0.093142531216
   580    -13.127571677280    -12.523158328694     -0.980950828571      0.194256201770
   581    -12.299088706787    -13.083172585301      0.828482970493     -0.560014256607
   582    -13.288793884436    -12.940051443138     -0.989705177649      0.143121142163
   583    -13.014481917801    -11.978410686431      0.274311966636      0.961640756707
   584    -13.961974129975    -11.658631844310     -0.947492212175      0.319778842121
   585    -14.789994983853    -11.097934541353     -0.828020853878      0.560697302957
   586    -14.126732811122    -11.846321667260      0.663262172731     -0.748387125907
   587    -14.374203394733    -12.815217074540     -0.247470583611     -0.968895407279
   588    -15.040094339200    -13.561266168150     -0.665890944467     -0.746049093610
   589    -14.075165513037    -13.298754529476      0.964928826163      0.262511638674
   590    -14.427677331985    -12.362947168155     -0.352511818948      0.935807361321
   591    -15.055164005953    -11.584319867071     -0.627486673967      0.778627301084
   592    -15.682263098759    -10.805380377893     -0.627099092806      0.778939489178
   593    -15.090871939336    -11.611765209445      0.591391159422     -0.806384831552
   594    -14.932049925935    -10.624457978610      0.158822013402      0.987307230835
   595    -14.619216836859     -9.674649861999      0.312833089076      0.949808116611
   596    -15.618911728885     -9.699350527132     -0.999694892026     -0.024700665133
   597    -14.711786948500     -9.278488753134      0.907124780384      0.420861773998
   598    -14.991228196567     -8.318325960229     -0.279441248066      0.960162792905
   599    -14.976509473930     -9.318217633963      0.014718722637     -0.999891673735
   600    -14.237410506580     -9.991814484062      0.739098967349     -0.673596850099
   601    -13.952965345330     -9.033122171460      0.284445161250      0.958692312602
   602    -13.633791871345     -9.980818480150      0.319173473986     -0.947696308690
   603    -12.666928823854    -10.236114088020      0.966863047490     -0.255295607870
   604    -13.249367217987    -11.048988935116     -0.582438394132     -0.812874847096
   605    -13.493888820304    -10.079345090191     -0.244521602317      0.969643844925
   606    -13.048683159596    -10.974773434434      0.445205660708     -0.895428344243
   607    -12.786969419833    -11.939918977044      0.261713739763     -0.965145542610
   608    -13.154622419271    -12.869882025775     -0.367652999438     -0.929963048731
   609    -12.897074736816    -13.836147616212      0.257547682454     -0.966265590437
   610    -13.530686116049    -13.062496131299     -0.633611379233      0.773651484912
   611    -13.217516573685    -12.112798896526      0.313169542364      0.949697234773
   612    -12.455480339084    -11.465264513535      0.762036234601      0.647534382991
   613    -11.682122399354    -12.099234147711      0.773357939730     -0.633969634175
   614    -10.785399353243    -11.656642034616      0.896723046111      0.442592113094
   615    -11.571242596937    -11.038216294256     -0.785843243694      0.618425740361
   616    -10.825373465416    -10.372123779176      0.745869131521      0.666092515079
   617    -10.441930703461     -9.448559136986      0.383442761955      0.923564642190
   618     -9.567116449951     -9.933017620095      0.874814253510     -0.484458483109
   619    -10.566118401775     -9.888351074995     -0.999001951824      0.044666545100
   620     -9.571686783546     -9.993734928908      0.994431618229     -0.105383853913
   621     -8.648529608650     -9.609312205283      0.923157174896      0.384422723625
   622     -8.968920735945     -8.662026859914     -0.320391127295      0.947285345369
   623     -9.421039655693     -9.553984528420     -0.452118919748     -0.891957668506
   624     -9.954583556139    -10.399756901046     -0.533543900446     -0.845772372626
   625    -10.725542194363    -11.036642116880     -0.770958638224     -0.636885215834
   626    -11.484484542896    -11.687799940762     -0.758942348533     -0.651157823882
   627    -10.523875466773    -11.409896715032      0.960609076122      0.277903225730
   628    -11.109316812771    -12.220611480160     -0.585441345998     -0.810714765128
   629    -10.391624382436    -12.916971714120      0.717692430334     -0.696360233960
   630    -11.198584550809    -13.507577578179     -0.806960168372     -0.590605864059
   631    -10.551182312037    -14.269726081578      0.647402238772     -0.762148503399
   632     -9.639483172657    -13.858867615370      0.911699139380      0.410858466208
   633     -8.708221811394    -14.223219474179      0.931261361264     -0.364351858808
   634     -7.765572433709    -14.557004061528      0.942649377684     -0.333784587349
   635     -8.399187025387    -13.783355207581     -0.633614591677      0.773648853947
   636     -7.726358088694    -13.043557112186      0.672828936692      0.739798095395
   637     -7.578512908249    -14.032567629126      0.147845180446     -0.989010516941
   638     -6.584595337133    -13.922441057275      0.993917571116      0.110126571852
   639     -7.544072874129    -14.204226181086     -0.959477536995     -0.281785123812
   640     -8.010764455275    -15.088646312069     -0.466691581146     -0.884420130983
   641     -8.841211855656    -14.531549269177     -0.830447400382      0.557097042892
   642     -7.910485918422    -14.897266687083      0.930725937234     -0.365717417906
   643     -8.516968641158    -14.102170021876     -0.606482722736      0.795096665207
   644     -7.547955181482    -14.349177946780      0.969013459677     -0.247007924904
   645     -6.836366380251    -13.646581776876      0.711588801230      0.702596169904
   646     -7.520203748283    -12.916947310802     -0.683837368032      0.729634466074
   647     -7.369402520380    -13.905511415786      0.150801227903     -0.988564104984
   648     -6.840967235611    -14.754485001836      0.528435284769     -0.848973586050
   649     -7.824264145379    -14.572476245892     -0.983296909768      0.182008755944
   650     -7.798976870949    -15.572156471640      0.025287274430     -0.999680225748
   651     -6.951758906637    -16.103401914865      0.847217964312     -0.531245443225
   652     -6.486494785526    -16.988573817721      0.465264121111     -0.885171902857
   653     -7.146636564881    -16.237432798239     -0.660141779355      0.751141019483
   654     -7.745279090914    -17.038449106453     -0.598642526033     -0.801016308214
   655     -8.692122272780    -16.716753615415     -0.946843181866      0.321695491038
   656     -9.555137864292    -17.221930899947     -0.863015591512     -0.505177284532
   657     -9.336117704950    -18.197651233752      0.219020159342     -0.975720333806
   658     -9.448601792633    -17.203997707609     -0.112484087683      0.993653526144
   659    -10.122375337962    -16.465059814673     -0.673773545329      0.738937892935
   660     -9.517634280020    -17.261481972100      0.604741057942     -0.796422157426
   661     -9.632869588133    -18.254820194341     -0.115235308112     -0.993338222241
   662     -9.346903304710    -19.213059874559      0.285966283423     -0.958239680219
   663    -10.292116027401    -19.539514938637     -0.945212722691     -0.326455064078
   664    -11.159814425594    -19.042423910984     -0.867698398193      0.497091027653
   665    -10.206408258096    -18.740734203209      0.953406167498      0.301689707775
   666    -10.163441460574    -19.739810703939      0.042966797523     -0.999076500730
   667    -10.905922907709    -20.409677332948     -0.742481447135     -0.669866629009
   668    -10.393966971782    -19.550665621928      0.511955935927      0.859011711020
   669    -10.096916288408    -20.505527335218      0.297050683374     -0.954861713290
   670     -9.339488021973    -19.852608947359      0.757428266435      0.652918387859
   671     -9.982999836020    -20.618045127051     -0.643511814047     -0.765436179692
   672     -9.436161997857    -19.780806583532      0.546837838163      0.837238543518
   673    -10.435647113605    -19.748720708181     -0.999485115749      0.032085875352
   674    -11.246140169982    -20.334468952365     -0.810493056377     -0.585748244184
   675    -10.487615442681    -19.682824695065      0.758524727301      0.651644257300
   676    -11.453251702575    -19.422927381539     -0.965636259894      0.259897313526
   677    -10.554355356406    -18.984766042710      0.898896346169      0.438161338829
   678    -10.818527337109    -19.949241633179     -0.264171980703     -0.964475590470
   679    -10.103181334323    -20.648012050625      0.715346002786     -0.698770417446
   680     -9.638005935309    -21.533230581923      0.465175399014     -0.885218531297
   681     -8.650578395888    -21.375158274440      0.987427539421      0.158072307482
   682     -9.314240145853    -22.123191082299     -0.663661749965     -0.748032807859
   683    -10.036590773609    -21.431664097590     -0.722350627756      0.691526984709
   684    -10.713609105058    -20.695697944237     -0.677018331450      0.735966153353
   685    -11.624292152281    -21.108803726696     -0.910683047223     -0.413105782459
   686    -11.696017692887    -22.106228133268     -0.071725540606     -0.997424406572
   687    -12.222467452511    -22.956434373301     -0.526449759624     -0.850206240033
   688    -11.222468068858    -22.955324106364      0.999999383653      0.001110266937
   689    -12.180577736549    -22.668922526975     -0.958109667691      0.286401579389
   690    -12.835901659630    -23.424270497011     -0.655323923081     -0.755347970036
   691    -12.160408487791    -22.686904255039      0.675493171839      0.737366241972
   692    -12.763594840241    -21.889303964030     -0.603186352449      0.797600291010
   693    -11.919259381526    -21.353489039678      0.844335458714      0.535814924351
   694    -11.384728704207    -22.198638112331      0.534530677319     -0.845149072652
   695    -10.386536835666    -22.138529930045      0.998191868541      0.060108182286
   696    -11.161921758108    -22.770018823097     -0.775384922442     -0.631488893053
   697    -10.344190927474    -23.345619629760      0.817730830634     -0.575600806662
   698    -10.159036755120    -24.328329115040      0.185154172354     -0.982709485280
   699    -11.028166871298    -23.833745612331     -0.869130116178      0.494583502709
   700    -11.881150703634    -24.355682947432     -0.852983832337     -0.521937335101
   701    -12.020082699899    -25.345984871298     -0.138931996265     -0.990301923867
   702    -12.683120012680    -26.094571220266     -0.663037312780     -0.748586348968
   703    -12.713471544700    -25.095031934143     -0.030351532021      0.999539286123
   704    -12.599809067236    -26.088551355804      0.113662477465     -0.993519421661
   705    -12.030353560914    -26.910573512634      0.569455506322     -0.822022156830
   706    -11.067812732330    -26.639436732926      0.962540828583      0.271136779708
   707    -10.759583522129    -27.590748855196      0.308229210201     -0.951312122270
   708    -11.641151916168    -27.118692537971     -0.881568394039      0.472056317225
   709    -12.169913538359    -27.967462911451     -0.528761622191     -0.848770373480
   710    -11.426087744836    -27.299089371513      0.743825793523      0.668373539938
   711    -12.008822559633    -28.111751746441     -0.582734814797     -0.812662374928
   712    -13.002772592089    -28.221584951715     -0.993950032456     -0.109833205274
   713    -12.347154429367    -28.976677545182      0.655618162722     -0.755092593467
   714    -12.710343375238    -29.908393054121     -0.363188945871     -0.931715508939
   715    -11.872038298452    -30.453594483168      0.838305076785     -0.545201429048
   716    -11.093663690414    -31.081394586355      0.778374608038     -0.627800103187
   717    -11.344399345263    -32.049450179484     -0.250735654849     -0.968055593129
   718    -11.756864087729    -31.138476614432     -0.412464742466      0.910973565052
   719    -11.517391666525    -32.109379781326      0.239472421203     -0.970903166893
   720    -10.991088636509    -31.259082703478      0.526303030016      0.850297077848
   721    -10.161867389739    -31.818003202212      0.829221246770     -0.558920498734
   722    -11.106810935036    -32.145236599351     -0.944943545296     -0.327233397138
   723    -10.469143719800    -31.374924634876      0.637667215236      0.770311964475
   724    -10.129505901319    -30.434368335520      0.339637818480      0.940556299356
   725    -10.613228788354    -31.309589546734     -0.483722887035     -0.875221211214
   726    -11.093710006148    -32.186594563451     -0.480481217794     -0.877005016717
   727    -10.358990776382    -31.508223239314      0.734719229766      0.678371324137
   728    -10.100835579655    -30.542119779842      0.258155196727      0.966103459471
   729    -10.732155059884    -29.766596915007     -0.631319480229      0.775522864836
   730    -10.273784072983    -30.655357871826      0.458370986902     -0.888760956820
   731    -10.010943911804    -29.690518481217      0.262840161179      0.964839390609
   732    -10.885732818071    -29.206014229975     -0.874788906268      0.484504251242
   733    -11.703271420095    -28.630140429389     -0.817538602024      0.575873800586
   734    -12.558944005974    -28.112622868551     -0.855672585879      0.517517560838
   735    -13.448926832585    -27.656628824360     -0.889982826611      0.455994044191
   736    -12.910136061492    -26.814189209323      0.538790771093      0.842439615038
   737    -12.223212539837    -27.540918922075      0.686923521655     -0.726729712752
   738    -13.148682935322    -27.919738862258     -0.925470395485     -0.378819940183
   739    -12.439299816768    -28.624561954325      0.709383118554     -0.704823092067
   740    -12.302183555873    -29.615116915444      0.137116260895     -0.990554961119
   741    -11.566449985950    -28.937845836712      0.735733569923      0.677271078733
   742    -11.119004653037    -28.043534551948      0.447445332912      0.894311284763
   743    -11.963554310731    -27.508057310892     -0.844549657694      0.535477241057
   744    -11.235807817204    -26.822211088216      0.727746493527      0.685846222676
   745    -11.163981588466    -27.819628249120      0.071826228738     -0.997417160904
   746    -11.614921417632    -26.927073897569     -0.450939829166      0.892554351551
   747    -12.593120374742    -26.719403966410     -0.978198957111      0.207669931159
   748    -11.597403265418    -26.811856322779      0.995717109325     -0.092452356368
   749    -11.555153883715    -27.810963419013      0.042249381703     -0.999107096234
   750    -12.515662942621    -28.089212134659     -0.960509058907     -0.278248715646
   751    -13.243690761306    -27.403664546798     -0.728027818684      0.685547587861
   752    -14.134629309818    -27.857788431629     -0.890938548513     -0.454123884831
   753    -15.079889382728    -28.184106366414     -0.945260072910     -0.326317934786
   754    -14.909192858960    -29.169430017188      0.170696523768     -0.985323650773
   755    -15.689081497517    -29.795348311736     -0.779888638557     -0.625918294548
   756    -15.472373054078    -28.819111941515      0.216708443439      0.976236370221
   757    -16.071297476509    -29.619917496076     -0.598924422431     -0.800805554561
   758    -15.298732600888    -28.984981662345      0.772564875621      0.634935833732
   759    -14.998508874171    -29.938850476132      0.300223726717     -0.953868813787
   760    -15.819973707821    -30.509109651487     -0.821464833650     -0.570259175355
   761    -16.377596610297    -29.679015260087     -0.557622902477      0.830094391400
   762    -15.669146678491    -28.973254185698      0.708449931806      0.705761074390
   763    -14.741575026985    -28.599608857447      0.927571651505      0.373645328251
   764    -15.552262858879    -29.185087498576     -0.810687831894     -0.585478641130
   765    -14.584627630354    -29.437440553871      0.967635228525     -0.252353055294
   766    -13.894989580840    -28.713286315699      0.689638049514      0.724154238172
   767    -14.362459027926    -29.597295544181     -0.467469447087     -0.884009228481
   768    -13.590540635690    -28.961573910345      0.771918392236      0.635721633836
   769    -13.437231894618    -27.973395571222      0.153308741072      0.988178339122
   770    -13.749197111115    -28.923489094880     -0.311965216497     -0.950093523657
   771    -12.751240410413    -28.987382940621      0.997956700702     -0.063893845742
   772    -13.060232961153    -29.938447398788     -0.308992550740     -0.951064458166
   773    -13.861754255050    -30.536413631471     -0.801521293897     -0.597966232684
   774    -14.628122276769    -29.894011844981     -0.766368021719      0.642401786490
   775    -15.115178961721    -29.020641485028     -0.487056684951      0.873370359953
   776    -15.993131108425    -29.499389882515     -0.877952146705     -0.478748397487
   777    -16.548281138567    -28.667639653160     -0.555150030142      0.831750229356
   778    -17.294705822136    -29.333109556130     -0.746424683569     -0.665469902970
   779    -16.465221156567    -28.774580067575      0.829484665570      0.558529488554
   780    -16.513992456957    -27.775770095530     -0.048771300391      0.998809972046
   781    -15.770209739510    -27.107348619793      0.743782717448      0.668421475737
   782    -14.788887101454    -27.299717744238      0.981322638055     -0.192369124445
   783    -15.071854746482    -28.258847199456     -0.282967645028     -0.959129455218
   784    -15.740647200955    -27.515398039903     -0.668792454473      0.743449159553
   785    -16.093011935823    -26.579535286279     -0.352364734868      0.935862753625
   786    -15.282795893030    -27.165666640159      0.810216042793     -0.586131353880
   787    -14.988406344629    -28.121352150038      0.294389548401     -0.955685509879
   788    -14.047865879214    -28.461033814125      0.940540465415     -0.339681664087
   789    -13.454766067257    -27.655904872243      0.593099811958      0.805128941882
   790    -13.959248106313    -26.792482685668     -0.504482039056      0.863422186575
   791    -13.080790536507    -27.270303047364      0.878457569805     -0.477820361696
   792    -12.140863759379    -27.611679164919      0.939926777129     -0.341376117555
   793    -12.858667066393    -26.915433222425     -0.717803307015      0.696245942494
   794    -12.159934091732    -26.200050646371      0.698732974661      0.715382576054
   795    -11.190840150509    -25.953358666195      0.969093941224      0.246691980176
   796    -12.162465953759    -25.716835309086     -0.971625803250      0.236523357109
   797    -13.020973253663    -26.229636650750     -0.858507299904     -0.512801341664
   798    -12.403114833307    -27.015926020127      0.617858420356     -0.786289369377
   799    -13.028260811233    -27.796433871646     -0.625145977926     -0.780507851519
   800    -12.419663242652    -27.002954823708      0.608597568581      0.793479047938
   801    -13.061860459763    -26.236415369841     -0.642197217111      0.766539453867
   802    -13.970106953527    -26.654850916329     -0.908246493764     -0.418435546488
   803    -14.513737301898    -27.494175671314     -0.543630348371     -0.839324754984
   804    -15.099884746783    -28.304380073212     -0.586147444884     -0.810204401899
   805    -15.909770440074    -28.890967802202     -0.809885693292     -0.586587728990
   806    -16.283416069947    -27.963396272196     -0.373645629872      0.927571530006
   807    -15.790881724414    -28.833689279448      0.492534345533     -0.870293007251
   808    -15.896327819943    -27.839264259178     -0.105446095529      0.994425020269
   809    -16.445187434160    -27.003349715770     -0.548859614217      0.835914543408
   810    -17.439017783604    -26.892438776165     -0.993830349444      0.110910939605
   811    -17.850380999079    -25.980967270876     -0.411363215475      0.911471505289
   812    -18.439233489513    -26.789207794798     -0.588852490434     -0.808240523922
   813    -19.194619393334    -26.133927598006     -0.755385903821      0.655280196792
   814    -18.268131403129    -25.757603264478      0.926487990205      0.376324333528
   815    -18.967688104313    -25.043026171486     -0.699556701184      0.714577092992
   816    -18.030483123296    -24.694247124585      0.937204981017      0.348779046901
   817    -19.001576987030    -24.932945067221     -0.971093863734     -0.238697942636
   818    -19.374422846445    -24.005051773185     -0.372845859415      0.927893294036
   819    -20.372154073438    -23.937728681428     -0.997731226993      0.067323091757
   820    -19.433140140762    -24.281607779717      0.939013932676     -0.343879098289
   821    -20.242528932897    -24.868880955646     -0.809388792135     -0.587273175930
   822    -21.102995315482    -25.378388172907     -0.860466382585     -0.509507217261
   823    -20.541053118418    -24.551211669881      0.561942197064      0.827176503026
   824    -21.286527786069    -23.884677709839     -0.745474667652      0.666533960042
   825    -20.895360066339    -24.804997119088      0.391167719730     -0.920319409249
   826    -20.184579358808    -24.101583452885      0.710780707531      0.703413666203
   827    -20.304373891188    -23.108784747199     -0.119794532380      0.992798705686
   828    -19.601260963105    -22.397706544493      0.703112928083      0.711078202706
   829    -18.789879715627    -22.982223842133      0.811381247479     -0.584517297640
   830    -18.267260977538    -23.834790352499      0.522618738089     -0.852566510367
   831    -17.615278972751    -24.593024792125      0.651982004787     -0.758234439626
   832    -17.566563043764    -23.594212117865      0.048715928987      0.998812674260
   833    -17.334275107030    -22.621565052148      0.232287936733      0.972647065717
   834    -18.332888718335    -22.568926137667     -0.998613611304      0.052638914481
   835    -19.241088382175    -22.150388958194     -0.908199663840      0.418537179473
   836    -18.877735535395    -23.082040560853      0.363352846780     -0.931651602659
   837    -17.987278174508    -22.626973875144      0.890457360887      0.455066685709
   838    -16.988401408041    -22.579590276571      0.998876766466      0.047383598574
   839    -17.861413741849    -22.091892147581     -0.873012333807      0.487698128990
   840    -17.068288619260    -22.700950880314      0.793125122589     -0.609058732733
   841    -17.663036678779    -23.504863030798     -0.594748059520     -0.803912150485
   842    -17.439685817949    -24.479601145866      0.223350860831     -0.974738115068
   843    -16.461944801176    -24.689416550734      0.977741016773     -0.209815404867
   844    -17.147131063149    -25.417784442944     -0.685186261974     -0.728367892210
   845    -18.141854500478    -25.520377245949     -0.994723437329     -0.102592803005
   846    -18.942159670121    -26.119970137370     -0.800305169643     -0.599592891422
   847    -19.468681213528    -25.269808350222     -0.526521543408      0.850161787149
   848    -20.465629596336    -25.347871926991     -0.996948382807     -0.078063576769
   849    -19.833149405968    -26.122448462132      0.632480190368     -0.774576535142
   850    -20.353399621131    -26.976462345873     -0.520250215163     -0.854013883741
   851    -19.378023608146    -27.197010828738      0.975376012985     -0.220548482864
   852    -19.083741220146    -28.152729341749      0.294282388001     -0.955718513011
   853    -18.464271519012    -27.367708775536      0.619469701134      0.785020566213
   854    -19.149070922393    -26.638977153381     -0.684799403381      0.728731622155
   855    -19.974452277423    -27.203552762815     -0.825381355030     -0.564575609435
   856    -19.982382691501    -26.203584209044     -0.007930414078      0.999968553772
   857    -19.005769585276    -26.418588489813      0.976613106225     -0.215004280769
   858    -18.100082756162    -26.842535853961      0.905686829115     -0.423947364149
   859    -19.071798185878    -27.078690726136     -0.971715429716     -0.236154872175
   860    -18.071866658594    -27.066988557754      0.999931527283      0.011702168383
   861    -17.288850702982    -26.444986939382      0.783015955612      0.622001618371
   862    -18.161002189953    -26.934222857702     -0.872151486971     -0.489235918320
   863    -17.710189238229    -27.826841299455      0.450812951724     -0.892618441753
   864    -16.767696110000    -28.161066826969      0.942493128229     -0.334225527514
   865    -16.068184450129    -28.875688011726      0.699511659871     -0.714621184757
   866    -15.826187152312    -27.905411088447      0.241997297817      0.970276923280
   867    -15.104610816780    -28.597745972734      0.721576335531     -0.692334884287
   868    -14.333650929642    -27.960862268731      0.770959887138      0.636883704002
   869    -14.877973480401    -28.799738279078     -0.544322550759     -0.838876010347
   870    -14.151963734917    -28.112053867839      0.726009745484      0.687684411240
   871    -15.135629512194    -28.292058419488     -0.983665777277     -0.180004551650
   872    -14.329146629479    -28.883315859094      0.806482882714     -0.591257439605
   873    -14.087179300776    -29.853600256495      0.241967328703     -0.970284397401
   874    -13.751638074856    -30.795625779349      0.335541225920     -0.942025522854
   875    -12.944229269209    -30.205633389090      0.807408805647      0.589992390259
   876    -12.955566589987    -29.205697658576     -0.011337320778      0.999935730514
   877    -13.531401328896    -28.388131542922     -0.575834738909      0.817566115654
   878    -13.286154328544    -29.357592170703      0.245247000353     -0.969460627781
   879    -14.140063296695    -28.837169771002     -0.853908968151      0.520422399701
   880    -13.712098087550    -27.933374562030      0.427965209145      0.903795208972
   881    -13.472643435011    -26.962467012684      0.239454652539      0.970907549346
   882    -14.107488689150    -27.735106322644     -0.634845254139     -0.772639309961
   883    -13.256846951477    -27.209360534142      0.850641737673      0.525745788503
   884    -12.596755135945    -26.458175606799      0.660091815532      0.751184927343
   885    -11.867225782994    -27.142125110185      0.729529352951     -0.683949503387
   886    -11.625651167582    -26.171742863239      0.241574615412      0.970382246946
   887    -10.694566256442    -26.536545396464      0.931084911140     -0.364802533225
   888    -11.097759726717    -27.451660157315     -0.403193470275     -0.915114760851
   889    -10.642885950760    -26.561104236585      0.454873775956      0.890555920730
   890    -11.602928325538    -26.281249562458     -0.960042374778      0.279854674127
   891    -12.602928056149    -26.281983578310     -0.999999730610     -0.000734015852
   892    -12.179238369432    -25.376176176391      0.423689686717      0.905807401918
   893    -11.187507209601    -25.247843380041      0.991731159832      0.128332796351
   894    -10.573826079315    -26.037397349274      0.613681130285     -0.789553969233
   895     -9.573989419084    -26.019323809007      0.999836660231      0.018073540267
   896    -10.135515771599    -26.846782663229     -0.561526352515     -0.827458854222
   897     -9.247681519872    -27.306946048844      0.887834251727     -0.460163385615
   898     -9.662052061646    -28.217054313893     -0.414370541774     -0.910108265049
   899     -8.783612941985    -28.694908594033      0.878439119662     -0.477854280140
   900     -9.540051498524    -29.348973353962     -0.756438556539     -0.654064759929
   901     -8.565858603706    -29.123256266246      0.974192894818      0.225717087716
   902     -9.285917701264    -28.429343522434     -0.720059097558      0.693912743812
   903     -9.791620576983    -29.292051237416     -0.505702875719     -0.862707714982
   904     -9.007586076027    -29.912768484889      0.784034500956     -0.620717247473
   905     -9.152686859519    -30.902185364991     -0.145100783492     -0.989416880102
   906     -9.803316736622    -30.142790366969     -0.650629877103      0.759394998022
   907    -10.117233877260    -29.193339984477     -0.313917140638      0.949450382492
   908     -9.151611992874    -28.933389265312      0.965621884386      0.259950719165
   909     -8.448166123764    -28.222640428357      0.703445869109      0.710748836955
   910     -9.448155208508    -28.227312729103     -0.999989084743     -0.004672300746
   911     -8.599889518645    -27.697741846782      0.848265689863      0.529570882321
   912     -8.646572523164    -28.696651601008     -0.046683004519     -0.998909754227
   913     -9.468587670657    -29.266117225337     -0.822015147493     -0.569465624329
   914     -8.808377088481    -28.515036678935      0.660210582176      0.751080546402
   915     -7.862103049267    -28.838402482183      0.946274039214     -0.323365803247
   916     -8.313913855954    -29.730516261339     -0.451810806687     -0.892113779157
   917     -7.743977702689    -30.552205242160      0.569936153264     -0.821688980821
   918     -6.768591181047    -30.772707245320      0.975386521643     -0.220502003160
   919     -7.731432618158    -30.502639907453     -0.962841437111      0.270067337867
   920     -6.994054582393    -31.178120204998      0.737378035765     -0.675480297545
   921     -7.407462430178    -30.267574241639     -0.413407847785      0.910545963359
   922     -8.391704858980    -30.444398565037     -0.984242428802     -0.176824323398
   923     -9.130902499841    -29.770909999621     -0.739197640860      0.673488565416
   924     -9.928362036774    -29.167537571551     -0.797459536933      0.603372428069
   925     -9.237901267721    -29.890907412227      0.690460769053     -0.723369840676
   926     -9.126547049209    -28.897126632568      0.111354218512      0.993780779659
   927     -9.936278438944    -28.310325919823     -0.809731389735      0.586800712744
   928    -10.926228334988    -28.451744459356     -0.989949896044     -0.141418539532
   929    -10.486739123762    -27.553496590883      0.439489211226      0.898247868473
   930    -11.368426596884    -27.081662722090     -0.881687473122      0.471833868793
   931    -11.908538082021    -26.240069243252     -0.540111485137      0.841593478838
   932    -12.763701576744    -25.721710875621     -0.855163494723      0.518358367631
   933    -12.752168299985    -24.721777386069      0.011533276759      0.999933489552
   934    -11.851761031881    -25.156825373705      0.900407268104     -0.435047987636
   935    -11.200062673478    -24.398347127705      0.651698358403      0.758478246000
   936    -10.386939059797    -24.980438176317      0.813123613681     -0.582091048612
   937    -10.750419175940    -25.912040132718     -0.363480116143     -0.931601956400
   938    -10.360818055272    -24.991056437545      0.389601120668      0.920983695173
   939     -9.674738642108    -25.718583096049      0.686079413163     -0.727526658504
   940    -10.472472293734    -25.115573128417     -0.797733651626      0.603009967632
   941     -9.933088906202    -24.273512821043      0.539383387533      0.842060307374
   942    -10.525386137478    -23.467793273171     -0.592297231276      0.805719547872
   943    -11.524008506544    -23.520265780260     -0.998622369066     -0.052472507089
   944    -12.070105501854    -22.682543826558     -0.546096995310      0.837721953702
   945    -12.378573232620    -23.633778634099     -0.308467730766     -0.951234807540
   946    -11.584500762768    -24.241601727296      0.794072469851     -0.607823093198
   947    -10.652204242609    -24.603296624272      0.932296520160     -0.361694896975
   948     -9.724210934986    -24.230699763030      0.927993307623      0.372596861242
   949     -8.853764153636    -23.738437230597      0.870446781350      0.492262532433
   950     -9.326053274827    -22.856993536420     -0.472289121191      0.881443694177
   951     -8.486138359128    -22.314275437970      0.839914915699      0.542718098450
   952     -9.339547966811    -22.835516305048     -0.853409607684     -0.521240867079
   953     -9.494635320582    -23.823417065601     -0.155087353770     -0.987900760553
   954    -10.048757261077    -24.655852573650     -0.554121940495     -0.832435508049
   955     -9.264748196435    -24.035103198654      0.784009064642      0.620749374997
   956    -10.168474417500    -24.463214069059     -0.903726221065     -0.428110870406
   957    -11.089976464761    -24.851587570852     -0.921502047261     -0.388373501793
   958    -11.986015798602    -24.407612895662     -0.896039333841      0.443974675189
   959    -11.587593372124    -23.490410862259      0.398422426477      0.917202033404
   960    -12.206014357578    -22.704563876675     -0.618420985454      0.785846985584
   961    -12.429151001826    -21.729776700932     -0.223136644248      0.974787175743
   962    -12.796640713860    -22.659804287377     -0.367489712035     -0.930027586445
   963    -11.978615660098    -22.084621697744      0.818025053763      0.575182589633
   964    -11.502020222970    -22.963744436222      0.476595437128     -0.879122738478
   965    -11.848653910763    -22.025743857072     -0.346633687794      0.938000579150
   966    -11.448161743667    -22.942044039378      0.400492167096     -0.916300182306
   967    -10.990134787716    -23.830982342986      0.458026955952     -0.888938303608
   968    -10.068375382093    -24.218744638917      0.921759405623     -0.387762295931
   969     -9.128078256476    -23.878389948107      0.940297125617      0.340354690810
   970    -10.068347968456    -24.218820364979     -0.940269711981     -0.340430416872
   971     -9.398974786933    -24.961746703089      0.669373181524     -0.742926338109
   972     -8.618880380779    -25.587408526670      0.780094406154     -0.625661823582
   973     -9.144130414324    -24.736460583338     -0.525250033545      0.850947943332
   974     -9.654390288965    -23.876440315943     -0.510259874641      0.860020267396
   975     -9.131625166064    -23.023963555979      0.522765122901      0.852476759964
   976     -9.217765568090    -24.020246563532     -0.086140402026     -0.996283007553
   977     -9.422952360368    -24.998969394713     -0.205186792277     -0.978722831181
   978     -8.893037608959    -25.847020310778      0.529914751409     -0.848050916065
   979     -8.803278715778    -24.851056786800      0.089758893181      0.995963523978
   980     -9.779550263183    -24.634506871704     -0.976271547405      0.216549915096
   981    -10.550009677093    -23.997017819628     -0.770459413910      0.637489052076
   982    -10.700961586038    -24.985558927112     -0.150951908945     -0.988541107484
   983    -11.450357376800    -24.323436620595     -0.749395790762      0.662122306517
   984    -12.448321495577    -24.387214497901     -0.997964118777     -0.063777877306
   985    -11.815461668468    -23.612948110130      0.632859827109      0.774266387771
   986    -12.797053074513    -23.803941072249     -0.981591406045     -0.190992962119
   987    -11.915141982188    -24.275356839099      0.881911092325     -0.471415766850
   988    -12.471532743155    -23.444436072052     -0.556390760967      0.830920767047
   989    -13.150430031778    -24.178669326202     -0.678897288623     -0.734233254150
   990    -13.416017399880    -25.142756122038     -0.265587368102     -0.964086795836
   991    -14.006069836567    -25.950121046938     -0.590052436687     -0.807364924900
   992    -13.987411076710    -26.949946957125      0.018658759857     -0.999825910187
   993    -13.861572848758    -25.957896182020      0.125838227952      0.992050775105
   994    -13.771396394364    -26.953821986020      0.090176454395     -0.995925804000
   995    -13.947251615246    -27.938238026771     -0.175855220883     -0.984416040751
   996    -14.907409587510    -28.217695838075     -0.960157972263     -0.279457811304
   997    -13.909013090235    -28.274303560418      0.998396497275     -0.056607722342
   998    -14.376176716258    -27.390132679580     -0.467163626023      0.884170880837
   999    -15.347528521608    -27.152486576640     -0.971351805350      0.237646102941
  1000    -15.490807851854    -26.162804287456     -0.143279330246      0.989682289184
