# File chua thong tin toa do tai lan chay thu 11
##########################################################################################
#  Step                   x                   y            delta_x            delta_y
     1      0.000000000000      0.000000000000      0.000000000000      0.000000000000
     2     -0.999547992850     -0.030063432760     -0.999547992850     -0.030063432760
     3     -0.091933699039     -0.449868499035      0.907614293811     -0.419805066275
     4      0.671390242538     -1.095884412318      0.763323941577     -0.646015913283
     5      1.018147999988     -2.033839132786      0.346757757450     -0.937954720468
     6      0.022227092795     -2.124069652097     -0.995920907193     -0.090230519311
     7     -0.396378027131     -1.215901301200     -0.418605119926      0.908168350897
     8     -1.358347169568     -1.489059440379     -0.961969142437     -0.273158139179
     9     -1.206778599915     -2.477506185880      0.151568569653     -0.988446745502
    10     -1.511453140471     -1.525049664911     -0.304674540556      0.952456520969
    11     -0.514975261172     -1.608905708631      0.996477879299     -0.083856043719
    12      0.429872154355     -1.936416565507      0.944847415527     -0.327510856876
    13      0.753936258425     -0.990381441184      0.324064104070      0.946035124323
    14     -0.245573398221     -1.021693519863     -0.999509656646     -0.031312078680
    15     -0.643007905424     -0.104062977388     -0.397434507203      0.917630542476
    16     -1.236574765190     -0.908847658522     -0.593566859766     -0.804784681134
    17     -0.275955193559     -0.630980714465      0.960619571631      0.277866944057
    18     -1.265901239072     -0.772426205640     -0.989946045513     -0.141445491174
    19     -0.298672850917     -0.518518259430      0.967228388154      0.253907946209
    20     -0.821713624080     -1.370825920788     -0.523040773163     -0.852307661358
    21      0.150435396435     -1.136462352988      0.972149020515      0.234363567800
    22     -0.715936271498     -1.635862125719     -0.866371667933     -0.499399772731
    23     -1.603023208516     -1.174259736024     -0.887086937018      0.461602389695
    24     -2.015287211486     -0.263195308085     -0.412264002970      0.911064427939
    25     -3.012444320640     -0.187844796054     -0.997157109154      0.075350512031
    26     -3.864378974490     -0.711492908406     -0.851934653850     -0.523648112351
    27     -4.359192454201     -1.580492114560     -0.494813479711     -0.868999206154
    28     -3.451665042378     -2.000484967822      0.907527411822     -0.419992853262
    29     -4.451156966294     -2.032358060359     -0.999491923915     -0.031873092537
    30     -5.336177348799     -2.497910337284     -0.885020382505     -0.465552276925
    31     -4.622750991198     -1.797180123664      0.713426357601      0.700730213620
    32     -3.759464091715     -1.292466611677      0.863286899483      0.504713511986
    33     -4.652945533779     -0.843366497351     -0.893481442063      0.449100114327
    34     -5.509661578168     -0.327578149977     -0.856716044389      0.515788347374
    35     -4.916567162046      0.477554766730      0.593094416122      0.805132916707
    36     -5.127331338526     -0.499982169612     -0.210764176480     -0.977536936342
    37     -5.873087238645     -1.166201455911     -0.745755900120     -0.666219286299
    38     -5.058371309183     -1.746061744499      0.814715929462     -0.579860288587
    39     -5.900203296483     -1.206322080255     -0.841831987300      0.539739664244
    40     -5.525092222561     -2.133301951784      0.375111073922     -0.926979871530
    41     -4.526529253838     -2.186892972436      0.998562968723     -0.053591020652
    42     -3.848969382187     -1.451425352259      0.677559871651      0.735467620177
    43     -4.836945286579     -1.606033283303     -0.987975904391     -0.154607931044
    44     -4.038669181799     -2.208324957277      0.798276104780     -0.602291673974
    45     -4.705781876385     -2.953281769933     -0.667112694586     -0.744956812656
    46     -4.694803532119     -3.953221506096      0.010978344266     -0.999939736163
    47     -4.030833453081     -4.700980647894      0.663970079038     -0.747759141798
    48     -3.060339154966     -4.942104718292      0.970494298116     -0.241124070398
    49     -2.383040926858     -5.677813295245      0.677298228108     -0.735708576953
    50     -1.450099141107     -6.037840550324      0.932941785751     -0.360027255079
    51     -2.123794756138     -5.298831607016     -0.673695615031      0.739008943307
    52     -3.028287968187     -5.725319624851     -0.904493212049     -0.426488017835
    53     -4.009049490329     -5.920529349724     -0.980761522142     -0.195209724873
    54     -3.901950543140     -4.926280982609      0.107098947189      0.994248367115
    55     -3.093483278640     -5.514822130050      0.808467264500     -0.588541147441
    56     -3.937985713955     -4.979270417565     -0.844502435315      0.535551712486
    57     -4.854866362414     -4.580108950885     -0.916880648459      0.399161466679
    58     -3.941442396136     -4.987118358429      0.913423966278     -0.407009407544
    59     -3.083578475925     -5.500995283772      0.857863920211     -0.513876925343
    60     -4.083062178465     -5.533125150837     -0.999483702540     -0.032129867065
    61     -4.831912206414     -4.870385657793     -0.748850027949      0.662739493044
    62     -3.955915564648     -4.388068455515      0.875996641767      0.482317202279
    63     -4.791368333407     -3.838506201377     -0.835452768759      0.549562254138
    64     -4.405082974934     -2.916126874945      0.386285358473      0.922379326432
    65     -5.089132313607     -2.186691132565     -0.684049338673      0.729435742380
    66     -5.728208096051     -2.955834906052     -0.639075782444     -0.769143773487
    67     -5.922029148683     -3.936871806253     -0.193821052632     -0.981036900201
    68     -6.918981718591     -3.858861721308     -0.996952569908      0.078010084945
    69     -7.245682149266     -2.913733778331     -0.326700430676      0.945127942977
    70     -8.054940311475     -3.501186948293     -0.809258162209     -0.587453169962
    71     -8.980407803167     -3.122359914118     -0.925467491692      0.378827034175
    72     -9.825508542508     -2.587752824412     -0.845100739342      0.534607089706
    73    -10.553123862618     -3.273738207595     -0.727615320110     -0.685985383183
    74     -9.553462492701     -3.299760227022      0.999661369917     -0.026022019427
    75     -8.657781917911     -2.855062230689      0.895680574791      0.444697996333
    76     -9.533696535539     -2.372596084079     -0.875914617629      0.482466146610
    77     -9.041699070954     -3.243192715615      0.491997464585     -0.870596631536
    78     -8.308229347741     -3.922914839081      0.733469723213     -0.679722123466
    79     -7.389517880048     -4.317844249395      0.918711467692     -0.394929410313
    80     -7.875688925198     -3.443980578758     -0.486171045149      0.873863670636
    81     -8.856411928941     -3.639383725939     -0.980723003744     -0.195403147181
    82     -9.739842131341     -3.170820947342     -0.883430202400      0.468562778598
    83     -9.050053218752     -2.446810411459      0.689788912589      0.724010535883
    84     -8.056899862452     -2.329992558076      0.993153356301      0.116817853383
    85     -7.980012906917     -3.327032374768      0.076886955535     -0.997039816692
    86     -6.980034856922     -3.320406702962      0.999978049996      0.006625671806
    87     -7.079551051152     -4.315442645572     -0.099516194230     -0.995035942610
    88     -6.889006366891     -5.297121168969      0.190544684261     -0.981678523398
    89     -5.900597557256     -5.145305408800      0.988408809635      0.151815760169
    90     -6.797821952688     -4.703730517937     -0.897224395433      0.441574890863
    91     -6.694097671469     -3.709124428329      0.103724281219      0.994606089608
    92     -7.239240130897     -2.870781002919     -0.545142459428      0.838343425410
    93     -7.201798832605     -1.871482174148      0.037441298292      0.999298828771
    94     -6.207233114430     -1.975592847137      0.994565718175     -0.104110672989
    95     -6.317718714396     -0.981715122163     -0.110485599967      0.993877724974
    96     -7.155758614080     -1.527324072362     -0.838039899684     -0.545608950199
    97     -7.882802023342     -0.840732577331     -0.727043409262      0.686591495031
    98     -8.584659393006     -1.553050085644     -0.701857369664     -0.712317508313
    99     -9.145342591530     -0.725019681073     -0.560683198524      0.828030404570
   100     -8.795576143593      0.211817248119      0.349766447937      0.936836929192
   101     -9.001071848963     -0.766840769309     -0.205495705370     -0.978658017427
   102     -9.764035408974     -0.120399274589     -0.762963560011      0.646441494720
   103    -10.677159719500      0.287281965507     -0.913124310526      0.407681240096
   104    -11.077077472363     -0.629269064684     -0.399917752863     -0.916551030191
   105    -11.977710370397     -0.194688366793     -0.900632898034      0.434580697891
   106    -12.970158105489     -0.317356590516     -0.992447735092     -0.122668223722
   107    -13.970140314063     -0.323321700234     -0.999982208575     -0.005965109718
   108    -14.319253870423     -1.260402126220     -0.349113556359     -0.937080425986
   109    -13.685096945397     -0.487197758383      0.634156925026      0.773204367837
   110    -13.671952505651     -1.487111366503      0.013144439746     -0.999913608120
   111    -14.522616473608     -2.012821185338     -0.850663967957     -0.525709818835
   112    -15.522592295127     -2.019775060369     -0.999975821519     -0.006953875031
   113    -14.614719529039     -1.600529260633      0.907872766088      0.419245799736
   114    -15.400925053522     -0.982564153792     -0.786205524483      0.617965106841
   115    -14.836625545383     -1.808134299276      0.564299508139     -0.825570145484
   116    -14.461019594709     -2.734913760539      0.375605950673     -0.926779461263
   117    -15.199016530822     -2.060109698394     -0.737996936113      0.674804062145
   118    -14.270159224846     -1.689671977400      0.928857305976      0.370437720993
   119    -14.933299710376     -0.941177023208     -0.663140485529      0.748494954193
   120    -13.962969401329     -0.699393873785      0.970330309047      0.241783149423
   121    -14.156943336585      0.281612809393     -0.193973935257      0.981006683179
   122    -13.774356122941      1.205532191134      0.382587213644      0.923919381741
   123    -13.818036874661      0.206486650666     -0.043680751720     -0.999045540468
   124    -13.746729013296      1.203941004964      0.071307861365      0.997454354298
   125    -13.060725819535      1.931539533103      0.686003193761      0.727598528139
   126    -12.951736798890      0.937496579615      0.108989020646     -0.994042953488
   127    -12.993075294868     -0.061648619418     -0.041338495978     -0.999145199033
   128    -12.265297526948      0.624164416709      0.727777767920      0.685813036127
   129    -11.765515598452      1.490315687533      0.499781928496      0.866151270823
   130    -11.730505608353      2.489702649922      0.035009990099      0.999386962389
   131    -10.895945183362      3.040619065578      0.834560424991      0.550916415656
   132     -9.897212299490      2.990293856472      0.998732883873     -0.050325209106
   133     -9.525882623557      2.061792767743      0.371329675933     -0.928501088729
   134     -8.855996530823      1.319328881239      0.669886092734     -0.742463886503
   135     -8.172032695583      2.048844797504      0.683963835241      0.729515916264
   136     -7.562591207456      2.841675846688      0.609441488126      0.792831049184
   137     -8.118029266136      3.673233759866     -0.555438058680      0.831557913179
   138     -9.102754702538      3.847348132914     -0.984725436403      0.174114373048
   139     -8.642166169184      4.734961901928      0.460588533354      0.887613769014
   140     -7.642466496180      4.710455498766      0.999699673004     -0.024506403161
   141     -7.179154452638      3.824260288720      0.463312043542     -0.886195210046
   142     -7.310640879810      2.832942317800     -0.131486427172     -0.991317970920
   143     -6.316382227436      2.725938896457      0.994258652374     -0.107003421343
   144     -7.014265694273      3.442150224708     -0.697883466837      0.716211328251
   145     -6.811502566072      2.462922409620      0.202763128201     -0.979227815088
   146     -7.549754262975      1.788397071311     -0.738251696903     -0.674525338309
   147     -7.225449684761      2.734349787122      0.324304578213      0.945952715811
   148     -8.010231676731      2.114577873366     -0.784781991969     -0.619771913756
   149     -7.864535244017      1.125248530076      0.145696432713     -0.989329343290
   150     -8.386982920411      1.977919876745     -0.522447676394      0.852671346669
   151     -9.230061829277      2.515709755254     -0.843078908865      0.537789878509
   152     -9.001650952840      3.489274581819      0.228410876437      0.973564826565
   153     -8.208426432055      4.098203854909      0.793224520785      0.608929273090
   154     -8.885166409672      4.834425969964     -0.676739977617      0.736222115054
   155     -9.874235658424      4.981877728763     -0.989069248752      0.147451758799
   156     -9.505518333351      4.052336156701      0.368717325073     -0.929541572062
   157    -10.466258428107      3.774886214679     -0.960740094756     -0.277449942021
   158    -10.346717288490      4.767715462808      0.119541139617      0.992829248128
   159    -10.337837292322      5.767676034865      0.008879996168      0.999960572057
   160    -11.080833370982      6.436971804384     -0.742996078660      0.669295769519
   161    -11.299322366014      7.412811216915     -0.218488995032      0.975839412531
   162    -10.299499344792      7.393998289598      0.999823021222     -0.018812927317
   163    -11.025358839883      6.706155289062     -0.725859495090     -0.687843000537
   164    -10.688643423410      5.764548827577      0.336715416473     -0.941606461485
   165    -11.675332490474      5.601930609235     -0.986689067064     -0.162618218343
   166    -11.461372179841      6.578772963698      0.213960310632      0.976842354464
   167    -12.328101856005      7.077551139300     -0.866729676164      0.498778175602
   168    -12.802525793253      6.197254639383     -0.474423937248     -0.880296499917
   169    -11.828993484151      6.425804071967      0.973532309102      0.228549432584
   170    -12.577028282156      7.089463578772     -0.748034798005      0.663659506806
   171    -13.468104098796      6.635609098791     -0.891075816640     -0.453854479981
   172    -12.675422016280      7.245244330760      0.792682082516      0.609635231969
   173    -11.881446079967      6.637295144927      0.793975936313     -0.607949185834
   174    -10.952776349548      7.008202858250      0.928669730419      0.370907713324
   175    -11.582238276287      6.231171531477     -0.629461926739     -0.777031326773
   176    -12.506297333182      5.848921797181     -0.924059056895     -0.382249734297
   177    -13.370084918390      6.352777935022     -0.863787585208      0.503856137841
   178    -12.896699458081      5.471922551904      0.473385460309     -0.880855383118
   179    -13.530526813900      4.698447999630     -0.633827355819     -0.773474552274
   180    -14.032679306856      5.563227089235     -0.502152492956      0.864779089605
   181    -13.458770422278      4.744307928266      0.573908884579     -0.818919160969
   182    -13.612530601622      3.756199732142     -0.153760179344     -0.988108196124
   183    -12.839788067421      4.390919336248      0.772742534201      0.634719604106
   184    -11.893932296156      4.066332121520      0.945855771265     -0.324587214728
   185    -10.907257626855      4.229037674465      0.986674669301      0.162705552945
   186    -11.080422767726      5.213930477762     -0.173165140872      0.984892803297
   187    -10.763859218783      4.265359173389      0.316563548943     -0.948571304373
   188    -11.439864452612      3.528462353043     -0.676005233829     -0.736896820346
   189    -12.434223306116      3.422394118127     -0.994358853504     -0.106068234916
   190    -12.787884269629      4.357767799009     -0.353660963513      0.935373680882
   191    -11.845155675901      4.691328585924      0.942728593728      0.333560786915
   192    -12.417719113678      3.871468165047     -0.572563437777     -0.819860420877
   193    -12.310063777272      4.865656441252      0.107655336407      0.994188276205
   194    -13.223282838196      4.458187489349     -0.913219060924     -0.407468951903
   195    -12.763927683663      5.346440179750      0.459355154533      0.888252690401
   196    -11.850647767816      5.753772716274      0.913279915847      0.407332536524
   197    -10.875445857498      5.975089760605      0.975201910318      0.221317044331
   198    -10.144983360062      6.658042569985      0.730462497436      0.682952809380
   199    -11.097006926520      6.964067289424     -0.952023566458      0.306024719439
   200    -11.924087248822      7.526151038042     -0.827080322302      0.562083748618
   201    -11.253312022368      8.267811739155      0.670775226454      0.741660701113
   202    -11.208778471631      7.268803849868      0.044533550737     -0.999007889288
   203    -10.542384474529      8.014403635696      0.666393997102      0.745599785828
   204     -9.551043110719      7.883093695483      0.991341363810     -0.131309940213
   205     -8.924940563105      7.103352969426      0.626102547614     -0.779740726056
   206     -9.666893605096      7.773804819659     -0.741953041991      0.670451850233
   207    -10.565366770815      7.334776380396     -0.898473165720     -0.439028439263
   208    -10.073603184952      8.205505141617      0.491763585864      0.870728761222
   209     -9.591003002998      7.329664365917      0.482600181953     -0.875840775700
   210     -9.525712468894      8.327530662651      0.065290534104      0.997866296733
   211    -10.519396674329      8.215317918855     -0.993684205434     -0.112212743796
   212     -9.526204236332      8.331803029950      0.993192437996      0.116485111095
   213     -9.771827274165      9.301168452938     -0.245623037833      0.969365422989
   214    -10.620625658600      9.829885109173     -0.848798384435      0.528716656235
   215     -9.635494338993     10.001688145029      0.985131319607      0.171803035856
   216     -8.837998615142      9.398363547123      0.797495723851     -0.603324597907
   217     -8.394746420594     10.294760497155      0.443252194548      0.896396950033
   218     -7.738714344432     11.049493506270      0.656032076162      0.754733009114
   219     -8.723835148301     10.877630183293     -0.985120803869     -0.171863322977
   220     -8.044131273045     10.144143549494      0.679703875256     -0.733486633799
   221     -7.251968711789     10.754453697324      0.792162561256      0.610310147830
   222     -6.409056920544     10.216401922697      0.842911791245     -0.538051774627
   223     -7.301827844066      9.765891014824     -0.892770923523     -0.450510907873
   224     -6.883186773073      8.857739235837      0.418641070993     -0.908151778987
   225     -7.765530256389      9.328345204191     -0.882343483316      0.470605968353
   226     -6.855309109925      9.742467727763      0.910221146464      0.414122523573
   227     -6.471188927122      8.819184626454      0.384120182803     -0.923283101309
   228     -5.923839643033      7.982280354027      0.547349284089     -0.836904272427
   229     -4.956045641264      7.730536893060      0.967794001769     -0.251743460966
   230     -5.782658818200      8.293307410870     -0.826613176936      0.562770517810
   231     -6.651038932798      8.789206570549     -0.868380114599      0.495899159678
   232     -7.499712225289      8.260289145412     -0.848673292491     -0.528917425137
   233     -6.504521806799      8.162329812287      0.995190418490     -0.097959333125
   234     -5.820088241099      8.891405044442      0.684433565701      0.729075232155
   235     -5.231083450102      9.699534586151      0.589004790997      0.808129541709
   236     -4.546322578237     10.428302414999      0.684760871865      0.728767828848
   237     -3.977293252822     11.250619645037      0.569029325415      0.822317230038
   238     -3.795448375802     10.267292415321      0.181844877020     -0.983327229716
   239     -4.663125113993     10.764421249732     -0.867676738191      0.497128834411
   240     -5.510716360966     10.233771574282     -0.847591246973     -0.530649675450
   241     -4.595469808992      9.830877358513      0.915246551974     -0.402894215769
   242     -5.278857217249     10.560933281190     -0.683387408257      0.730055922677
   243     -4.546789268943      9.879701661942      0.732067948306     -0.681231619248
   244     -4.454382119570     10.875422967702      0.092407149374      0.995721305760
   245     -4.931984222804     11.753999219934     -0.477602103234      0.878576252232
   246     -4.515199871453     10.844993826953      0.416784351351     -0.909005392981
   247     -4.491964439590     11.844723847862      0.023235431863      0.999730020909
   248     -5.067061506704     11.026638666846     -0.575097067114     -0.818085181016
   249     -5.882581141601     11.605368072612     -0.815519634897      0.578729405766
   250     -6.717778700935     12.155318103870     -0.835197559335      0.549950031258
   251     -7.576641400873     12.667523983039     -0.858862699938      0.512205879169
   252     -6.911788211225     11.920549929799      0.664853189649     -0.746974053240
   253     -6.268278368419     12.685987766735      0.643509842805      0.765437836936
   254     -5.842898647400     11.780972798381      0.425379721020     -0.905014968354
   255     -6.819153602862     11.564348095416     -0.976254955463     -0.216624702965
   256     -5.822832418628     11.650045807433      0.996321184235      0.085697712018
   257     -6.086458900863     12.614670645318     -0.263626482235      0.964624837885
   258     -6.792353013752     13.322988018667     -0.705894112889      0.708317373349
   259     -6.273515026661     14.177860607508      0.518837987091      0.854872588841
   260     -5.387516160909     14.641548012865      0.885998865752      0.463687405357
   261     -6.356705508452     14.395231126294     -0.969189347543     -0.246316886571
   262     -7.279472838547     14.780588693378     -0.922767330095      0.385357567085
   263     -8.262136075377     14.595189224714     -0.982663236831     -0.185399468665
   264     -9.205055292902     14.928210769396     -0.942919217525      0.333021544683
   265     -8.298263253216     14.506632547992      0.906792039686     -0.421578221404
   266     -7.311073468116     14.666182941893      0.987189785100      0.159550393901
   267     -6.731221402649     13.851461159827      0.579852065467     -0.814721782066
   268     -7.554437982246     14.419188614752     -0.823216579597      0.567727454926
   269     -6.866354866635     15.144820495261      0.688083115611      0.725631880509
   270     -7.084735893418     16.120684075451     -0.218381026783      0.975863580190
   271     -7.806992053845     15.429058426183     -0.722256160427     -0.691625649268
   272     -8.745507912800     15.083822300482     -0.938515858955     -0.345236125702
   273     -9.735358031871     14.941707059305     -0.989850119071     -0.142115241177
   274    -10.644111255153     15.359040953417     -0.908753223282      0.417333894113
   275    -11.302438744964     14.606309317203     -0.658327489811     -0.752731636215
   276    -10.518670961053     15.227363309141      0.783767783911      0.621053991939
   277    -10.991672621179     16.108424844743     -0.473001660126      0.881061535602
   278     -9.991850070089     16.089586948576      0.999822551090     -0.018837896168
   279     -9.204512592218     16.706109207654      0.787337477872      0.616522259078
   280    -10.107946542688     16.277381908385     -0.903433950470     -0.428727299268
   281    -11.087795799985     16.077643497020     -0.979849257297     -0.199738411365
   282    -11.831476449886     15.409108463561     -0.743680649901     -0.668535033459
   283    -10.874493643206     15.699253095977      0.956982806680      0.290144632416
   284    -11.497627850912     16.481368023073     -0.623134207705      0.782114927097
   285    -10.539044739201     16.196555070520      0.958583111711     -0.284812952554
   286     -9.962056688510     15.379802482914      0.576988050690     -0.816752587606
   287    -10.718151258476     16.034264858662     -0.756094569965      0.654462375748
   288    -11.221542996137     16.898323165985     -0.503391737662      0.864058307323
   289    -10.577311560004     17.663153772523      0.644231436134      0.764830606538
   290    -11.408999760622     17.107910819436     -0.831688200618     -0.555242953087
   291    -12.028075494279     17.893242110036     -0.619075733657      0.785331290601
   292    -11.422250713602     18.688840209027      0.605824780677      0.795598098991
   293    -11.704659869920     19.648134255932     -0.282409156318      0.959294046905
   294    -11.868184635730     18.661595026623     -0.163524765810     -0.986539229310
   295    -11.306161636281     17.834473422449      0.562022999449     -0.827121604173
   296    -10.665472118427     18.602273488685      0.640689517854      0.767800066236
   297     -9.991630185661     17.863397958135      0.673841932766     -0.738875530550
   298     -9.242527310275     18.525851641112      0.749102875385      0.662453682977
   299     -9.686140218839     19.422070134201     -0.443612908564      0.896218493089
   300     -8.857836114846     18.861791354211      0.828304103994     -0.560278779990
   301     -8.176462439214     18.129855623319      0.681373675632     -0.731935730892
   302     -9.140897057204     18.394177146513     -0.964434617990      0.264321523194
   303     -9.814961990816     17.655505050604     -0.674064933612     -0.738672095909
   304    -10.645439845584     17.098453407810     -0.830477854769     -0.557051642793
   305    -11.416172629528     16.461294890835     -0.770732783944     -0.637158516976
   306    -11.499251286425     17.457837883770     -0.083078656898      0.996542992935
   307    -10.503480002244     17.549704905058      0.995771284181      0.091867021288
   308    -11.428550752026     17.169910081636     -0.925070749782     -0.379794823422
   309    -11.622749611172     16.188947899334     -0.194198859145     -0.980962182302
   310    -11.227850081644     15.270223587269      0.394899529528     -0.918724312065
   311    -10.520199726445     15.976786376259      0.707650355199      0.706562788991
   312    -10.192731591724     16.921648599413      0.327468134721      0.944862223154
   313    -11.191308829044     16.974973088224     -0.998577237320      0.053324488811
   314    -12.148280994034     17.265152817760     -0.956972164990      0.290179729536
   315    -13.073453520358     16.885605987270     -0.925172526324     -0.379546830490
   316    -13.790760086726     16.188848289181     -0.717306566367     -0.696757698089
   317    -13.764190345928     15.189201327062      0.026569740798     -0.999646962119
   318    -14.409881183476     15.952800267806     -0.645690837549      0.763598940744
   319    -13.963560785412     16.847673500322      0.446320398064      0.894873232515
   320    -13.072443794106     17.301447130897      0.891116991306      0.453773630576
   321    -13.915324735913     17.839547231194     -0.842880941807      0.538100100297
   322    -14.885817731420     17.598417918021     -0.970492995507     -0.241129313173
   323    -14.255903077338     16.821753557714      0.629914654083     -0.776664360307
   324    -13.665444189051     16.014685839834      0.590458888287     -0.807067717879
   325    -12.717253859537     15.696982992795      0.948190329514     -0.317702847039
   326    -13.707450616369     15.836662564532     -0.990196756831      0.139679571737
   327    -14.468851823934     15.188381606059     -0.761401207566     -0.648280958472
   328    -15.438991450740     14.945834487956     -0.970139626806     -0.242547118103
   329    -16.230781147752     14.335040680108     -0.791789697012     -0.610793807848
   330    -16.853477600402     13.552577180731     -0.622696452650     -0.782463499377
   331    -16.105354438884     14.216137076445      0.748123161518      0.663559895714
   332    -15.335631023589     14.854514601070      0.769723415295      0.638377524625
   333    -14.345310198417     14.993311802878      0.990320825173      0.138797201808
   334    -13.515836331734     15.551857328768      0.829473866682      0.558545525890
   335    -13.850950353280     16.494034908932     -0.335114021545      0.942177580164
   336    -13.178288838720     17.233985236204      0.672661514559      0.739950327272
   337    -13.649923766879     18.115779143271     -0.471634928159      0.881793907067
   338    -12.798573637168     17.591181243313      0.851350129711     -0.524597899959
   339    -13.304286604483     16.728479443912     -0.505712967315     -0.862701799401
   340    -13.630764551482     15.783274624773     -0.326477946998     -0.945204819139
   341    -14.325570390608     16.502471987056     -0.694805839126      0.719197362284
   342    -13.604309042448     17.195135013102      0.721261348160      0.692663026046
   343    -14.579821322535     16.975190039529     -0.975512280087     -0.219944973573
   344    -15.560164878425     16.777892010078     -0.980343555890     -0.197298029451
   345    -16.233272874602     17.517436211247     -0.673107996177      0.739544201169
   346    -16.788712867416     18.348992832520     -0.555439992814      0.831556621273
   347    -15.819729293224     18.596117968731      0.968983574191      0.247125136211
   348    -16.180663339375     17.663526625039     -0.360934046151     -0.932591343692
   349    -16.222167626915     18.662664950855     -0.041504287540      0.999138325817
   350    -16.968381986902     19.328370688362     -0.746214359987      0.665705737507
   351    -16.727553571272     20.298938395544      0.240828415630      0.970567707182
   352    -15.922073318175     20.891561008908      0.805480253097      0.592622613364
   353    -14.965449336677     21.182886527914      0.956623981497      0.291325519006
   354    -14.220572485767     21.850088504064      0.744876850910      0.667201976150
   355    -14.552789546545     22.793291464475     -0.332217060778      0.943202960411
   356    -14.841384375333     21.835840147281     -0.288594828788     -0.957451317194
   357    -13.842839941543     21.781904873592      0.998544433790     -0.053935273689
   358    -14.311264419376     22.665408415501     -0.468424477833      0.883503541910
   359    -13.390752484849     22.274693969399      0.920511934527     -0.390714446102
   360    -12.395503491121     22.177331551164      0.995248993727     -0.097362418235
   361    -13.348051712393     22.481719274556     -0.952548221272      0.304387723392
   362    -12.528738433990     23.055065375817      0.819313278404      0.573346101261
   363    -12.546125107496     22.055216535449     -0.017386673507     -0.999848840368
   364    -11.860298326798     22.782981351085      0.685826780698      0.727764815635
   365    -12.581901504798     23.475288258100     -0.721603178000      0.692306907015
   366    -11.899509571628     22.744301767428      0.682391933169     -0.730986490672
   367    -12.651181717005     23.403838715494     -0.751672145377      0.659536948066
   368    -13.552322675789     23.837364922779     -0.901140958784      0.433526207285
   369    -14.381748625418     24.395981601800     -0.829425949630      0.558616679022
   370    -13.761880688061     25.180687750774      0.619867937357      0.784706148973
   371    -13.766780072218     26.180675748719     -0.004899384157      0.999987997945
   372    -12.845395423786     26.569327687648      0.921384648432      0.388651938929
   373    -13.379974123790     27.414446385525     -0.534578700004      0.845118697877
   374    -14.020471190468     28.182407001428     -0.640497066678      0.767960615903
   375    -13.045595069899     28.405154727669      0.974876120568      0.222747726241
   376    -12.622004096818     27.499301159191      0.423590973081     -0.905853568478
   377    -11.967738389202     28.255565916956      0.654265707616      0.756264757765
   378    -11.295490324563     28.995891885424      0.672248064640      0.740325968468
   379    -10.295614009120     28.980164399379      0.999876315442     -0.015727486045
   380    -11.028568420011     28.299886638787     -0.732954410890     -0.680277760592
   381    -10.216105172852     27.716874227241      0.812463247159     -0.583012411546
   382     -9.312870734724     28.146021695811      0.903234438128      0.429147468570
   383     -9.846906364834     27.300559724003     -0.534035630109     -0.845461971808
   384     -8.966470466469     27.774724915546      0.880435898365      0.474165191543
   385     -8.001268263815     27.513220215796      0.965202202655     -0.261504699749
   386     -8.268505755012     26.549589517189     -0.267237491197     -0.963630698608
   387     -7.558467705860     25.845426206048      0.710038049152     -0.704163311141
   388     -7.337748261305     26.820763546046      0.220719444555      0.975337339998
   389     -7.675622427689     27.761954837809     -0.337874166384      0.941191291763
   390     -8.624116495430     27.445159946025     -0.948494067741     -0.316794891784
   391     -8.008592260640     26.657041987603      0.615524234789     -0.788117958422
   392     -7.085447885967     27.041495448388      0.923144374673      0.384453460785
   393     -7.859608717549     26.408506501531     -0.774160831582     -0.632988946858
   394     -7.662189306133     27.388825620999      0.197419411417      0.980319119469
   395     -6.667815380954     27.494752468047      0.994373925178      0.105926847048
   396     -6.402342705076     28.458870852044      0.265472675878      0.964118383998
   397     -5.686645819646     29.157281883018      0.715696885430      0.698411030973
   398     -6.435983037671     28.495093289275     -0.749337218024     -0.662188593743
   399     -6.175992484421     27.529482129324      0.259990553250     -0.965611159950
   400     -5.336882483249     26.985520360508      0.839110001171     -0.543961768817
   401     -6.248803311003     26.575154177801     -0.911920827753     -0.410366182707
   402     -5.776322002399     25.693813487137      0.472481308604     -0.881340690664
   403     -5.532943747566     26.663744940939      0.243378254833      0.969931453802
   404     -5.245269096785     25.706016746043      0.287674650781     -0.957728194896
   405     -4.700141454572     24.867663685755      0.545127642213     -0.838353060288
   406     -5.492264569199     25.478025030594     -0.792123114627      0.610361344839
   407     -6.084709113911     26.283636265272     -0.592444544713      0.805611234679
   408     -5.335475976610     25.621329911710      0.749233137302     -0.662306353562
   409     -4.685503627528     24.861372054044      0.649972349082     -0.759957857666
   410     -5.411971126539     25.548572878315     -0.726467499012      0.687200824272
   411     -6.360085718363     25.866501676589     -0.948114591823      0.317928798274
   412     -5.361223917676     25.914199717725      0.998861800687      0.047698041136
   413     -6.000592167723     25.145299047397     -0.639368250047     -0.768900670328
   414     -5.200429795746     24.545515604417      0.800162371977     -0.599783442980
   415     -5.701814887052     23.680291361682     -0.501385091305     -0.865224242735
   416     -5.421838610959     22.720284442527      0.279976276093     -0.960006919155
   417     -4.523831446420     23.160265274424      0.898007164539      0.439980831897
   418     -4.471496486365     24.158894861386      0.052334960055      0.998629586962
   419     -4.991566049374     25.013018769044     -0.520069563009      0.854123907657
   420     -4.770366259447     24.037790255855      0.221199789927     -0.975228513189
   421     -3.785188825121     24.209328656500      0.985177434326      0.171538400645
   422     -4.551030207705     24.852358186710     -0.765841382583      0.643029530210
   423     -4.458373452104     25.848056296401      0.092656755601      0.995698109691
   424     -4.290232873567     26.833819323629      0.168140578537      0.985763027228
   425     -5.049859528112     26.183459926291     -0.759626654544     -0.650359397338
   426     -4.226730126970     25.615606081560      0.823129401142     -0.567853844731
   427     -3.463037857794     24.970025631112      0.763692269176     -0.645580450448
   428     -2.467169906495     25.060838755589      0.995867951298      0.090813124477
   429     -1.638259734635     24.501457019218      0.828910171861     -0.559381736371
   430     -0.747488921394     24.047004207279      0.890770813240     -0.454452811939
   431      0.088705433768     23.498570984002      0.836194355163     -0.548433223277
   432     -0.293494874065     22.574491482718     -0.382200307833     -0.924079501283
   433      0.387854782398     21.842533392635      0.681349656462     -0.731958090083
   434     -0.534038253822     22.229977878684     -0.921893036220      0.387444486049
   435      0.237463386215     22.866205211813      0.771501640037      0.636227333129
   436      1.186019193882     23.182815192294      0.948555807667      0.316609980481
   437      2.035168914577     23.710967397481      0.849149720695      0.528152205187
   438      1.038330064344     23.631517371260     -0.996838850233     -0.079450026221
   439      0.640285402796     24.548883409117     -0.398044661548      0.917366037857
   440     -0.039762218406     25.282051352291     -0.680047621202      0.733167943174
   441     -0.582845045713     26.121730483081     -0.543082827307      0.839679130790
   442     -1.183457794731     26.921270554445     -0.600612749018      0.799540071364
   443     -1.928750085304     27.588008435183     -0.745292290573      0.666737880739
   444     -1.322739300277     26.792552007445      0.606010785027     -0.795456427739
   445     -2.150602507490     27.353482047774     -0.827863207212      0.560930040329
   446     -1.216705314771     26.995940395051      0.933897192719     -0.357541652723
   447     -0.223947274754     27.116071465066      0.992758040016      0.120131070015
   448     -0.904756469197     27.848532276825     -0.680809194442      0.732460811759
   449     -1.464040021164     27.019555854664     -0.559283551967     -0.828976422161
   450     -2.436774190373     26.787632944945     -0.972734169209     -0.231922909719
   451     -3.432108144687     26.691142948625     -0.995333954314     -0.096489996320
   452     -2.950747203446     27.567665420811      0.481360941241      0.876522472186
   453     -3.803772946620     28.089534256326     -0.853025743174      0.521868835515
   454     -4.767640106595     27.823150889875     -0.963867159975     -0.266383366452
   455     -4.560932584795     28.801553670140      0.206707521801      0.978402780265
   456     -3.593986713127     28.546571942825      0.966945871668     -0.254981727315
   457     -4.549650078943     28.841033368545     -0.955663365816      0.294461425720
   458     -4.480467830871     27.843429330586      0.069182248071     -0.997604037959
   459     -5.137527534662     28.597267871426     -0.657059703790      0.753838540839
   460     -4.393361651783     29.265262735747      0.744165882879      0.667994864321
   461     -5.096589801201     28.554298482169     -0.703228149419     -0.710964253578
   462     -6.096575041847     28.548865389895     -0.999985240645     -0.005433092274
   463     -5.853343163961     27.578897218468      0.243231877886     -0.969968171426
   464     -4.873926485341     27.377048340242      0.979416678620     -0.201848878227
   465     -3.900308433814     27.605232234813      0.973618051526      0.228183894571
   466     -3.010045787764     28.060679730193      0.890262646050      0.455447495380
   467     -2.016645195941     28.175376130160      0.993400591823      0.114696399968
   468     -1.047422443875     28.421561541745      0.969222752066      0.246185411585
   469     -0.073320583393     28.195451910356      0.974101860481     -0.226109631389
   470     -0.704059976538     28.971446638390     -0.630739393144      0.775994728034
   471     -1.296429789323     29.777112825405     -0.592369812786      0.805666187015
   472     -0.818070609480     28.898948549737      0.478359179844     -0.878164275668
   473      0.180893191515     28.944460353729      0.998963800995      0.045511803991
   474     -0.072568922859     27.977115039698     -0.253462114373     -0.967345314031
   475      0.876156462546     28.293216515634      0.948725385405      0.316101475936
   476      1.531087937364     27.537528244392      0.654931474818     -0.755688271242
   477      2.435546053628     27.110965803566      0.904458116264     -0.426562440826
   478      1.965980520420     27.993863425050     -0.469565533208      0.882897621485
   479      2.963683608063     27.926124596387      0.997703087643     -0.067738828663
   480      3.889277564609     28.304642532031      0.925593956547      0.378517935644
   481      3.605007329013     27.345898336141     -0.284270235597     -0.958744195890
   482      2.885143964968     28.040014131312     -0.719863364044      0.694115795172
   483      3.452129045378     28.863742192382      0.566985080409      0.823728061069
   484      4.024181761961     29.683959047518      0.572052716583      0.820216855136
   485      4.033599209209     30.683914702379      0.009417447249      0.999955654860
   486      4.273724940960     29.713172907177      0.240125731751     -0.970741795202
   487      3.730585897535     28.873530138193     -0.543139043425     -0.839642768984
   488      3.176716492531     28.040926581750     -0.553869405004     -0.832603556443
   489      3.886129057194     28.745720035962      0.709412564662      0.704793454211
   490      3.611054244304     29.707142860381     -0.275074812890      0.961422824419
   491      4.610207722421     29.666004956138      0.999153478118     -0.041137904242
   492      4.010935530409     28.865459617085     -0.599272192013     -0.800545339054
   493      3.047685686541     29.134066650293     -0.963249843868      0.268607033208
   494      3.771366772599     28.443932108568      0.723681086058     -0.690134541725
   495      3.371537826956     29.360521882800     -0.399828945643      0.916589774231
   496      2.413100697908     29.645825702724     -0.958437129047      0.285303819924
   497      2.096017617982     30.594223467601     -0.317083079926      0.948397764877
   498      2.326017746758     31.567414065975      0.230000128776      0.973190598374
   499      2.807882789616     32.443659511311      0.481865042857      0.876245445336
   500      2.027051924932     31.818917035760     -0.780830864684     -0.624742475550
   501      1.520143038282     32.680916676500     -0.506908886650      0.861999640740
   502      0.905348514064     33.469603999203     -0.614794524218      0.788687322702
   503      0.051108755142     32.949724749494     -0.854239758922     -0.519879249709
   504      0.477748643852     32.045303163417      0.426639888710     -0.904421586077
   505      1.433479403464     31.751060550713      0.955730759612     -0.294242612704
   506      0.926323839619     30.889206018869     -0.507155563845     -0.861854531845
   507      0.391734442040     31.734317949915     -0.534589397579      0.845111931046
   508      0.460260208296     32.731967296809      0.068525766255      0.997649346895
   509     -0.443721042930     32.304395200628     -0.903981251226     -0.427572096181
   510     -0.151778516203     31.347959337076      0.291942526727     -0.956435863552
   511      0.579425444912     32.030118238837      0.731203961114      0.682158901760
   512      1.577198008488     31.963410582803      0.997772563577     -0.066707656034
   513      2.211894612467     31.190649157201      0.634696603979     -0.772761425602
   514      2.950779436787     31.864480899100      0.738884824320      0.673831741899
   515      2.046004935955     31.438589947512     -0.904774500832     -0.425890951589
   516      1.664974485085     30.514027458812     -0.381030450870     -0.924562488699
   517      2.389372922679     29.824645921773      0.724398437594     -0.689381537040
   518      2.200513685821     30.806650091139     -0.188859236858      0.982004169367
   519      2.853041526343     30.048885340479      0.652527840522     -0.757764750661
   520      3.679133916746     30.612420044394      0.826092390404      0.563534703916
   521      4.134354567720     31.502798704812      0.455220650974      0.890378660417
   522      4.621585426559     30.629525500027      0.487230858839     -0.873273204785
   523      4.906723739704     29.671039119124      0.285138313144     -0.958486380903
   524      4.170855645644     30.348164032375     -0.735868094059      0.677124913251
   525      3.867186702088     29.395386423108     -0.303668943557     -0.952777609266
   526      3.233558118500     28.621749028678     -0.633628583588     -0.773637394430
   527      4.203374760966     28.865584382957      0.969816642466      0.243835354278
   528      5.165390721792     28.592591175867      0.962015960825     -0.272993207090
   529      5.249462976243     29.589050836882      0.084072254451      0.996459661016
   530      5.582091269797     30.532108851178      0.332628293554      0.943058014296
   531      4.845080065880     29.856228325270     -0.737011203917     -0.675880525908
   532      4.900578904578     28.857769573542      0.055498838698     -0.998458751728
   533      5.438546118568     29.700735335997      0.537967213990      0.842965762455
   534      4.440232696583     29.642680952153     -0.998313421986     -0.058054383844
   535      4.824574675664     28.719490157617      0.384341979081     -0.923190794536
   536      3.859148114339     28.980165347629     -0.965426561325      0.260675190013
   537      4.835618589807     28.764514216080      0.976470475468     -0.215651131549
   538      5.218702843183     27.840800810951      0.383084253376     -0.923713405129
   539      4.323737547668     28.286936574843     -0.894965295515      0.446135763891
   540      5.060977161981     27.611305202652      0.737239614313     -0.675631372190
   541      5.331245742047     28.574090170664      0.270268580066      0.962784968012
   542      4.366764266932     28.309939675377     -0.964481475115     -0.264150495287
   543      3.841696093771     27.458879505041     -0.525068173162     -0.851060170336
   544      4.139407557178     26.504223606533      0.297711463407     -0.954655898508
   545      5.139406575095     26.502822119427      0.999999017916     -0.001401487105
   546      5.835595307643     27.220680913810      0.696188732549      0.717858794382
   547      5.917294010606     26.224023840422      0.081698702963     -0.996657073388
   548      5.000334876202     26.623004975103     -0.916959134405      0.398981134681
   549      4.221745155269     27.250538278171     -0.778589720932      0.627533303067
   550      5.202119127873     27.447685111370      0.980373972604      0.197146833200
   551      5.898358839512     28.165494462060      0.696239711639      0.717809350689
   552      5.005933065758     27.714300226347     -0.892425773754     -0.451194235712
   553      5.560204613974     26.881964326101      0.554271548216     -0.832335900246
   554      6.406124138885     26.348653762382      0.845919524911     -0.533310563719
   555      6.626246610383     25.373181519034      0.220122471498     -0.975472243348
   556      5.660174823580     25.631455216386     -0.966071786803      0.258273697352
   557      6.143722952319     26.506772991364      0.483548128739      0.875317774978
   558      6.730598290660     25.697095686973      0.586875338341     -0.809677304392
   559      6.486828315041     24.727262609074     -0.243769975619     -0.969833077899
   560      5.725865469783     24.078467149675     -0.760962845258     -0.648795459399
   561      6.528432482879     23.481905175117      0.802567013097     -0.596561974559
   562      5.603576929245     23.101586617967     -0.924855553634     -0.380318557150
   563      6.236903103873     22.327701641674      0.633326174628     -0.773884976292
   564      6.955284755554     21.632052446657      0.718381651681     -0.695649195018
   565      5.970370983312     21.805098282341     -0.984913772242      0.173045835685
   566      6.748714496943     22.432936935809      0.778343513631      0.627838653468
   567      7.189255923037     23.330669218784      0.440541426094      0.897732282975
   568      8.179815923739     23.467749067813      0.990560000702      0.137079849028
   569      7.804648646141     22.540791941609     -0.375167277598     -0.926957126204
   570      7.139732478520     21.793873947425     -0.664916167621     -0.746917994184
   571      7.530358268079     22.714423507487      0.390625789560      0.920549560062
   572      6.598106808748     23.076234530779     -0.932251459331      0.361811023292
   573      5.624225811876     23.303293562600     -0.973880996872      0.227059031821
   574      5.765548265730     24.293257180132      0.141322453853      0.989963617532
   575      5.078249298582     23.566882531787     -0.687298967148     -0.726374648344
   576      5.333107789859     24.533860892158      0.254858491277      0.966978360370
   577      5.012263111586     25.480992716364     -0.320844678272      0.947131824206
   578      5.984131580925     25.716516979031      0.971868469339      0.235524262668
   579      6.819607518973     25.166989948812      0.835475938048     -0.549527030220
   580      6.563932610328     26.133752764134     -0.255674908645      0.966762815322
   581      6.794072629975     27.106910290620      0.230140019647      0.973157526486
   582      6.178710982152     26.318665377926     -0.615361647824     -0.788244912694
   583      5.391807629323     26.935741640075     -0.786903352828      0.617076262149
   584      4.392058999155     26.913321192332     -0.999748630168     -0.022420447743
   585      3.638691721719     26.255721203517     -0.753367277436     -0.657599988814
   586      3.953993551694     25.306729762031      0.315301829974     -0.948991441487
   587      3.261495615011     24.585309906682     -0.692497936682     -0.721419855348
   588      2.596820910663     23.838177028676     -0.664674704349     -0.747132878007
   589      2.902861536955     24.790195481784      0.306040626292      0.952018453108
   590      2.824098496901     23.793302115610     -0.078763040054     -0.996893366174
   591      2.238783755773     22.982495940363     -0.585314741127     -0.810806175247
   592      2.350008611026     21.988700673935      0.111224855253     -0.993795266428
   593      1.658126998085     21.266689708870     -0.691881612941     -0.722010965065
   594      2.324594826877     20.521155918097      0.666467828792     -0.745533790773
   595      3.039309628367     21.220571926300      0.714714801490      0.699416008203
   596      3.642619082147     20.423064745781      0.603309453780     -0.797507180519
   597      4.417994532733     21.054565268843      0.775375450587      0.631500523062
   598      3.706256295559     21.757010057950     -0.711738237174      0.702444789107
   599      4.634969439282     21.386211060276      0.928713143723     -0.370798997674
   600      4.358573042641     22.347254780366     -0.276396396641      0.961043720090
   601      3.691060840666     21.602655921775     -0.667512201975     -0.744598858591
   602      3.014164260855     22.338734056378     -0.676896579811      0.736078134602
   603      2.805442319739     21.360759030471     -0.208721941116     -0.977975025906
   604      3.220664643613     22.270478999339      0.415222323875      0.909719968867
   605      4.077472409362     22.786114968364      0.856807765749      0.515635969025
   606      4.404451682263     21.841083458258      0.326979272901     -0.945031510106
   607      3.562294946857     22.380316277188     -0.842156735405      0.539232818930
   608      2.611012233082     22.688636238386     -0.951282713775      0.308319961198
   609      2.661777511371     23.687346850385      0.050765278289      0.998710611999
   610      2.018628298007     24.453087726497     -0.643149213364      0.765740876112
   611      1.622816489933     23.534756080201     -0.395811808075     -0.918331646296
   612      1.569233786674     24.533319495269     -0.053582703259      0.998563415068
   613      2.128698977709     25.362173342470      0.559465191035      0.828853847201
   614      1.252164528335     25.843512473499     -0.876534449374      0.481339131029
   615      2.239785695495     25.686654479837      0.987621167161     -0.156857993662
   616      1.736413810364     24.822584606933     -0.503371885131     -0.864069872903
   617      0.886868101470     24.295069594350     -0.849545708894     -0.527515012583
   618     -0.027944190289     24.698948871914     -0.914812291760      0.403879277564
   619      0.971990019839     24.687478239218      0.999934210129     -0.011470632697
   620      1.607739344844     23.915582653173      0.635749325005     -0.771895586045
   621      1.077647162682     24.763522673699     -0.530092182162      0.847940020526
   622      1.617626503201     25.605200944663      0.539979340519      0.841678270964
   623      2.331607069312     26.305366461677      0.713980566111      0.700165517014
   624      2.647451713306     25.356555542231      0.315844643993     -0.948810919446
   625      3.251160927565     26.153760148726      0.603709214260      0.797204606496
   626      3.550443598863     27.107924643277      0.299282671297      0.954164494551
   627      3.800478774179     26.139687889634      0.250035175316     -0.968236753643
   628      2.867638196903     26.499977297453     -0.932840577276      0.360289407819
   629      2.709111851084     27.487332045090     -0.158526345818      0.987354747637
   630      1.712260508627     27.566625178720     -0.996851342457      0.079293133630
   631      0.762025181151     27.255092158937     -0.950235327476     -0.311533019784
   632     -0.098896024865     27.763830477754     -0.860921206015      0.508738318817
   633      0.845073203196     28.093863955562      0.943969228061      0.330033477808
   634      1.481877312939     27.322838323164      0.636804109743     -0.771025632398
   635      2.018373183985     26.478935378299      0.536495871046     -0.843902944865
   636      1.021520988385     26.558217785731     -0.996852195600      0.079282407431
   637      1.484737832851     25.671972811131      0.463216844466     -0.886244974600
   638      0.605468928591     25.195647088541     -0.879268904260     -0.476325722590
   639      1.101318805856     26.064055344614      0.495849877265      0.868408256073
   640      1.828718612042     25.377841440675      0.727399806187     -0.686213903939
   641      2.237098413573     26.290653544945      0.408379801530      0.912812104270
   642      1.832742763026     25.376051714709     -0.404355650547     -0.914601830236
   643      1.375837141988     24.486536535826     -0.456905621037     -0.889515178884
   644      0.413946809157     24.759972063156     -0.961890332831      0.273435527330
   645      1.351736777280     25.107175138730      0.937789968123      0.347203075574
   646      0.736020531229     24.319207179769     -0.615716246051     -0.787967958961
   647      0.121135514476     25.107823953730     -0.614885016753      0.788616773961
   648     -0.876267113400     25.035796195849     -0.997402627876     -0.072027757881
   649     -0.219032137955     24.282110460909      0.657234975445     -0.753685734940
   650     -1.130865354468     24.692671278894     -0.911833216513      0.410560817985
   651     -0.370303034982     25.341936215709      0.760562319486      0.649264936815
   652     -1.369664714144     25.377660636248     -0.999361679162      0.035724420539
   653     -0.547154241525     24.808910671472      0.822510472619     -0.568749964776
   654      0.440793335963     24.654121834229      0.987947577488     -0.154788837243
   655     -0.410689033791     24.129738602233     -0.851482369754     -0.524383231996
   656     -1.012406205948     24.928447838897     -0.601717172157      0.798709236663
   657     -0.044481341168     24.677208001010      0.967924864780     -0.251239837887
   658     -0.921884737492     25.156961354431     -0.877403396324      0.479753353421
   659      0.046277753252     25.407283929352      0.968162490745      0.250322574921
   660      1.032867172941     25.570505609767      0.986589419689      0.163221680415
   661      0.565218747803     24.686591049153     -0.467648425138     -0.883914560614
   662     -0.431823201477     24.609731753189     -0.997041949280     -0.076859295964
   663      0.154557790228     23.799696363488      0.586380991704     -0.810035389701
   664      0.208175378075     22.801134820932      0.053617587847     -0.998561542557
   665      1.143191222466     22.446528883676      0.935015844392     -0.354605937255
   666      1.667431898116     23.298099029932      0.524240675650      0.851570146256
   667      1.057910913823     22.505329095017     -0.609520984293     -0.792769934916
   668      0.539437373450     21.650235422994     -0.518473540372     -0.855093672023
   669     -0.460536323934     21.657488321636     -0.999973697385      0.007252898642
   670     -1.015877847137     20.825865935810     -0.555341523203     -0.831622385826
   671     -0.190373221604     20.261470583931      0.825504625533     -0.564395351879
   672     -0.732823136576     21.101558727965     -0.542449914972      0.840088144034
   673     -1.470415964441     21.776804476031     -0.737592827866      0.675245748066
   674     -0.733852137819     21.100436433239      0.736563826623     -0.676368042792
   675     -1.388613433521     21.856272159869     -0.654761295702      0.755835726630
   676     -1.260863121926     22.848078520953      0.127750311595      0.991806361084
   677     -2.244044932751     22.665449041234     -0.983181810825     -0.182629479719
   678     -2.907538808269     23.413630755225     -0.663493875518      0.748181713991
   679     -3.226360450471     22.465816026249     -0.318821642202     -0.947814728976
   680     -3.930804994529     23.175575058842     -0.704444544058      0.709759032592
   681     -3.123499685853     23.765709059373      0.807305308677      0.590134000531
   682     -3.405656564510     24.725077338933     -0.282156878657      0.959368279560
   683     -4.352881082777     24.404506423233     -0.947224518267     -0.320570915700
   684     -5.348876795668     24.315105417074     -0.995995712891     -0.089401006159
   685     -6.347290540248     24.371408122460     -0.998413744580      0.056302705386
   686     -5.672201082227     23.633672245829      0.675089458021     -0.737735876631
   687     -5.915721302418     22.663776425465     -0.243520220190     -0.969895820363
   688     -5.339920733547     23.481366606967      0.575800568871      0.817590181501
   689     -4.346601232296     23.596763177263      0.993319501250      0.115396570296
   690     -4.394816350585     22.597926202392     -0.048215118289     -0.998836974870
   691     -4.340424751301     21.599406521100      0.054391599285     -0.998519681292
   692     -5.301702944160     21.874986338819     -0.961278192859      0.275579817718
   693     -5.596438395408     20.919407449466     -0.294735451248     -0.955578889353
   694     -6.043084960866     21.814117930887     -0.446646565458      0.894710481421
   695     -6.870600958524     22.375560068261     -0.827515997658      0.561442137375
   696     -6.906315410421     23.374922103725     -0.035714451897      0.999362035463
   697     -7.716820328070     23.960653935254     -0.810504917649      0.585731831529
   698     -8.579255234073     24.466821924075     -0.862434906003      0.506167988821
   699     -9.439006283356     24.977535281308     -0.859751049283      0.510713357233
   700     -8.752216636243     24.250679050257      0.686789647114     -0.726856231051
   701     -8.140484437559     23.459614124291      0.611732198684     -0.791064925966
   702     -7.618846949486     22.606446889198      0.521637488073     -0.853167235093
   703     -7.862091570455     23.576411865045     -0.243244620970      0.969964975847
   704     -8.714000014509     24.100102616299     -0.851908444054      0.523690751254
   705     -8.545842581612     23.114342464050      0.168157432897     -0.985760152249
   706     -8.925283433154     22.189126467550     -0.379440851542     -0.925215996501
   707     -8.093252234935     21.634397628214      0.832031198219     -0.554728839336
   708     -8.071839330740     22.634168345696      0.021412904195      0.999770717482
   709     -7.120051385393     22.327411590120      0.951787945347     -0.306756755576
   710     -6.601104494660     21.472605106407      0.518946890733     -0.854806483713
   711     -5.981057070080     20.688040774263      0.620047424579     -0.784564332144
   712     -6.760307773275     21.314753101867     -0.779250703195      0.626712327604
   713     -6.724159898050     22.314099553863      0.036147875225      0.999346451996
   714     -6.738060523114     21.314196172219     -0.013900625064     -0.999903381644
   715     -5.847274961210     20.859772270224      0.890785561904     -0.454423901995
   716     -5.078446541301     20.220317142213      0.768828419910     -0.639455128011
   717     -4.281984857087     20.825006141269      0.796461684214      0.604688999056
   718     -4.286924239454     19.825018340093     -0.004939382367     -0.999987801177
   719     -4.396353691024     18.831023775153     -0.109429451570     -0.993994564939
   720     -3.777597414288     18.045440762353      0.618756276735     -0.785583012800
   721     -4.575915497217     18.647676794543     -0.798318082929      0.602236032190
   722     -5.171483470836     19.450981710998     -0.595567973618      0.803304916455
   723     -4.389106954948     20.073787449079      0.782376515888      0.622805738082
   724     -5.232693881546     19.536794807349     -0.843586926598     -0.536992641730
   725     -5.877368802951     20.301251637858     -0.644674921405      0.764456830509
   726     -5.134875324271     19.631398344877      0.742493478680     -0.669853292981
   727     -5.989362097592     20.150871495500     -0.854486773322      0.519473150623
   728     -5.543575524045     19.255732215363      0.445786573548     -0.895139280137
   729     -5.004786745998     18.413291325655      0.538788778047     -0.842440889707
   730     -4.460745575813     19.252349848729      0.544041170185      0.839058523074
   731     -3.829980738707     20.028323894861      0.630764837106      0.775974046132
   732     -4.537406100554     19.321535837934     -0.707425361847     -0.706788056927
   733     -5.169295189050     18.546477014463     -0.631889088496     -0.775058823471
   734     -4.465135007623     17.836435861507      0.704160181427     -0.710041152957
   735     -4.051137908178     18.746714061647      0.413997099445      0.910278200140
   736     -3.318389602687     19.427213819766      0.732748305491      0.680499758119
   737     -2.328617580586     19.284555682012      0.989772022100     -0.142658137754
   738     -2.814066446337     20.158820744074     -0.485448865750      0.874265062062
   739     -3.406698226105     20.964294253016     -0.592631779768      0.805473508943
   740     -4.317941028621     21.376163837791     -0.911242802516      0.411869584775
   741     -3.934978423604     20.452399991801      0.382962605017     -0.923763845990
   742     -2.994731013281     20.111907983992      0.940247410323     -0.340492007808
   743     -2.609147444158     21.034580900698      0.385583569124      0.922672916706
   744     -2.928083812653     20.086804770564     -0.318936368495     -0.947776130134
   745     -1.946839785960     19.894035063193      0.981244026693     -0.192769707371
   746     -1.473099299310     20.774699557372      0.473740486650      0.880664494180
   747     -1.711337285197     19.803492750312     -0.238237985887     -0.971206807060
   748     -1.200373305224     20.663094874070      0.510963979973      0.859602123758
   749     -1.865138370587     21.410147354069     -0.664765065363      0.747052479999
   750     -2.840218314105     21.188293564942     -0.975079943517     -0.221853789127
   751     -3.531999845166     21.910400422189     -0.691781531061      0.722106857246
   752     -2.706117403970     21.346558074254      0.825882441196     -0.563842347935
   753     -2.743362291300     20.347251905771     -0.037244887329     -0.999306168483
   754     -2.233796458606     19.486820233789      0.509565832694     -0.860431671983
   755     -1.261819625358     19.251743574740      0.971976833248     -0.235076659048
   756     -2.014637774652     18.593515017100     -0.752818149294     -0.658228557640
   757     -1.087897376952     18.969217339786      0.926740397700      0.375702322686
   758     -0.418788060014     18.226053345781      0.669109316939     -0.743163994005
   759     -0.327025639473     17.230272416973      0.091762420541     -0.995780928807
   760     -1.042761717392     16.531901550767     -0.715736077919     -0.698370866206
   761     -0.043009757775     16.509630061305      0.999751959617     -0.022271489463
   762     -1.028851657476     16.677307575586     -0.985841899700      0.167677514281
   763     -1.858638428572     16.119227012842     -0.829786771097     -0.558080562744
   764     -1.525132620973     15.176478967870      0.333505807599     -0.942748044972
   765     -2.096898169652     14.356061904820     -0.571765548679     -0.820417063050
   766     -1.682840645227     15.266312621088      0.414057524425      0.910250716268
   767     -2.643801537090     15.542996853219     -0.960960891863      0.276684232130
   768     -3.262514517283     14.757379740281     -0.618712980193     -0.785617112938
   769     -2.679825544283     13.944684495590      0.582688973000     -0.812695244691
   770     -3.488585364010     14.532823555672     -0.808759819727      0.588139060083
   771     -3.871661748377     13.609106887132     -0.383076384367     -0.923716668541
   772     -3.147316517873     14.298544329578      0.724345230503      0.689437442446
   773     -3.100387545874     15.297442558422      0.046928971999      0.998898228844
   774     -4.060163249812     15.578210430749     -0.959775703938      0.280767872327
   775     -4.847428285271     16.194825192121     -0.787265035460      0.616614761372
   776     -3.866595930297     15.999971679358      0.980832354974     -0.194853512763
   777     -4.843538623307     16.213473376248     -0.976942693010      0.213501696890
   778     -3.851913258217     16.342621102943      0.991625365090      0.129147726694
   779     -2.869913216020     16.531501798419      0.982000042198      0.188880695477
   780     -1.939772367748     16.898704742819      0.930140848272      0.367202944400
   781     -1.729784982665     17.876408838191      0.209987385083      0.977704095371
   782     -1.089142807621     17.108569269299      0.640642175043     -0.767839568892
   783     -0.527209087725     17.935751531224      0.561933719897      0.827182261925
   784      0.458524260506     17.767437045259      0.985733348231     -0.168314485965
   785      0.318999083994     16.777218521336     -0.139525176512     -0.990218523923
   786     -0.233749158515     15.943870226562     -0.552748242509     -0.833348294774
   787     -1.012761996648     15.316862253707     -0.779012838133     -0.627007972855
   788     -0.840106196146     16.301844474132      0.172655800502      0.984982220425
   789     -1.412943630391     17.121513476795     -0.572837434245      0.819669002663
   790     -2.182726956849     16.483208196927     -0.769783326458     -0.638305279868
   791     -1.287700946927     16.037194249204      0.895026009922     -0.446013947723
   792     -0.404676477042     15.567867299643      0.883024469885     -0.469326949561
   793      0.591777544040     15.652006374211      0.996454021082      0.084139074569
   794     -0.073306384624     14.905237756879     -0.665083928665     -0.746768617332
   795      0.578973924861     15.663215591554      0.652280309485      0.757977834674
   796      0.530984214654     16.662063421663     -0.047989710207      0.998847830109
   797     -0.468695687167     16.636763344673     -0.999679901821     -0.025300076990
   798     -0.708617410834     15.665971108140     -0.239921723667     -0.970792236533
   799      0.089569956264     16.268380376831      0.798187367098      0.602409268691
   800      0.606473516325     17.124424014502      0.516903560062      0.856043637670
   801      0.353727142481     16.156891446311     -0.252746373844     -0.967532568190
   802      1.042371976299     16.881990262237      0.688644833818      0.725098815925
   803      1.802885320712     17.531312565081      0.760513344413      0.649322302844
   804      2.390498505398     18.340454545936      0.587613184686      0.809141980856
   805      1.395739420036     18.238207970977     -0.994759085361     -0.102246574960
   806      1.275805150423     19.230989805506     -0.119934269613      0.992781834530
   807      0.747383225750     18.382007903741     -0.528421924672     -0.848981901766
   808      0.461810574153     17.423650840502     -0.285572651597     -0.958357063239
   809      1.287595984058     17.987635287795      0.825785409905      0.563984447293
   810      1.179537826678     18.981779862101     -0.108058157381      0.994144574307
   811      2.168906868089     19.127206475541      0.989369041412      0.145426613439
   812      1.333818973531     18.577089934831     -0.835087894558     -0.550116540710
   813      1.713867168071     19.502056620624      0.380048194540      0.924966685793
   814      1.921687344606     20.480223668844      0.207820176535      0.978167048221
   815      1.855108554556     19.482442498088     -0.066578790050     -0.997781170756
   816      2.841915710276     19.320542413407      0.986807155720     -0.161900084681
   817      2.317385923152     20.171934510164     -0.524529787124      0.851392096757
   818      1.879668108182     19.272822106480     -0.437717814970     -0.899112403684
   819      1.346008074270     18.427123006206     -0.533660033912     -0.845699100275
   820      0.346785945458     18.387687777121     -0.999222128812     -0.039435229085
   821     -0.617468552836     18.652665630006     -0.964254498294      0.264977852885
   822     -0.874492125294     17.686260495913     -0.257023572458     -0.966405134093
   823     -0.296436966051     16.870262804205      0.578055159243     -0.815997691708
   824     -0.109070063569     15.887972804330      0.187366902482     -0.982289999875
   825     -0.375434393958     14.924100383572     -0.266364330389     -0.963872420757
   826     -0.816959525764     14.026851500607     -0.441525131807     -0.897248882966
   827     -0.381180695481     13.126797718282      0.435778830284     -0.900053782324
   828     -1.232156319593     12.601592532506     -0.850975624113     -0.525205185776
   829     -0.576506838140     13.356657931972      0.655649481453      0.755065399466
   830     -0.592539918615     14.356529393876     -0.016033080475      0.999871461904
   831     -1.441811427539     13.828573047073     -0.849271508924     -0.527956346803
   832     -2.293974058812     14.351850076822     -0.852162631273      0.523277029749
   833     -1.515976396862     13.723582905945      0.777997661949     -0.628267170877
   834     -0.769728407818     14.389250945472      0.746247989044      0.665668039527
   835     -0.047709855998     13.697377249753      0.722018551820     -0.691873695719
   836      0.601062990829     14.458359373867      0.648772846827      0.760982124114
   837     -0.302528097943     14.029963360471     -0.903591088771     -0.428396013395
   838      0.582871951362     14.494793170931      0.885400049304      0.464829810460
   839     -0.041911564543     13.713995144388     -0.624783515904     -0.780798026544
   840      0.623491116616     12.967510535097      0.665402681158     -0.746484609290
   841     -0.312283414214     13.320109496314     -0.935774530829      0.352598961217
   842     -0.786989810458     12.439965282355     -0.474706396244     -0.880144213959
   843     -0.154134775398     13.214235586964      0.632855035061      0.774270304608
   844     -0.857297189988     12.503206319839     -0.703162414590     -0.711029267125
   845     -1.477707745872     11.718929109825     -0.620410555884     -0.784277210014
   846     -2.149216328641     10.977932332998     -0.671508582769     -0.740996776826
   847     -2.951498480518     10.380987319803     -0.802282151877     -0.596945013196
   848     -2.666672648383     11.339566604655      0.284825832135      0.958579284853
   849     -2.155261545139     10.480230416962      0.511411103244     -0.859336187693
   850     -2.169095022001     11.480134729843     -0.013833476862      0.999904312881
   851     -3.155966362367     11.641643112172     -0.986871340367      0.161508382329
   852     -4.155288401084     11.604826499956     -0.999322038717     -0.036816612217
   853     -4.682166956624     10.754885921026     -0.526878555540     -0.849940578930
   854     -3.730774195124     11.062866136893      0.951392761500      0.307980215867
   855     -3.621489192636     12.056876593694      0.109285002488      0.994010456802
   856     -3.296157670172     11.111276572284      0.325331522464     -0.945600021410
   857     -2.301259382323     11.212159657268      0.994898287849      0.100883084984
   858     -2.759306422134     12.101087612347     -0.458047039811      0.888927955079
   859     -3.714582267145     11.805371430952     -0.955275845011     -0.295716181394
   860     -3.184671707877     10.957317895392      0.529910559268     -0.848053535560
   861     -2.765682544069     10.049326661618      0.418989163808     -0.907991233774
   862     -3.747386420440      9.858912641340     -0.981703876371     -0.190414020278
   863     -4.616065562080      9.363537481608     -0.868679141640     -0.495375159732
   864     -5.072830856180      8.473950236811     -0.456765294101     -0.889587244797
   865     -6.059404792868      8.637265476301     -0.986573936687      0.163315239490
   866     -6.427637215874      9.566999246069     -0.368232423006      0.929733769768
   867     -6.619296069382      8.585537640161     -0.191658853508     -0.981461605908
   868     -5.621405205327      8.520623670666      0.997890864055     -0.064913969495
   869     -6.353526354137      7.839449226440     -0.732121148810     -0.681174444225
   870     -7.039253464502      7.111590496940     -0.685727110365     -0.727858729500
   871     -6.652008398703      8.033567318240      0.387245065799      0.921976821300
   872     -7.422389542490      8.671150954556     -0.770381143787      0.637583636316
   873     -6.479858396424      9.005269255007      0.942531146065      0.334118300451
   874     -7.165051817316      9.733630412653     -0.685193420892      0.728361157645
   875     -6.470935366523      9.013767680780      0.694116450793     -0.719862731872
   876     -5.752983085740      8.317675357508      0.717952280783     -0.696092323272
   877     -6.700608417286      7.998291214173     -0.947625331545     -0.319384143335
   878     -6.352721334060      8.935827654705      0.347887083226      0.937536440531
   879     -5.640477631064      9.637759921767      0.712243702996      0.701932267062
   880     -4.647945146277      9.515779322311      0.992532484786     -0.121980599456
   881     -4.808093438645     10.502872288779     -0.160148292368      0.987092966468
   882     -3.944180333705     11.006513179804      0.863913104941      0.503640891024
   883     -4.871971877920     11.379612161956     -0.927791544215      0.373098982153
   884     -5.421402736032     12.215151348443     -0.549430858112      0.835539186486
   885     -5.881959213193     13.102781750888     -0.460556477161      0.887630402445
   886     -5.967893956097     12.106480983066     -0.085934742904     -0.996300767822
   887     -6.706592415763     12.780517024896     -0.738698459667      0.674036041830
   888     -5.709195207920     12.852619797284      0.997397207844      0.072102772388
   889     -5.669444666328     13.851829432167      0.039750541592      0.999209634883
   890     -4.825736614202     14.388631744734      0.843708052126      0.536802312567
   891     -5.058081540206     15.361265198488     -0.232344926004      0.972633453753
   892     -5.870913793676     15.943763033436     -0.812832253470      0.582497834948
   893     -6.614378626746     15.274988002511     -0.743464833070     -0.668775030925
   894     -7.416230402642     14.677465007562     -0.801851775896     -0.597522994949
   895     -8.301975954251     15.141636115890     -0.885745551608      0.464171108327
   896     -7.864434381311     16.040834298689      0.437541572939      0.899198182799
   897     -8.266574709390     15.125256253664     -0.402140328079     -0.915578045025
   898     -7.751598062555     15.982460461081      0.514976646836      0.857204207417
   899     -8.405620993273     15.225985738374     -0.654022930719     -0.756474722707
   900     -8.596176434551     16.207662173764     -0.190555441277      0.981676435390
   901     -7.637392524889     15.923525913190      0.958783909662     -0.284136260574
   902     -8.475055167692     16.469713881614     -0.837662642803      0.546187968425
   903     -8.859395779078     15.546522517682     -0.384340611386     -0.923191363932
   904     -8.061528916350     16.149356217271      0.797866862728      0.602833699590
   905     -7.073325603312     15.996208536584      0.988203313038     -0.153147680687
   906     -6.249633322147     15.429171477876      0.823692281165     -0.567037058709
   907     -5.251256795087     15.372212631178      0.998376527059     -0.056958846698
   908     -4.640002884581     16.163647187468      0.611253910507      0.791434556290
   909     -5.444285029338     16.757894805573     -0.804282144758      0.594247618105
   910     -6.175903736580     17.439608871156     -0.731618707242      0.681714065583
   911     -5.184588331943     17.571114644899      0.991315404638      0.131505773743
   912     -4.405949171399     18.198586602574      0.778639160544      0.627471957675
   913     -5.247470197293     17.658362239019     -0.841521025894     -0.540224363555
   914     -6.003443600695     17.003759906798     -0.755973403402     -0.654602332220
   915     -5.325511404500     17.738884343450      0.677932196195      0.735124436651
   916     -6.322076840448     17.656075335038     -0.996565435948     -0.082809008412
   917     -5.393121966325     18.026268314231      0.928954874123      0.370192979193
   918     -4.700893035729     18.747946294805      0.692228930596      0.721677980574
   919     -4.171001623130     19.596011793958      0.529891412599      0.848065499153
   920     -4.987926672139     19.019267947609     -0.816925049009     -0.576743846349
   921     -5.859601046662     18.529182460371     -0.871674374522     -0.490085487238
   922     -6.320327113814     19.416724848681     -0.460726067152      0.887542388310
   923     -7.121387011692     20.015309044941     -0.801059897878      0.598584196259
   924     -7.996896218269     19.532107607445     -0.875509206577     -0.483201437496
   925     -7.101620596258     19.977620301576      0.895275622011      0.445512694132
   926     -6.737265838599     19.046360074480      0.364354757659     -0.931260227096
   927     -5.856401808264     18.572990704894      0.880864030335     -0.473369369585
   928     -6.808220750957     18.879651266969     -0.951818942692      0.306660562074
   929     -6.029722874567     18.252004028103      0.778497876390     -0.627647238866
   930     -6.674823553505     19.016101609589     -0.645100678938      0.764097581486
   931     -6.184370313630     19.887569118734      0.490453239875      0.871467509145
   932     -5.231422410694     20.190703238045      0.952947902936      0.303134119311
   933     -4.308757700017     19.805100033090      0.922664710677     -0.385603204955
   934     -4.976760388932     19.060941173973     -0.668002688914     -0.744158859118
   935     -5.625776711148     19.821715656653     -0.649016322216      0.760774482680
   936     -6.379021545333     19.163975419345     -0.753244834185     -0.657740237308
   937     -6.952390559535     18.344678175634     -0.573369014203     -0.819297243711
   938     -7.952119470725     18.367961305398     -0.999728911190      0.023283129763
   939     -7.384477073152     19.191236537916      0.567642397573      0.823275232518
   940     -7.729303778412     20.129902902147     -0.344826705260      0.938666364231
   941     -7.926948369753     19.149629156954     -0.197644591340     -0.980273745193
   942     -7.225751112844     19.862596482225      0.701197256909      0.712967325271
   943     -7.835510663372     20.655182938418     -0.609759550528      0.792586456192
   944     -8.835199430059     20.680130278160     -0.999688766687      0.024947339742
   945     -9.066751863995     19.707307853285     -0.231552433935     -0.972822424874
   946     -9.773338814375     18.999681623166     -0.706586950380     -0.707626230119
   947    -10.280841997736     19.861331505008     -0.507503183362      0.861649881842
   948     -9.290170926851     19.725056674935      0.990671070885     -0.136274830073
   949    -10.256853540755     19.469078699365     -0.966682613903     -0.255977975570
   950     -9.654903250888     18.670545138060      0.601950289866     -0.798533561305
   951     -9.927489999402     19.632676347685     -0.272586748514      0.962131209625
   952    -10.553227535947     18.852642671900     -0.625737536545     -0.780033675785
   953    -11.367880746083     18.272694271424     -0.814653210136     -0.579948400476
   954    -10.368342595358     18.242305371371      0.999538150724     -0.030388900053
   955    -11.361049329726     18.121751070153     -0.992706734367     -0.120554301218
   956    -12.323054097657     18.394783717426     -0.962004767932      0.273032647273
   957    -11.361936846244     18.670924313926      0.961117251413      0.276140596500
   958    -11.242254739282     19.663736578795      0.119682106962      0.992812264868
   959    -10.254154938822     19.509922456132      0.988099800460     -0.153814122662
   960     -9.367273026050     19.047926273466      0.886881912772     -0.461996182667
   961     -9.785766533111     18.139706484787     -0.418493507061     -0.908219788679
   962     -9.413521849736     17.211571852474      0.372244683376     -0.928134632313
   963     -8.909990293242     18.075548687589      0.503531556494      0.863976835115
   964     -7.951877939419     18.361941280810      0.958112353823      0.286392593221
   965     -8.401334869664     17.468639278207     -0.449456930245     -0.893302002603
   966     -8.147895592556     16.501287980684      0.253439277108     -0.967351297523
   967     -8.852735646379     15.791921715257     -0.704840053823     -0.709366265428
   968     -9.004738148670     14.803541606545     -0.152002502291     -0.988380108712
   969     -8.126440207564     14.325427889269      0.878297941107     -0.478113717276
   970     -7.151377473271     14.547357301906      0.975062734293      0.221929412637
   971     -6.721813149435     15.450393564571      0.429564323836      0.903036262665
   972     -7.323518693111     16.249111561557     -0.601705543676      0.798717996986
   973     -8.049786610980     15.561699813421     -0.726267917868     -0.687411748136
   974     -8.884454671384     16.112453142001     -0.834668060404      0.550753328579
   975     -8.088982111818     16.718442751630      0.795472559565      0.605989609629
   976     -8.814668304673     17.406468586537     -0.725686192855      0.688025834908
   977     -8.270533081145     16.567471054648      0.544135223528     -0.838997531889
   978     -7.271163147282     16.602963804486      0.999369933863      0.035492749838
   979     -8.086102166855     16.023417089909     -0.814939019573     -0.579546714577
   980     -7.231876514490     15.503514661715      0.854225652365     -0.519902428194
   981     -6.494859513682     16.179388866371      0.737017000808      0.675874204656
   982     -7.452449155019     16.467524387966     -0.957589641337      0.288135521595
   983     -7.720119827388     15.504013925567     -0.267670672369     -0.963510462400
   984     -7.251596498765     16.387465050721      0.468523328623      0.883451125154
   985     -8.011052521113     15.736906406079     -0.759456022349     -0.650558644642
   986     -7.852633199095     16.724278331146      0.158419322019      0.987371925067
   987     -6.994710965419     17.238057895711      0.857922233676      0.513779564565
   988     -6.030494397027     17.503173736882      0.964216568391      0.265115841171
   989     -7.022126736815     17.632267898982     -0.991632339787      0.129094162099
   990     -6.587881660052     18.533062666566      0.434245076762      0.900794767585
   991     -7.566567306604     18.738426746271     -0.978685646552      0.205364079705
   992     -8.368133451581     19.336332855311     -0.801566144976      0.597906109041
   993     -9.361827719305     19.224209252571     -0.993694267724     -0.112123602740
   994     -9.051863062175     20.174957332417      0.309964657130      0.950748079846
   995     -9.245700333002     21.155991028290     -0.193837270827      0.981033695873
   996    -10.136523555051     21.610341099335     -0.890823222049      0.454350071045
   997    -10.520704208100     22.533599040445     -0.384180653049      0.923257941110
   998    -11.185018477975     21.786145663410     -0.664314269875     -0.747453377035
   999    -10.226701016416     21.500440145663      0.958317461559     -0.285705517747
  1000     -9.855306265550     20.571965084592      0.371394750866     -0.928475061070
