# File chua thong tin toa do tai lan chay thu 22
##########################################################################################
#  Step                   x                   y            delta_x            delta_y
     1      0.000000000000      0.000000000000      0.000000000000      0.000000000000
     2     -0.146683810564     -0.989183430774     -0.146683810564     -0.989183430774
     3      0.400609955742     -1.826124010124      0.547293766307     -0.836940579349
     4      1.208199930128     -1.236379630522      0.807589974385      0.589744379602
     5      2.142351625237     -0.879503446776      0.934151695109      0.356876183746
     6      2.742353478479     -0.079504836710      0.600001853242      0.799998610065
     7      3.698536044614      0.213266234638      0.956182566135      0.292771071349
     8      3.851344935258     -0.774989523220      0.152808890644     -0.988255757858
     9      3.040284693807     -0.190026887885     -0.811060241451      0.584962635335
    10      3.872780073507      0.364005099259      0.832495379700      0.554031987144
    11      3.277024024666     -0.439160344638     -0.595756048840     -0.803165443897
    12      4.251489925355     -0.214624805368      0.974465900689      0.224535539270
    13      5.130894321413      0.261450722458      0.879404396057      0.476075527826
    14      6.011169854607      0.735913561529      0.880275533194      0.474462839071
    15      5.782463251697     -0.237581836398     -0.228706602910     -0.973495397927
    16      4.925351006401      0.277547855004     -0.857112245296      0.515129691402
    17      3.942551605805      0.092871548490     -0.982799400596     -0.184676306514
    18      3.094239684260     -0.436625272808     -0.848311921545     -0.529496821298
    19      2.621220288562      0.444426741147     -0.473019395698      0.881052013955
    20      1.942290419852     -0.289776386995     -0.678929868711     -0.734203128141
    21      2.663428364753     -0.982567888403      0.721137944901     -0.692791501408
    22      2.036835865906     -0.203220828109     -0.626592498847      0.779347060294
    23      2.254211487345     -1.179308856518      0.217375621440     -0.976088028409
    24      2.924754892544     -0.437438556706      0.670543405199      0.741870299813
    25      2.632551687371      0.518917698508     -0.292203205173      0.956356255214
    26      1.828593409980     -0.075768006898     -0.803958277391     -0.594685705406
    27      2.521857621824      0.644915510727      0.693264211844      0.720683517625
    28      3.253923139009     -0.036318721053      0.732065517185     -0.681234231780
    29      3.876711657780      0.746071501845      0.622788518771      0.782390222898
    30      3.694753691423      1.729377811435     -0.181957966357      0.983306309590
    31      3.740561242742      2.728328094604      0.045807551319      0.998950283168
    32      4.263403860831      3.580757327274      0.522842618089      0.852429232670
    33      4.765214457707      4.445734855804      0.501810596876      0.864977528531
    34      5.007414840052      3.475508606524      0.242200382345     -0.970226249280
    35      4.603941149448      4.390499852925     -0.403473690604      0.914991246401
    36      3.929178417216      3.652465128003     -0.674762732232     -0.738034724922
    37      3.441360363234      4.525410456308     -0.487818053981      0.872945328305
    38      3.954023910868      5.384000047981      0.512663547634      0.858589591672
    39      3.192445772983      4.735926950332     -0.761578137885     -0.648073097648
    40      3.862238095054      5.478475430430      0.669792322071      0.742548480097
    41      4.315369130108      6.369919351868      0.453131035055      0.891443921439
    42      3.636267041361      7.103963187793     -0.679102088748      0.734043835924
    43      3.387455540737      8.072515115754     -0.248811500624      0.968551927961
    44      2.721847883909      7.326213268528     -0.665607656827     -0.746301847226
    45      3.419723208266      6.609994006253      0.697875324357     -0.716219262275
    46      4.241802242769      6.040620612923      0.822079034502     -0.569373393330
    47      3.966576096587      5.079241099693     -0.275226146182     -0.961379513230
    48      4.676817393923      4.375282791583      0.710241297336     -0.703958308111
    49      5.184513870240      5.236818796596      0.507696476317      0.861536005014
    50      5.281316618711      4.241515210805      0.096802748471     -0.995303585791
    51      4.290759638840      4.378616887049     -0.990556979871      0.137101676244
    52      5.130999545667      3.836402078162      0.840239906827     -0.542214808887
    53      5.494711280159      4.767913631602      0.363711734493      0.931511553440
    54      6.494653607818      4.757173922312      0.999942327659     -0.010739709291
    55      7.303986386544      4.169823555597      0.809332778726     -0.587350366715
    56      7.328437270181      5.169524588051      0.024450883637      0.999701032454
    57      8.269607999664      4.831593148311      0.941170729483     -0.337931439740
    58      7.546315965178      5.522135422794     -0.723292034486      0.690542274483
    59      7.880921682329      4.579777203193      0.334605717151     -0.942358219601
    60      8.564950881132      5.309231831793      0.684029198803      0.729454628600
    61      7.575079575663      5.451199428835     -0.989871305469      0.141967597042
    62      8.559102558743      5.273157948355      0.984022983079     -0.178041480480
    63      8.822272074744      6.237907556206      0.263169516002      0.964749607850
    64      7.830146494055      6.112660471837     -0.992125580689     -0.125247084369
    65      7.628374733850      7.092093040615     -0.201771760206      0.979432568778
    66      8.546876433325      7.487510071179      0.918501699476      0.395417030564
    67      7.562596026950      7.664122872598     -0.984280406376      0.176612801419
    68      7.932750670190      8.593093022865      0.370154643240      0.928970150267
    69      8.881174436231      8.276087723210      0.948423766041     -0.317005299654
    70      9.871490147905      8.137254041380      0.990315711675     -0.138833681830
    71      9.127162608043      7.469439311532     -0.744327539862     -0.667814729848
    72      8.300440751640      8.032050164738     -0.826721856403      0.562610853206
    73      7.320243545351      7.834026335910     -0.980197206289     -0.198023828828
    74      8.277530343450      7.544886255350      0.957286798098     -0.289140080560
    75      7.342888967556      7.900478013504     -0.934641375894      0.355591758155
    76      7.940739281976      8.702085773913      0.597850314420      0.801607760409
    77      8.940153731127      8.736302127140      0.999414449151      0.034216353227
    78      7.943132815231      8.659170465250     -0.997020915896     -0.077131661890
    79      7.895605900953      9.658040422961     -0.047526914278      0.998869957712
    80      7.403058859479     10.528326244939     -0.492547041475      0.870285821977
    81      6.583165881080     11.100843060388     -0.819892978399      0.572516815450
    82      6.031793884904     10.266583555298     -0.551371996176     -0.834259505090
    83      6.980945118870      9.951763074610      0.949151233966     -0.314820480688
    84      7.345979597819     10.882757075224      0.365034478948      0.930994000614
    85      6.399544314119     10.559863511075     -0.946435283699     -0.322893564149
    86      7.351848210345     10.254712254757      0.952303896226     -0.305151256319
    87      8.339838972811     10.100199299695      0.987990762466     -0.154512955061
    88      7.368295851648      9.863336546777     -0.971543121163     -0.236862752918
    89      8.218919487946     10.389111621661      0.850623636299      0.525775074885
    90      7.525779161151      9.668308952847     -0.693140326795     -0.720802668815
    91      8.043680102303      8.812868355754      0.517900941152     -0.855440597092
    92      7.567644757063      7.933442207586     -0.476035345240     -0.879426148168
    93      7.205299714951      7.001398179411     -0.362345042112     -0.932044028175
    94      6.234382257287      7.240812653497     -0.970917457665      0.239414474086
    95      6.353252796018      6.247902891725      0.118870538732     -0.992909761772
    96      7.088431041163      6.925776735347      0.735178245144      0.677873843622
    97      6.111338834347      6.712960337061     -0.977092206816     -0.212816398286
    98      5.202782085814      7.130721793751     -0.908556748533      0.417761456690
    99      4.345697076535      7.645896799812     -0.857085009279      0.515175006061
   100      5.205254555008      8.156935879728      0.859557478472      0.511039079917
   101      4.609698618721      7.353622038970     -0.595555936287     -0.803313840758
   102      4.780238369167      8.338972836158      0.170539750446      0.985350797187
   103      4.022864400787      7.685991464279     -0.757373968380     -0.652981371879
   104      3.299887193609      6.995119581872     -0.722977207178     -0.690871882407
   105      3.202917116510      7.990406879162     -0.096970077099      0.995287297290
   106      2.203306403841      8.018307114223     -0.999610712669      0.027900235061
   107      1.757093821707      8.913234112109     -0.446212582134      0.894926997886
   108      2.474839281899      8.216928536680      0.717745460192     -0.696305575429
   109      2.373392316490      7.222087587981     -0.101446965409     -0.994840948700
   110      3.154954601085      6.598260372079      0.781562284594     -0.623827215902
   111      2.828190450137      5.653154457562     -0.326764150948     -0.945105914517
   112      2.012808990319      6.232078524245     -0.815381459818      0.578924066683
   113      2.271811668593      7.197955127464      0.259002678274      0.965876603220
   114      1.443353147949      7.758005553384     -0.828458520644      0.560050425919
   115      2.288752809804      8.292139817155      0.845399661856      0.534134263771
   116      2.162411395457      9.284126635122     -0.126341414347      0.991986817967
   117      1.172252735299      9.424076010665     -0.990158660158      0.139949375543
   118      0.960723590141      8.446704320494     -0.211529145158     -0.977371690172
   119      0.199735858688      7.797938050889     -0.760987731454     -0.648766269605
   120     -0.744243430240      7.467933350808     -0.943979288928     -0.330004700081
   121     -1.680012592807      7.115320142903     -0.935769162567     -0.352613207905
   122     -0.858598977377      7.685653091615      0.821413615430      0.570332948712
   123     -1.857774547489      7.726250875939     -0.999175570112      0.040597784324
   124     -1.310454663037      6.889327376398      0.547319884452     -0.836923499541
   125     -0.826440695990      7.764387648438      0.484013967047      0.875060272040
   126     -1.750446078021      7.382008185107     -0.924005382031     -0.382379463331
   127     -0.946125808215      6.787812170665      0.804320269806     -0.594196014443
   128     -0.644403463856      5.834416331092      0.301722344360     -0.953395839572
   129     -1.518183199745      5.348094448849     -0.873779735890     -0.486321882243
   130     -2.391315328206      4.860610822202     -0.873132128461     -0.487483626647
   131     -3.389649554054      4.802915298098     -0.998334225847     -0.057695524104
   132     -2.554896382584      4.252290977239      0.834753171470     -0.550624320859
   133     -3.205924552371      5.011344547249     -0.651028169786      0.759053570010
   134     -3.308452033921      6.006074719470     -0.102527481550      0.994730172221
   135     -3.977125530075      5.262518564535     -0.668673496153     -0.743556154935
   136     -4.343668069529      4.332117271130     -0.366542539454     -0.930401293405
   137     -4.136284671750      5.310377014922      0.207383397778      0.978259743793
   138     -4.324719935090      4.328291401786     -0.188435263340     -0.982085613137
   139     -3.965553228758      3.395017981473      0.359166706332     -0.933273420313
   140     -4.604090991210      4.164608473827     -0.638537762452      0.769590492355
   141     -5.574502325194      4.406066219356     -0.970411333984      0.241457745529
   142     -5.999363481057      3.500807693719     -0.424861155863     -0.905258525637
   143     -6.747173121873      4.164720896708     -0.747809640816      0.663913202989
   144     -6.529668886423      5.140780273775      0.217504235450      0.976059377068
   145     -7.356626630379      4.578516199064     -0.826957743956     -0.562264074712
   146     -8.040943069798      3.849331030028     -0.684316439419     -0.729185169035
   147     -8.357040393991      2.900604261334     -0.316097324193     -0.948726768695
   148     -9.328221250809      2.662260510942     -0.971180856818     -0.238343750391
   149     -8.763248248392      1.837151120291      0.564973002417     -0.825109390651
   150     -9.381928224970      1.051508016470     -0.618679976578     -0.785643103821
   151     -8.483774543877      1.491189679881      0.898153681093      0.439681663411
   152     -8.409213675638      0.493973215452      0.074560868239     -0.997216464429
   153     -7.655743786378      1.151455630409      0.753469889261      0.657482414957
   154     -7.605521332148      0.152717574115      0.050222454230     -0.998738056295
   155     -7.862368799359      1.119169527699     -0.256847467211      0.966451953585
   156     -7.161260688504      0.406114539011      0.701108110855     -0.713054988688
   157     -6.554506185327     -0.388774744395      0.606754503177     -0.794889283406
   158     -5.898788674195      0.366231577164      0.655717511132      0.755006321560
   159     -5.139837225384      1.017378794272      0.758951448812      0.651147217108
   160     -6.130935635791      0.884247502350     -0.991098410407     -0.133131291922
   161     -5.593812183657      1.727751146188      0.537123452134      0.843503643838
   162     -6.583913086143      1.868108557450     -0.990100902486      0.140357411262
   163     -6.995865030746      0.956902984960     -0.411951944604     -0.911205572490
   164     -5.995913565666      0.947050701817      0.999951465081     -0.009852283143
   165     -6.805376923594      1.534221096312     -0.809463357929      0.587170394494
   166     -5.832882827757      1.767148624870      0.972494095838      0.232927528558
   167     -6.672278227846      1.223627362812     -0.839395400089     -0.543521262058
   168     -7.278042476116      2.019271551830     -0.605764248270      0.795644189018
   169     -8.277722937002      1.993993574798     -0.999680460886     -0.025277977032
   170     -7.693879638616      1.182127204679      0.583843298386     -0.811866370119
   171     -8.364303791026      0.440149135013     -0.670424152410     -0.741978069666
   172     -8.759353035388     -0.478510809977     -0.395049244362     -0.918659944990
   173     -9.702351048284     -0.811309168858     -0.942998012896     -0.332798358881
   174     -9.136565566037     -1.635861646314      0.565785482247     -0.824552477456
   175     -8.366202257059     -0.998256461125      0.770363308978      0.637605185190
   176     -8.961006800405     -0.194386101418     -0.594804543346      0.803870359707
   177     -7.970595407225     -0.056236645178      0.990411393180      0.138149456240
   178     -8.960023978417     -0.201257686784     -0.989428571192     -0.145021041605
   179     -8.387609449002     -1.021222080226      0.572414529416     -0.819964393443
   180     -8.691684642487     -1.973870114238     -0.304075193485     -0.952648034012
   181     -8.318767077469     -2.901734592328      0.372917565018     -0.927864478090
   182     -7.924726407801     -3.820827596680      0.394040669668     -0.919093004351
   183     -8.867710927992     -4.153664185234     -0.942984520191     -0.332836588554
   184     -8.990580718067     -5.146086985600     -0.122869790075     -0.992422800366
   185     -9.989628667318     -5.102461361283     -0.999047949251      0.043625624317
   186     -9.165153252258     -5.668359134704      0.824475415060     -0.565897773421
   187    -10.160489008798     -5.764830538519     -0.995335756539     -0.096471403815
   188    -10.638892334333     -6.642970765428     -0.478403325536     -0.878140226909
   189    -10.266779416084     -7.571158233601      0.372112918249     -0.928187468172
   190     -9.762593209471     -6.707563265424      0.504186206613      0.863594968177
   191     -8.891392461910     -7.198490202401      0.871200747561     -0.490926936977
   192     -8.202147618205     -7.923018701099      0.689244843706     -0.724528498698
   193     -9.134085690417     -8.285636171115     -0.931938072212     -0.362617470017
   194     -8.141528688385     -8.407417112632      0.992557002032     -0.121780941517
   195     -9.064019171807     -8.021397284132     -0.922490483422      0.386019828501
   196     -9.653571818193     -7.213667331029     -0.589552646386      0.807729953102
   197     -9.578469402735     -6.216491505414      0.075102415458      0.997175825616
   198     -8.755612343438     -6.784739919371      0.822857059297     -0.568248413958
   199     -7.978339125744     -7.413903129560      0.777273217694     -0.629163210189
   200     -8.263251046715     -8.372456830345     -0.284911920971     -0.958553700785
   201     -8.623232178206     -9.305416414127     -0.359981131492     -0.932959583782
   202     -9.619249728914     -9.394573795666     -0.996017550707     -0.089157381539
   203     -8.797684082278     -9.964687721358      0.821565646636     -0.570113925692
   204     -9.690858568783    -10.414398002157     -0.893174486505     -0.449710280799
   205     -9.287313119494     -9.499438401760      0.403545449289      0.914959600397
   206    -10.239871757379     -9.195083277947     -0.952558637885      0.304355123813
   207     -9.605642373659     -9.968228211853      0.634229383720     -0.773144933907
   208    -10.459069367222    -10.489440612566     -0.853426993564     -0.521212400713
   209    -11.189555995682    -11.172367611331     -0.730486628460     -0.682926998764
   210    -12.142962804124    -10.870679929090     -0.953406808442      0.301687682241
   211    -12.859040331781    -11.568700684071     -0.716077527657     -0.698020754981
   212    -12.133590877273    -10.880425238515      0.725449454508      0.688275445555
   213    -11.695199163949    -11.779209253554      0.438391713324     -0.898784015038
   214    -10.884026840288    -12.364016453686      0.811172323661     -0.584807200132
   215    -11.497323304902    -13.153869254207     -0.613296464614     -0.789852800521
   216    -11.354756455744    -14.143654429647      0.142566849158     -0.989785175440
   217    -10.627816768042    -14.830355740585      0.726939687702     -0.686701310938
   218    -10.448036636133    -13.846648922386      0.179780131909      0.983706818199
   219     -9.929794088414    -14.701882610763      0.518242547719     -0.855233688376
   220     -9.462510703367    -15.585990204927      0.467283385047     -0.884107594165
   221     -8.505065763101    -15.874606189167      0.957444940266     -0.288615984240
   222     -8.010315265778    -16.743641254857      0.494750497323     -0.869035065690
   223     -8.496140735719    -15.869585414103     -0.485825469941      0.874055840754
   224     -8.798539864161    -16.822766806660     -0.302399128442     -0.953181392557
   225     -9.235746881452    -15.923405909116     -0.437207017291      0.899360897544
   226     -8.582308084074    -16.680385260275      0.653438797378     -0.756979351159
   227     -9.540273331462    -16.393500989539     -0.957965247389      0.286884270736
   228    -10.463339720088    -16.778141655862     -0.923066388626     -0.384640666323
   229    -11.289895629541    -17.340996280564     -0.826555909453     -0.562854624702
   230    -10.581595104101    -16.635085262332      0.708300525440      0.705911018232
   231    -11.577626900508    -16.724083355269     -0.996031796407     -0.088998092937
   232    -12.549226288669    -16.487451512686     -0.971599388161      0.236631842583
   233    -13.012144726428    -15.601050632732     -0.462918437759      0.886400879954
   234    -12.483212259401    -14.752386714962      0.528932467027      0.848663917770
   235    -13.344599172146    -14.244437321269     -0.861386912744      0.507949393692
   236    -14.322756569018    -14.036571723001     -0.978157396873      0.207865598268
   237    -15.319594425431    -14.116034217448     -0.996837856412     -0.079462494447
   238    -14.326667920183    -14.234764816612      0.992926505247     -0.118730599164
   239    -14.429976363878    -15.229414184712     -0.103308443695     -0.994649368100
   240    -15.414746044627    -15.055550226749     -0.984769680748      0.173863957963
   241    -15.628338848784    -16.032473004665     -0.213592804158     -0.976922777917
   242    -14.692567016320    -16.385079127083      0.935771832464     -0.352606122418
   243    -15.015914582768    -15.438798856089     -0.323347566447      0.946280270994
   244    -15.318488946612    -14.485673075122     -0.302574363844      0.953125780967
   245    -14.757417387453    -13.657905773580      0.561071559159      0.827767301542
   246    -14.011482569330    -12.991886819561      0.745934818123      0.666018954019
   247    -13.613987646405    -13.909491193052      0.397494922925     -0.917604373490
   248    -13.953856556814    -14.849964012296     -0.339868910409     -0.940472819244
   249    -14.636283574205    -14.119010275091     -0.682427017391      0.730953737206
   250    -15.635163325528    -14.071689641153     -0.998879751323      0.047320633938
   251    -16.303520727683    -14.815529935157     -0.668357402155     -0.743840294004
   252    -16.826279645999    -13.963049370381     -0.522758918315      0.852480564777
   253    -15.953556313787    -13.474834268798      0.872723332212      0.488215101582
   254    -15.356022705822    -12.672990401607      0.597533607965      0.801843867191
   255    -16.060114806291    -13.383099065162     -0.704092100469     -0.710108663555
   256    -15.060386915648    -13.406425973874      0.999727890643     -0.023326908712
   257    -14.552622393967    -12.544930071086      0.507764521681      0.861495902789
   258    -14.431492600250    -13.537566748362      0.121129793717     -0.992636677276
   259    -13.866589149776    -12.712409738065      0.564903450474      0.825157010297
   260    -13.096940727029    -12.073941802015      0.769648422747      0.638467936049
   261    -12.176081267812    -11.684047128584      0.920859459217      0.389894673432
   262    -12.611343839226    -12.584350685128     -0.435262571414     -0.900303556544
   263    -13.239191223380    -13.362687156206     -0.627847384154     -0.778336471078
   264    -13.911946985977    -12.622822517308     -0.672755762597      0.739864638898
   265    -14.454465922019    -11.782778944607     -0.542518936042      0.840043572701
   266    -13.588724355615    -11.282287645782      0.865741566404      0.500491298825
   267    -14.324211803317    -10.604749296850     -0.735487447702      0.677538348932
   268    -14.753199560435     -9.701438993443     -0.428987757119      0.903310303408
   269    -15.667544293562     -9.296502320610     -0.914344733126      0.404936672832
   270    -14.747566855360     -8.904531003803      0.919977438202      0.391971316807
   271    -15.497511977625     -9.566031051868     -0.749945122266     -0.661500048065
   272    -16.430952650941     -9.924762858934     -0.933440673315     -0.358731807066
   273    -15.870372435002    -10.752862986635      0.560580215938     -0.828100127701
   274    -14.873778686547    -10.670395413976      0.996593748455      0.082467572659
   275    -14.320021281858     -9.837717362896      0.553757404690      0.832678051081
   276    -14.918059690510    -10.639184805638     -0.598038408652     -0.801467442743
   277    -14.059448168000    -11.151811622546      0.858611522510     -0.512626816908
   278    -13.448406512695    -10.360213179217      0.611041655305      0.791598443329
   279    -14.446341567228    -10.295982135832     -0.997935054533      0.064231043385
   280    -13.637781760504     -9.707568132812      0.808559806724      0.588414003020
   281    -12.759882521785    -10.186413542790      0.877899238718     -0.478845409979
   282    -12.398863713404     -9.253855008437      0.361018808382      0.932558534353
   283    -13.266952638966     -8.757446288413     -0.868088925562      0.496408720025
   284    -12.279161628685     -8.913231140077      0.987791010281     -0.155784851664
   285    -11.306656943387     -8.680347827939      0.972504685298      0.232883312139
   286    -11.801908565758     -7.811598249211     -0.495251622371      0.868749578727
   287    -11.178328637513     -8.593357849786      0.623579928244     -0.781759600575
   288    -11.983386231450     -9.186554503894     -0.805057593936     -0.593196654108
   289    -12.744342163199     -9.835358071960     -0.760955931750     -0.648803568066
   290    -12.474958336801    -10.798390965518      0.269383826398     -0.963032893558
   291    -11.475168212881    -10.818877744432      0.999790123921     -0.020486778914
   292    -10.917021613237    -11.648620098002      0.558146599643     -0.829742353569
   293    -11.914448540662    -11.576929621319     -0.997426927425      0.071690476683
   294    -11.181627939581    -10.896507717915      0.732820601081      0.680421903403
   295    -12.083498198688    -11.328514703667     -0.901870259107     -0.432006985752
   296    -11.275288548936    -10.739619838646      0.808209649752      0.588894865021
   297    -11.214039262841    -11.737742338619      0.061249286095     -0.998122499973
   298    -10.217330206583    -11.818804396162      0.996709056258     -0.081062057542
   299    -11.063109919380    -11.285272131513     -0.845779712797      0.533532264648
   300    -11.492967227888    -10.382375296696     -0.429857308507      0.902896834817
   301    -12.156761970761    -11.130290090864     -0.663794742873     -0.747914794167
   302    -12.667216588535    -10.270385396614     -0.510454617775      0.859904694250
   303    -13.257239864085    -11.077771632755     -0.590023275550     -0.807386236141
   304    -12.473085498463    -11.698337447858      0.784154365622     -0.620565815104
   305    -12.054563980904    -10.790130566503      0.418521517559      0.908206881355
   306    -12.297172827463    -11.760254758332     -0.242608846559     -0.970124191829
   307    -12.324155597035    -12.759890657120     -0.026982769572     -0.999635898788
   308    -11.370986388958    -12.457453125101      0.953169208077      0.302437532019
   309    -10.920691735344    -11.564573108007      0.450294653614      0.892880017094
   310    -10.020003718421    -11.130106658010      0.900688016922      0.434466449996
   311    -10.649830239562    -11.906842490368     -0.629826521140     -0.776735832358
   312    -10.991011509849    -12.846840012069     -0.341181270287     -0.939997521702
   313     -9.991038761099    -12.839457481567      0.999972748750      0.007382530502
   314    -10.798631558146    -13.429197995825     -0.807592797047     -0.589740514258
   315    -10.618305150860    -12.445591170495      0.180326407286      0.983606825330
   316    -10.283573979523    -13.387904835331      0.334731171337     -0.942313664835
   317     -9.802100365590    -12.511444249174      0.481473613933      0.876460586157
   318     -9.413338581638    -13.432782555845      0.388761783952     -0.921338306670
   319     -8.413584671014    -13.410598818705      0.999753910623      0.022183737139
   320     -9.270203938077    -12.894649759885     -0.856619267062      0.515949058820
   321     -8.275392222507    -12.996382992233      0.994811715570     -0.101733232348
   322     -8.508602420002    -13.968809341004     -0.233210197495     -0.972426348771
   323     -9.023165135006    -13.111356594593     -0.514562715004      0.857452746411
   324     -8.041368160155    -12.921423184749      0.981796974850      0.189933409844
   325     -7.328606005754    -12.220017374071      0.712762154401      0.701405810678
   326     -6.430023059260    -11.781213672777      0.898582946494      0.438803701294
   327     -6.517850560769    -12.777349371353     -0.087827501509     -0.996135698577
   328     -6.416721310595    -11.782476075522      0.101129250174      0.994873295832
   329     -5.841395484934    -12.600400396182      0.575325825661     -0.817924320660
   330     -4.900339706830    -12.938651815242      0.941055778104     -0.338251419060
   331     -5.608059814320    -12.232158892806     -0.707720107491      0.706492922437
   332     -6.565282269720    -12.521511914007     -0.957222455400     -0.289353021201
   333     -5.569514806791    -12.613420345454      0.995767462929     -0.091908431447
   334     -6.004935905789    -11.713193448196     -0.435421098999      0.900226897258
   335     -5.342942553139    -10.963683741090      0.661993352651      0.749509707106
   336     -6.081110849950    -11.638300347454     -0.738168296811     -0.674616606365
   337     -6.519252586515    -10.739394446551     -0.438141736565      0.898905900904
   338     -6.131847845015    -11.661304185225      0.387404741500     -0.921909738675
   339     -7.056993129363    -11.281690957255     -0.925145284347      0.379613227970
   340     -7.566388222555    -10.421158192608     -0.509395093192      0.860532764647
   341     -7.449314836656     -9.428034926183      0.117073385899      0.993123266425
   342     -7.857343383330     -8.515065756332     -0.408028546674      0.912969169851
   343     -7.926346320766     -9.512682213005     -0.069002937436     -0.997616456673
   344     -7.600409061286     -8.567290811054      0.325937259480      0.945391401951
   345     -8.573239355328     -8.798810181722     -0.972830294042     -0.231519370667
   346     -8.484147791899     -9.794833621870      0.089091563430     -0.996023440149
   347     -9.094607563822    -10.586880884894     -0.610459771923     -0.792047263024
   348     -8.301594172182    -11.196085087670      0.793013391640     -0.609204202776
   349     -9.013651853023    -10.493964115789     -0.712057680841      0.702120971881
   350     -9.875464580835    -11.001190714246     -0.861812727812     -0.507226598457
   351    -10.356915028765    -10.124717402508     -0.481450447930      0.876473311738
   352     -9.733532305133     -9.342800539998      0.623382723632      0.781916862510
   353    -10.017349569997     -8.383922153463     -0.283817264865      0.958878386535
   354     -9.040871272564     -8.168306442902      0.976478297434      0.215615710562
   355     -9.997407374443     -7.876692510104     -0.956536101879      0.291613932797
   356     -8.997472112864     -7.888071115100      0.999935261579     -0.011378604995
   357     -9.237020559411     -8.858955527250     -0.239548446546     -0.970884412151
   358    -10.165076674271     -9.231395922040     -0.928056114860     -0.372440394789
   359    -11.043227187295     -8.753011477815     -0.878150513024      0.478384444224
   360    -10.339294120830     -9.463277792614      0.703933066465     -0.710266314798
   361     -9.577036484291     -8.816004051807      0.762257636539      0.647273740806
   362    -10.152856107701     -7.998427290093     -0.575819623410      0.817576761715
   363     -9.397336613799     -8.653553456822      0.755519493902     -0.655126166730
   364    -10.322015331291     -8.272805154899     -0.924678717492      0.380748301923
   365     -9.679571800067     -9.039138182498      0.642443531223     -0.766333027599
   366    -10.313642012004     -8.265862703556     -0.634070211937      0.773275478943
   367     -9.733009467095     -9.080028440854      0.580632544910     -0.814165737299
   368     -9.006136506014     -9.766800381494      0.726872961081     -0.686771940640
   369     -9.459063091188     -8.875252565366     -0.452926585174      0.891547816128
   370    -10.428825189834     -9.119304756567     -0.969762098646     -0.244052191201
   371    -10.823363002493     -8.200425050413     -0.394537812660      0.918879706154
   372    -11.783805235417     -8.478904344466     -0.960442232924     -0.278479294053
   373    -12.685996479852     -8.047568096899     -0.902191244435      0.431336247568
   374    -12.118313989648     -8.870815684393      0.567682490204     -0.823247587495
   375    -11.463775551276     -8.114786959613      0.654538438372      0.756028724781
   376    -11.114581292039     -7.177736603807      0.349194259237      0.937050355806
   377    -11.180969027494     -8.175530504661     -0.066387735455     -0.997793900854
   378    -11.382421548451     -9.155028785313     -0.201452520957     -0.979498280652
   379    -12.346741109724     -8.890287810499     -0.964319561274      0.264740974813
   380    -11.353485000007     -9.006228745934      0.993256109717     -0.115940935435
   381    -10.787114206155     -8.182078199085      0.566370793852      0.824150546849
   382     -9.801586974383     -8.351595382389      0.985527231772     -0.169517183304
   383     -9.199052742000     -9.149688421331      0.602534232383     -0.798093038942
   384     -8.374595116927     -9.715612112704      0.824457625074     -0.565923691373
   385     -8.546397625533    -10.700743524261     -0.171802508607     -0.985131411557
   386     -9.536512555463    -10.841001948355     -0.990114929930     -0.140258424094
   387     -8.618634151431    -11.237863681721      0.917878404033     -0.396861733366
   388     -7.922459623517    -11.955736251669      0.696174527914     -0.717872569948
   389     -6.923445962606    -12.000140140160      0.999013660911     -0.044403888491
   390     -6.840346241447    -11.003598903510      0.083099721159      0.996541236650
   391     -5.980916201363    -11.514852271421      0.859430040084     -0.511253367911
   392     -6.979137662705    -11.574466985344     -0.998221461342     -0.059614713922
   393     -6.086862670188    -11.122974640193      0.892274992517      0.451492345150
   394     -5.238617493758    -11.652578379477      0.848245176430     -0.529603739283
   395     -6.064366605247    -12.216615971198     -0.825749111489     -0.564037591722
   396     -6.029956126707    -11.217208187075      0.034410478540      0.999407784123
   397     -6.572150183489    -10.376954889081     -0.542194056783      0.840253297994
   398     -7.425097477758    -10.898951932367     -0.852947294269     -0.521997043286
   399     -6.712302939499    -10.197579031388      0.712794538259      0.701372900979
   400     -5.875954762938    -10.745777651930      0.836348176560     -0.548198620542
   401     -6.214236583353     -9.804732801789     -0.338281820415      0.941044850141
   402     -6.964159797320     -9.143207917032     -0.749923213967      0.661524884757
   403     -6.829690231099    -10.134125641044      0.134469566222     -0.990917724012
   404     -7.788788745580    -10.417198139744     -0.959098514481     -0.283072498700
   405     -8.725686818092    -10.766800773777     -0.936898072512     -0.349602634034
   406     -9.379340777312    -10.010007207740     -0.653653959220      0.756793566037
   407     -8.449770789852     -9.641361526342      0.929569987460      0.368645681397
   408     -8.537268691651    -10.637526230184     -0.087497901799     -0.996164703842
   409     -7.590427761941    -10.315824110473      0.946840929710      0.321702119711
   410     -6.606244311133    -10.138671816797      0.984183450809      0.177152293676
   411     -6.732498603640    -11.130669726888     -0.126254292507     -0.991997910090
   412     -6.185207291644    -11.967611911160      0.547291311996     -0.836942184272
   413     -5.461188783126    -12.657392455481      0.724018508518     -0.689780544321
   414     -4.511843089715    -12.971626053941      0.949345693411     -0.314233598461
   415     -3.995579069942    -12.115196569461      0.516264019773      0.856429484481
   416     -3.650349045694    -13.053714672833      0.345230024248     -0.938518103372
   417     -4.012803970491    -12.121713370532     -0.362454924797      0.932001302301
   418     -3.166988849893    -12.655189500990      0.845815120598     -0.533476130457
   419     -2.216859264028    -12.967044868210      0.950129585865     -0.311855367220
   420     -1.373062680089    -12.430381729050      0.843796583939      0.536663139159
   421     -2.008713277471    -13.202358618631     -0.635650597382     -0.771976889581
   422     -2.215797051126    -12.224035404817     -0.207083773655      0.978323213815
   423     -3.192593611122    -12.009866125084     -0.976796559995      0.214169279733
   424     -2.250380366460    -12.344879858508      0.942213244662     -0.335013733425
   425     -1.872832236235    -13.270869820314      0.377548130225     -0.925989961805
   426     -2.488087313080    -14.059197918517     -0.615255076845     -0.788328098203
   427     -3.162609610721    -13.320943443430     -0.674522297641      0.738254475086
   428     -2.173078713752    -13.465264626711      0.989530896969     -0.144321183281
   429     -3.158124101316    -13.637559677246     -0.985045387564     -0.172295050535
   430     -2.536964144744    -14.421243483606      0.621159956573     -0.783683806360
   431     -2.470623431170    -15.419040511925      0.066340713574     -0.997797028319
   432     -1.877721280951    -14.613765999559      0.592902150218      0.805274512366
   433     -2.870755614524    -14.495940652767     -0.993034333572      0.117825346792
   434     -3.322701292299    -13.603895191852     -0.451945677776      0.892045460915
   435     -4.014389183928    -12.881698639261     -0.691687891629      0.722196552591
   436     -4.487409308724    -13.762750261777     -0.473020124796     -0.881051622516
   437     -3.867372835536    -12.978177274786      0.620036473188      0.784572986992
   438     -2.911221110629    -12.685305495749      0.956151724908      0.292871779037
   439     -2.663662545156    -11.716432564627      0.247558565473      0.968872931122
   440     -1.934044915431    -11.032577233146      0.729617629725      0.683855331481
   441     -2.275946388325    -10.092841428341     -0.341901472894      0.939735804805
   442     -2.778251791459     -9.228151147384     -0.502305403135      0.864690280957
   443     -2.077373772396     -9.941432299801      0.700878019063     -0.713281152417
   444     -1.857502590192    -10.916961214409      0.219871182204     -0.975528914608
   445     -2.384606376640    -10.067160297540     -0.527103786448      0.849800916870
   446     -2.882894528690    -10.934171783926     -0.498288152050     -0.867011486387
   447     -2.845464006237    -11.933471016383      0.037430522453     -0.999299232457
   448     -1.959417713100    -11.469874245021      0.886046293138      0.463596771362
   449     -2.646322851204    -12.196621333936     -0.686905138105     -0.726747088914
   450     -3.587623794280    -11.859052771173     -0.941300943075      0.337568562763
   451     -4.584263814150    -11.777146295287     -0.996640019871      0.081906475886
   452     -3.649471902830    -11.421950458418      0.934791911321      0.355195836869
   453     -4.622686004416    -11.651851116253     -0.973214101587     -0.229900657835
   454     -4.732165631501    -12.645840156058     -0.109479627085     -0.993989039805
   455     -5.729795327012    -12.577028887834     -0.997629695511      0.068811268224
   456     -6.693722447152    -12.310862573175     -0.963927120140      0.266166314658
   457     -6.297541536939    -11.392690102241      0.396180910214      0.918172470935
   458     -5.299383486547    -11.453357279850      0.998158050391     -0.060667177609
   459     -4.656209664890    -12.219077486671      0.643173821657     -0.765720206822
   460     -5.279241840801    -11.436881278690     -0.623032175911      0.782196207981
   461     -4.908225619227    -10.508254893469      0.371016221574      0.928626385221
   462     -3.974103953778    -10.151300114625      0.934121665448      0.356954778844
   463     -3.117739467166    -10.667671943901      0.856364486612     -0.516371829276
   464     -2.118328844304    -10.633344011976      0.999410622862      0.034327931925
   465     -1.277668358358    -10.091781506472      0.840660485947      0.541562505504
   466     -2.016083676212    -10.766127721972     -0.738415317854     -0.674346215500
   467     -1.256765060652    -11.416846739724      0.759318615560     -0.650719017752
   468     -0.697323861440    -10.587976698870      0.559441199212      0.828870040854
   469      0.295358113395    -10.467218689452      0.992681974835      0.120758009418
   470      0.180593653484     -9.473825958081     -0.114764459911      0.993392731371
   471      0.596425409881    -10.383267517705      0.415831756397     -0.909441559624
   472     -0.265657413190    -10.890034926055     -0.862082823071     -0.506767408350
   473     -0.321461336506    -11.888476673050     -0.055803923316     -0.998441746995
   474     -1.120141071357    -12.490233003418     -0.798679734851     -0.601756330368
   475     -0.654516462733    -11.605250673739      0.465624608624      0.884982329679
   476     -1.637337549370    -11.789811535415     -0.982821086636     -0.184560861677
   477     -2.122064965675    -12.664476803893     -0.484727416306     -0.874665268478
   478     -2.347285737081    -11.690169047521     -0.225220771406      0.974307756372
   479     -1.348748953961    -11.636092317251      0.998536783120      0.054076730270
   480     -0.642367593005    -10.928260859280      0.706381360957      0.707831457971
   481     -0.621374205548     -9.928481244723      0.020993387456      0.999779614557
   482     -1.372707335461    -10.588404367440     -0.751333129913     -0.659923122716
   483     -0.373178842826    -10.619109292293      0.999528492635     -0.030704924854
   484      0.053115998357     -9.714525018507      0.426294841183      0.904584273786
   485      0.498669915765     -8.819269911466      0.445553917408      0.895255107041
   486     -0.357913587584     -8.303261479568     -0.856583503349      0.516008431899
   487      0.380458385488     -8.977655154939      0.738371973072     -0.674393675372
   488     -0.350857540886     -8.295616288135     -0.731315926374      0.682038866805
   489     -0.346516544105     -9.295606865964      0.004340996780     -0.999990577829
   490     -1.049700411445    -10.006614917053     -0.703183867339     -0.711008051089
   491     -2.042766044877    -10.124176167881     -0.993065633432     -0.117561250827
   492     -2.013804076596    -11.123756682093      0.028961968281     -0.999580514212
   493     -2.189065137280    -10.139234686093     -0.175261060683      0.984521996000
   494     -1.335065182900     -9.618961605951      0.853999954379      0.520273080142
   495     -1.472919476194    -10.609414125672     -0.137854293294     -0.990452519720
   496     -0.495337660322    -10.398858210828      0.977581815872      0.210555914843
   497     -1.219875002368    -11.088093758359     -0.724537342046     -0.689235547531
   498     -0.294983708143    -10.707862126500      0.924891294225      0.380231631859
   499      0.505262333324    -10.108190321996      0.800246041467      0.599671804504
   500     -0.270544647561    -10.739160629071     -0.775806980885     -0.630970307075
   501     -1.169890096565    -10.301921834639     -0.899345449004      0.437238794432
   502     -0.239679510608     -9.934895587929      0.930210585957      0.367026246709
   503     -1.151657703963     -9.524656907592     -0.911978193355      0.410238680338
   504     -1.035793040008     -8.531391897815      0.115864663954      0.993265009777
   505     -1.372409123253     -7.589749920999     -0.336616083245      0.941641976816
   506     -0.412301192063     -7.869379605522      0.960107931190     -0.279629684523
   507      0.406004520076     -8.444162835515      0.818305712139     -0.574783229992
   508      1.361065914475     -8.740570886905      0.955061394399     -0.296408051390
   509      2.095716274461     -8.062124980019      0.734650359987      0.678445906887
   510      1.194080463025     -8.494621065013     -0.901635811437     -0.432496084994
   511      2.095118194141     -8.928361779156      0.901037731116     -0.433740714143
   512      1.098210482560     -9.006943040221     -0.996907711581     -0.078581261066
   513      0.354846987628     -9.675830709717     -0.743363494932     -0.668887669495
   514      0.960515878095     -8.880113928996      0.605668890467      0.795716780721
   515      1.548374506900     -8.071150250862      0.587858628804      0.808963678134
   516      0.733701171750     -7.491230121020     -0.814673335149      0.579920129842
   517      0.134991705184     -6.690263845423     -0.598709466566      0.800966275597
   518      0.092982937884     -5.691146603318     -0.042008767300      0.999117242104
   519      0.924122840231     -6.247209965470      0.831139902347     -0.556063362151
   520      0.006266019067     -6.644121612872     -0.917856821164     -0.396911647402
   521      0.527788289209     -5.790883942732      0.521522270142      0.853237670140
   522      1.064757131475     -6.634486018616      0.536968842266     -0.843602075884
   523      0.770505943709     -5.678757899066     -0.294251187766      0.955728119550
   524     -0.156141893954     -6.054688457752     -0.926647837663     -0.375930558686
   525      0.279463110141     -5.154550534761      0.435605004095      0.900137922991
   526      0.621179432783     -6.094353681617      0.341716322642     -0.939803146856
   527      0.017123471374     -6.891295583820     -0.604055961408     -0.796941902203
   528      1.016563738135     -6.924749330653      0.999440266761     -0.033453746833
   529      0.756683483731     -5.959108479523     -0.259880254404      0.965640851130
   530      0.842653573414     -4.962810761128      0.085970089684      0.996297718395
   531      1.649700652050     -5.553297859095      0.807047078635     -0.590487097968
   532      2.600655130393     -5.862628717756      0.950954478343     -0.309330858661
   533      2.738153256088     -4.872126690787      0.137498125695      0.990502026969
   534      2.791268141050     -5.870715098989      0.053114884963     -0.998588408202
   535      3.733691506418     -6.205137287860      0.942423365368     -0.334422188871
   536      2.865164208629     -5.709495952824     -0.868527297789      0.495641335036
   537      3.562900465960     -6.425850694001      0.697736257330     -0.716354741177
   538      4.561306380339     -6.369409307300      0.998405914379      0.056441386701
   539      3.931244768790     -7.145954454508     -0.630061611549     -0.776545147208
   540      2.963402938180     -7.397513972162     -0.967841830610     -0.251559517654
   541      3.410048076813     -8.292225165864      0.446645138633     -0.894711193702
   542      4.030390614804     -9.076556177338      0.620342537991     -0.784331011474
   543      4.686018619204     -9.831640225538      0.655628004400     -0.755084048200
   544      3.713159190925     -9.600243309378     -0.972859428279      0.231396916160
   545      3.120217569647     -8.794997859992     -0.592941621278      0.805245449386
   546      3.326744259160     -9.773438827306      0.206526689513     -0.978440967314
   547      2.328371992349     -9.716405355883     -0.998372266811      0.057033471423
   548      3.153211698198    -10.281772015367      0.824839705849     -0.565366659483
   549      2.275474003191    -10.760913475444     -0.877737695006     -0.479141460077
   550      1.500524925840    -10.128889799058     -0.774949077352      0.632023676385
   551      1.180157716380    -11.076183233588     -0.320367209459     -0.947293434530
   552      1.719341249377    -11.918371524735      0.539183532996     -0.842188291147
   553      2.500179621903    -12.543104616535      0.780838372527     -0.624733091800
   554      2.183230804114    -13.491547259451     -0.316948817789     -0.948442642916
   555      1.193872204107    -13.346049628569     -0.989358600007      0.145497630882
   556      1.201654315238    -12.346079909655      0.007782111131      0.999969718915
   557      2.190963487043    -12.200246571277      0.989309171805      0.145833338378
   558      2.421771896526    -13.173245789217      0.230808409483     -0.972999217940
   559      3.333990086038    -12.763541048308      0.912218189512      0.409704740909
   560      4.030611251256    -13.480980211004      0.696621165218     -0.717439162696
   561      3.833739373961    -14.461409435339     -0.196871877295     -0.980429224335
   562      2.853726263745    -14.660342348167     -0.980013110215     -0.198932912828
   563      1.917773048649    -14.308217967940     -0.935953215097      0.352124380227
   564      0.965434328227    -14.003175410933     -0.952338720422      0.305042557006
   565      1.611747832496    -14.766247395873      0.646313504269     -0.763071984940
   566      1.668695744773    -13.767870245049      0.056947912277      0.998377150824
   567      1.763024042114    -14.763411390517      0.094328297341     -0.995541145469
   568      1.222314949142    -15.604621041424     -0.540709092972     -0.841209650906
   569      0.668210243733    -14.772174060864     -0.554104705409      0.832446980560
   570     -0.209511138037    -14.293002717831     -0.877721381770      0.479171343032
   571     -0.779482871945    -13.471338417435     -0.569971733908      0.821664300397
   572      0.219420302241    -13.424514827205      0.998903174186      0.046823590230
   573      0.006780526182    -14.401645486655     -0.212639776059     -0.977130659450
   574     -0.826314455598    -14.954775445465     -0.833094981780     -0.553129958810
   575     -0.957970950304    -15.946070844124     -0.131656494706     -0.991295398659
   576     -1.160601609724    -14.966815608824     -0.202630659421      0.979255235300
   577     -1.874043832452    -15.667529669501     -0.713442222727     -0.700714060677
   578     -2.862094257608    -15.513398694843     -0.988050425156      0.154130974657
   579     -2.284788984295    -16.329927090801      0.577305273312     -0.816528395958
   580     -2.972615539643    -15.604052012183     -0.687826555347      0.725875078618
   581     -2.103059161591    -16.097885694093      0.869556378052     -0.493833681910
   582     -2.242665415584    -15.107678597650     -0.139606253993      0.990207096443
   583     -2.983642671821    -14.436148474916     -0.740977256237      0.671530122734
   584     -3.926694914360    -14.103503817899     -0.943052242539      0.332644657017
   585     -3.580841597249    -15.041792410520      0.345853317111     -0.938288592621
   586     -4.058328392227    -15.920431335575     -0.477486794978     -0.878638925055
   587     -5.058287359303    -15.911372408259     -0.999958967076      0.009058927317
   588     -4.814987184336    -14.941421365751      0.243300174968      0.969951042507
   589     -5.485550347946    -14.199568925162     -0.670563163610      0.741852440590
   590     -6.407685781092    -14.586436141319     -0.922135433146     -0.386867216157
   591     -5.683211110331    -15.275737564084      0.724474670761     -0.689301422765
   592     -5.741660259063    -14.277447176966     -0.058449148733      0.998290387118
   593     -6.408186278973    -13.531965410064     -0.666526019910      0.745481766902
   594     -6.417103029280    -12.532005165072     -0.008916750307      0.999960244992
   595     -6.625716706527    -11.554007039478     -0.208613677247      0.977998125594
   596     -6.681084575195    -12.552473062495     -0.055367868667     -0.998466023017
   597     -6.032689933048    -11.791168663431      0.648394642147      0.761304399064
   598     -5.558155450133    -10.910931749569      0.474534482914      0.880236913862
   599     -4.607622225855    -11.221554655265      0.950533224278     -0.310622905696
   600     -3.912992253592    -10.502187432190      0.694629972263      0.719367223074
   601     -4.417717047875    -11.365467735473     -0.504724794283     -0.863280303283
   602     -3.458477693413    -11.648062606006      0.959239354462     -0.282594870533
   603     -2.496597279194    -11.374592189432      0.961880414219      0.273470416574
   604     -1.985717684818    -12.234244468002      0.510879594376     -0.859652278570
   605     -1.801676608055    -13.217163021120      0.184041076763     -0.982918553118
   606     -1.668954747761    -12.226009699075      0.132721860293      0.991153322045
   607     -0.853283806043    -12.804525830947      0.815670941718     -0.578516131872
   608     -0.395309539043    -11.915560381244      0.457974267000      0.888965449703
   609      0.276707350156    -12.656096201196      0.672016889198     -0.740535819952
   610      1.119184865305    -13.194827708041      0.842477515150     -0.538731506844
   611      0.658586248699    -12.307219171365     -0.460598616607      0.887608536676
   612      1.333255452704    -13.045339395425      0.674669204005     -0.738120224060
   613      2.134617814314    -12.447160186997      0.801362361610      0.598179208428
   614      2.539996252061    -11.533011226373      0.405378437747      0.914148960624
   615      1.803470880468    -10.856601308497     -0.736525371592      0.676409917876
   616      2.777222150429    -11.084216036161      0.973751269961     -0.227614727664
   617      2.704442907678    -10.086867961603     -0.072779242752      0.997348074558
   618      2.287214187557    -10.995669477396     -0.417228720120     -0.908801515792
   619      1.743229852421    -11.834764849285     -0.543984335136     -0.839095371890
   620      2.347875237747    -12.631259643998      0.604645385326     -0.796494794712
   621      1.455101700928    -13.081765373103     -0.892773536818     -0.450505729105
   622      2.440968904526    -13.249294047874      0.985867203598     -0.167528674771
   623      2.379967404326    -14.247431722232     -0.061001500201     -0.998137674358
   624      3.280499959437    -14.682220311301      0.900532555111     -0.434788589069
   625      2.708849820804    -13.861722828672     -0.571650138633      0.820497482629
   626      3.174249541538    -12.976622212956      0.465399720734      0.885100615716
   627      2.382322942001    -12.366005916952     -0.791926599537      0.610616296004
   628      3.244432930827    -11.859284724217      0.862109988826      0.506721192735
   629      4.189807515046    -11.533298688454      0.945374584219      0.325986035763
   630      5.004198744272    -12.113614917556      0.814391229226     -0.580316229102
   631      5.702855474192    -11.398157879197      0.698656729920      0.715457038359
   632      6.518493684692    -11.976720157238      0.815638210500     -0.578562278041
   633      5.608075913753    -11.563030077155     -0.910417770939      0.413690080082
   634      5.884438497815    -12.524083521107      0.276362584061     -0.961053443952
   635      4.884770359610    -12.549844217107     -0.999668138205     -0.025760696000
   636      5.882719661534    -12.613853519475      0.997949301924     -0.064009302368
   637      4.882725984711    -12.610297353725     -0.999993676823      0.003556165750
   638      5.855758887523    -12.840963714613      0.973032902812     -0.230666360888
   639      6.133569392648    -13.801599609863      0.277810505124     -0.960635895250
   640      6.321478115281    -12.819413114355      0.187908722634      0.982186495508
   641      7.320003053873    -12.873708114227      0.998524938591     -0.054294999872
   642      6.611483229317    -12.168017205818     -0.708519824556      0.705690908409
   643      7.601393821491    -12.026323806178      0.989910592174      0.141693399640
   644      8.118732253054    -11.170542907100      0.517338431564      0.855780899078
   645      7.142803329593    -11.388631733845     -0.975928923462     -0.218088826745
   646      7.368372641088    -12.362858856087      0.225569311495     -0.974227122242
   647      6.687181178273    -13.094964170225     -0.681191462815     -0.732105314138
   648      7.657381262260    -13.337269343573      0.970200083987     -0.242305173348
   649      7.917920032230    -14.302732729385      0.260538769970     -0.965463385811
   650      7.162286354882    -13.647738267074     -0.755633677348      0.654994462311
   651      7.774918343865    -14.438106564816      0.612631988983     -0.790368297742
   652      6.775374008439    -14.407921775298     -0.999544335426      0.030184789518
   653      5.784589569665    -14.272473645436     -0.990784438774      0.135448129862
   654      6.213256696379    -15.175936148518      0.428667126713     -0.903462503082
   655      6.571686809820    -16.109492710156      0.358430113441     -0.933556561639
   656      5.708638965178    -16.614614891276     -0.863047844642     -0.505122181119
   657      6.364274960457    -15.859537781509      0.655635995279      0.755077109767
   658      7.090530725413    -16.546962369276      0.726255764956     -0.687424587768
   659      6.447370753024    -17.312694208706     -0.643159972389     -0.765731839430
   660      6.202292493423    -16.343190909758     -0.245078259601      0.969503298948
   661      6.918924282757    -17.040642613116      0.716631789333     -0.697451703358
   662      7.307818782815    -17.961924908520      0.388894500058     -0.921282295404
   663      6.955044133431    -18.897633221378     -0.352774649384     -0.935708312858
   664      6.630129397317    -17.951889908287     -0.324914736114      0.945743313091
   665      5.855744868087    -18.584605168803     -0.774384529230     -0.632715260515
   666      5.768491354925    -19.580791308257     -0.087253513162     -0.996186139454
   667      4.826551888202    -19.916574037160     -0.941939466723     -0.335782728903
   668      5.825666319375    -19.958649605149      0.999114431173     -0.042075567988
   669      5.302916060231    -20.811135479850     -0.522750259144     -0.852485874701
   670      5.177510568218    -19.819029909574     -0.125405492013      0.992105570276
   671      6.109112679021    -19.455550189168      0.931602110804      0.363479720406
   672      5.168387269698    -19.116381051047     -0.940725409323      0.339169138120
   673      5.747194275168    -19.931845612153      0.578807005470     -0.815464561105
   674      6.670046191170    -20.317000569451      0.922851916002     -0.385154957298
   675      7.393347960066    -19.626468491186      0.723301768896      0.690532078265
   676      6.832075312074    -18.798837525951     -0.561272647991      0.827630965236
   677      7.593085939068    -19.447576938660      0.761010626994     -0.648739412709
   678      7.670752202019    -20.444556352489      0.077666262951     -0.996979413829
   679      7.006586826020    -21.192142035420     -0.664165375999     -0.747585682931
   680      7.528746552290    -22.044989747653      0.522159726270     -0.852847712233
   681      7.942299140708    -22.955469981713      0.413552588418     -0.910480234059
   682      7.240295656278    -22.243296472062     -0.702003484430      0.712173509650
   683      6.280635905842    -21.962132528084     -0.959659750436      0.281163943978
   684      6.288469318745    -20.962163209733      0.007833412903      0.999969318350
   685      6.090329958607    -19.981989350684     -0.198139360138      0.980173859050
   686      6.330354533314    -20.952756162816      0.240024574706     -0.970766812132
   687      5.417566296973    -21.361189309852     -0.912788236341     -0.408433147036
   688      6.220061379448    -20.764530577743      0.802495082476      0.596658732110
   689      6.370155535392    -19.775858870677      0.150094155944      0.988671707065
   690      7.277691648020    -19.355884818768      0.907536112627      0.419974051909
   691      8.261255038136    -19.175321650810      0.983563390116      0.180563167958
   692      7.442718303079    -18.600867463461     -0.818536735057      0.574454187349
   693      7.265402910643    -17.616713384261     -0.177315392436      0.984154079200
   694      8.175125898372    -17.201497674542      0.909722987729      0.415215709719
   695      8.849779343334    -16.463363046442      0.674653444962      0.738134628101
   696      9.848397447453    -16.515916658371      0.998618104119     -0.052553611929
   697      8.942218346935    -16.093022537124     -0.906179100518      0.422894121247
   698      8.018333334593    -15.710352334508     -0.923885012342      0.382670202616
   699      7.300144417648    -16.406200507299     -0.718188916946     -0.695848172791
   700      6.636952068029    -17.154649508505     -0.663192349619     -0.748449001207
   701      6.511899598006    -16.162499378867     -0.125052470023      0.992150129638
   702      7.107443264701    -16.965822315835      0.595543666696     -0.803322936968
   703      6.115485901951    -17.092394787111     -0.991957362751     -0.126572471276
   704      5.578393999860    -17.935918520452     -0.537091902090     -0.843523733341
   705      5.122270204965    -17.046002185210     -0.456123794895      0.889916335242
   706      5.260004023908    -18.036471465460      0.137733818943     -0.990469280250
   707      4.263112831596    -17.957680915961     -0.996891192312      0.078790549499
   708      4.419784189379    -18.945331707309      0.156671357783     -0.987650791348
   709      5.339227936772    -18.552110147142      0.919443747393      0.393221560167
   710      4.588332267756    -19.212530993461     -0.750895669017     -0.660420846319
   711      3.968969885605    -18.427425752377     -0.619362382150      0.785105241084
   712      3.408535979245    -17.599226599636     -0.560433906360      0.828199152742
   713      4.265645357194    -17.084092137351      0.857109377948      0.515134462284
   714      3.921508609475    -18.023011675368     -0.344136747719     -0.938919538017
   715      4.313852237833    -17.103192955572      0.392343628359      0.919818719796
   716      4.905057696530    -16.296671966628      0.591205458697      0.806520988944
   717      4.246707189219    -15.543960461785     -0.658350507311      0.752711504843
   718      4.975359129717    -16.228844648789      0.728651940498     -0.684884187004
   719      4.568969629844    -15.315144712052     -0.406389499874      0.913699936737
   720      4.902179797632    -14.372292133924      0.333210167788      0.942852578128
   721      5.746805205957    -13.836934384741      0.844625408325      0.535357749184
   722      6.161528189938    -14.746882101128      0.414722983981     -0.909947716387
   723      5.442905457230    -14.051481951548     -0.718622732708      0.695400149579
   724      4.623257765740    -13.478614024504     -0.819647691489      0.572867927045
   725      5.085600808832    -14.365315163842      0.462343043092     -0.886701139339
   726      5.476320997029    -15.285824661097      0.390720188197     -0.920509497254
   727      5.834774511222    -16.219372237904      0.358453514193     -0.933547576807
   728      5.065382585363    -15.580595231099     -0.769391925859      0.638777006805
   729      4.313703338009    -14.921066377221     -0.751679247354      0.659528853878
   730      3.400044869476    -15.327549098723     -0.913658468532     -0.406482721501
   731      4.061074001230    -14.577188860588      0.661029131754      0.750360238134
   732      4.976420518857    -14.174521811195      0.915346517627      0.402667049394
   733      4.160462591159    -14.752633098255     -0.815957927698     -0.578111287060
   734      4.576440900653    -15.662007633873      0.415978309494     -0.909374535618
   735      3.812512564025    -15.016706544074     -0.763928336628      0.645301089800
   736      3.437122731100    -15.943573564382     -0.375389832925     -0.926867020309
   737      4.352016967885    -15.539879948508      0.914894236785      0.403693615875
   738      5.264103435330    -15.949877845945      0.912086467445     -0.409997897438
   739      5.948284188755    -15.220565363780      0.684180753425      0.729312482166
   740      6.514446293982    -16.044859286240      0.566162105227     -0.824293922460
   741      5.519116012908    -16.141387166029     -0.995330281074     -0.096527879790
   742      5.517232180978    -17.141385391617     -0.001883831929     -0.999998225587
   743      6.129873314369    -16.351024181993      0.612641133391      0.790361209624
   744      6.783775272664    -15.594444887446      0.653901958295      0.756579294547
   745      7.502799641359    -14.899460026299      0.719024368694      0.694984861147
   746      6.633594391748    -14.405008578682     -0.869205249610      0.494451447616
   747      5.844942254746    -15.019848238107     -0.788652137003     -0.614839659425
   748      4.872279263451    -15.252069480385     -0.972662991295     -0.232221242278
   749      5.653015917113    -14.627209273916      0.780736653662      0.624860206469
   750      6.145177660006    -15.497713046930      0.492161742894     -0.870503773014
   751      6.408653354536    -16.462379081572      0.263475694529     -0.964666034642
   752      5.993703161870    -17.372223209765     -0.414950192665     -0.909844128193
   753      5.936498853908    -16.373860716905     -0.057204307962      0.998362492860
   754      6.422556901116    -15.499934189819      0.486058047208      0.873926527086
   755      5.891367443214    -16.347187256980     -0.531189457902     -0.847253067161
   756      5.098696044341    -15.737538133787     -0.792671398872      0.609649123193
   757      5.891191296145    -15.127660050997      0.792495251804      0.609878082790
   758      6.769841579948    -15.605125943783      0.878650283802     -0.477465892786
   759      6.114808299891    -14.849525915978     -0.655033280056      0.755600027805
   760      5.758452200841    -13.915175697554     -0.356356099050      0.934350218424
   761      6.672333748628    -14.321156628898      0.913881547787     -0.405980931344
   762      5.814933991135    -13.806505624963     -0.857399757493      0.514651003935
   763      6.722198503477    -13.385945160052      0.907264512342      0.420560464910
   764      7.523902123097    -12.788223396782      0.801703619621      0.597721763271
   765      7.133987996557    -11.867372174312     -0.389914126540      0.920851222470
   766      6.152444876916    -11.676131215612     -0.981543119642      0.191240958700
   767      5.216038528633    -11.325213631419     -0.936406348282      0.350917584194
   768      4.658519047432    -10.495049775255     -0.557519481201      0.830163856164
   769      4.056271151984     -9.696740641880     -0.602247895448      0.798309133374
   770      5.027065491297     -9.456827426824      0.970794339313      0.239913215056
   771      4.145794029377     -8.984217005436     -0.881271461920      0.472610421388
   772      4.932411160172     -9.601658087273      0.786617130795     -0.617441081837
   773      5.923859355681     -9.732158951721      0.991448195509     -0.130500864448
   774      5.595867430027     -8.787478425455     -0.327991925653      0.944680526266
   775      4.913146943280     -8.056798785000     -0.682720486747      0.730679640455
   776      4.456212319555     -7.167298504145     -0.456934623725      0.889500280855
   777      3.570143661780     -7.630852528732     -0.886068657774     -0.463554024587
   778      4.300783764455     -6.948089729245      0.730640102675      0.682762799487
   779      3.373984886687     -7.323647767592     -0.926798877768     -0.375558038347
   780      4.364647733042     -7.187313161381      0.990662846356      0.136334606211
   781      4.143778771975     -6.212009669109     -0.220868961068      0.975303492271
   782      3.196478203917     -6.532355784674     -0.947300568058     -0.320346115565
   783      2.453031357770     -7.201150810788     -0.743446846146     -0.668795026114
   784      3.451631232863     -7.148251950064      0.998599875092      0.052898860724
   785      2.859195822271     -6.342633998255     -0.592435410591      0.805617951809
   786      3.839542195060     -6.145349966058      0.980346372789      0.197284032197
   787      3.395132842933     -5.249526139772     -0.444409352127      0.895823826286
   788      2.395374027482     -5.227564561316     -0.999758815451      0.021961578456
   789      2.156424552221     -6.198596562988     -0.238949475261     -0.971032001673
   790      1.237041635970     -5.805232795840     -0.919382916251      0.393363767149
   791      0.258948952709     -5.597062906202     -0.978092683261      0.208169889638
   792     -0.615104549522     -6.082892583391     -0.874053502231     -0.485829677189
   793     -0.442278459520     -5.097940227887      0.172826090002      0.984952355505
   794     -1.377227812321     -4.743159016859     -0.934949352801      0.354781211027
   795     -1.790943397409     -5.653565197998     -0.413715585088     -0.910406181139
   796     -1.002503097566     -6.268676483526      0.788440299843     -0.615111285528
   797     -0.835078996147     -5.282791515457      0.167424101419      0.985884968069
   798      0.164007611062     -5.325522666788      0.999086607210     -0.042731151331
   799      0.178980378091     -6.325410568629      0.014972767029     -0.999887901841
   800     -0.771213484511     -6.637070035793     -0.950193862602     -0.311659467164
   801     -0.027168326359     -7.305199366560      0.744045158152     -0.668129330767
   802      0.843160655708     -7.797670140286      0.870328982067     -0.492470773725
   803      1.842187189839     -7.753556830477      0.999026534131      0.044113309809
   804      2.364694100529     -6.900921780599      0.522506910690      0.852635049878
   805      2.584854847414     -7.876385386035      0.220160746885     -0.975463605436
   806      2.640513040181     -6.877935504680      0.055658192767      0.998449881355
   807      1.678277856312     -6.605716014335     -0.962235183870      0.272219490345
   808      1.420664013284     -5.639468060712     -0.257613843028      0.966247953623
   809      2.149658814545     -4.954948828160      0.728994801261      0.684519232552
   810      3.050539356261     -5.389015930758      0.900880541716     -0.434067102598
   811      3.212365598060     -4.402196662875      0.161826241799      0.986819267883
   812      2.699087077059     -5.260418755273     -0.513278521001     -0.858222092397
   813      1.749629624491     -5.574314511475     -0.949457452569     -0.313895756203
   814      1.976843300819     -6.548159440244      0.227213676328     -0.973844928769
   815      1.230858269198     -5.882196729128     -0.745985031621      0.665962711116
   816      1.243639670832     -6.882115043678      0.012781401635     -0.999918314550
   817      1.589240660115     -5.943733481515      0.345600989283      0.938381562163
   818      2.071816389721     -6.819587730346      0.482575729606     -0.875854248831
   819      1.099207965505     -7.052037409080     -0.972608424216     -0.232449678734
   820      1.539413335490     -7.949934525813      0.440205369985     -0.897897116733
   821      1.958515778566     -8.857873478721      0.419102443076     -0.907938952908
   822      1.176797512128     -8.234241734887     -0.781718266438      0.623631743833
   823      0.249463753324     -8.608477088353     -0.927333758804     -0.374235353465
   824      0.883782868965     -7.835405772410      0.634319115641      0.773071315942
   825      1.642946392511     -7.184505822713      0.759163523546      0.650899949698
   826      1.919784873750     -6.223589356361      0.276838481239      0.960916466352
   827      2.194716176929     -5.262125483648      0.274931303179      0.961463872713
   828      2.700072156728     -6.125036448743      0.505355979800     -0.862910965095
   829      1.734546815337     -6.385345524904     -0.965525341391     -0.260309076161
   830      2.253888248775     -5.530778689885      0.519341433438      0.854566835019
   831      1.262679337734     -5.663084754267     -0.991208911041     -0.132306064383
   832      0.350878043137     -5.252453046807     -0.911801294597      0.410631707460
   833      0.532496430674     -6.235822133828      0.181618387537     -0.983369087021
   834     -0.388439738805     -5.846108685581     -0.920936169479      0.389713448247
   835      0.067644250498     -6.736045421929      0.456083989303     -0.889936736348
   836     -0.927481040863     -6.637426688957     -0.995125291361      0.098618732972
   837     -1.287249542629     -7.570468287781     -0.359768501765     -0.933041598825
   838     -2.253604788881     -7.313257210960     -0.966355246253      0.257211076821
   839     -2.980271796113     -6.626267356157     -0.726667007231      0.686989854803
   840     -2.414745550754     -7.450997654989      0.565526245359     -0.824730298831
   841     -1.763836272193     -8.210153179953      0.650909278561     -0.759155524964
   842     -1.302953498987     -9.097614204090      0.460882773206     -0.887461024137
   843     -1.434619264782     -8.106320036793     -0.131665765795      0.991294167297
   844     -0.612095400372     -8.675050634243      0.822523864410     -0.568730597450
   845      0.386539951668     -8.622825796712      0.998635352040      0.052224837531
   846     -0.459616397481     -8.089891060750     -0.846156349149      0.532934735962
   847      0.280771714044     -8.762070682810      0.740388111524     -0.672179622061
   848     -0.659079491906     -8.420486563338     -0.939851205950      0.341584119472
   849      0.010697533395     -9.163048841117      0.669777025300     -0.742562277779
   850     -0.338428597552     -8.225973099946     -0.349126130946      0.937075741171
   851     -0.491416369170     -9.214201181786     -0.152987771618     -0.988228081839
   852      0.054803893780     -8.376559597131      0.546220262950      0.837641584655
   853     -0.849040286543     -8.804421371185     -0.903844180323     -0.427861774054
   854     -1.848947580223     -8.818037686538     -0.999907293681     -0.013616315353
   855     -2.522418328314     -9.557251560506     -0.673470748090     -0.739213873968
   856     -2.195895257944     -8.612062328385      0.326523070370      0.945189232120
   857     -2.182346986897     -7.612154110421      0.013548271047      0.999908217964
   858     -2.761487258463     -8.427382020794     -0.579140271566     -0.815227910372
   859     -3.740412122340     -8.631602761375     -0.978924863877     -0.204220740581
   860     -4.624937357253     -8.165110415454     -0.884525234913      0.466492345920
   861     -4.139742251455     -7.290704497525      0.485195105798      0.874405917929
   862     -3.535715015713     -6.493740823019      0.604027235741      0.796963674506
   863     -2.577888372476     -6.206394130841      0.957826643237      0.287346692178
   864     -2.965557120903     -5.284595377591     -0.387668748426      0.921798753250
   865     -1.978910158967     -5.121721891405      0.986646961936      0.162873486186
   866     -1.976057971323     -6.121717823910      0.002852187644     -0.999995932505
   867     -2.622363858735     -5.358639387642     -0.646305887412      0.763078436267
   868     -2.046163712942     -4.541330760509      0.576200145794      0.817308627134
   869     -2.642738794563     -3.738773490285     -0.596575081621      0.802557270223
   870     -1.666659276047     -3.521359660149      0.976079518516      0.217413830136
   871     -0.685664459061     -3.715393598020      0.980994816987     -0.194033937870
   872      0.061918737696     -3.051225423589      0.747583196757      0.664168174431
   873      0.090350529149     -2.051629688687      0.028431791453      0.999595734902
   874     -0.867932385908     -2.337451057219     -0.958282915057     -0.285821368532
   875     -0.158863995911     -1.632311341767      0.709068389996      0.705139715452
   876     -0.722220879029     -2.458525007984     -0.563356883117     -0.826213666217
   877      0.275860584910     -2.520439395188      0.998081463938     -0.061914387203
   878     -0.372527967703     -3.281748980600     -0.648388552612     -0.761309585413
   879      0.620439106328     -3.400139815930      0.992967074031     -0.118390835330
   880      0.234006740106     -2.477822068982     -0.386432366222      0.922317746949
   881      0.887778024071     -3.234514283997      0.653771283964     -0.756692215015
   882      1.562219094180     -2.496185601803      0.674441070109      0.738328682194
   883      2.277604621299     -3.194915555067      0.715385527119     -0.698729953264
   884      2.811031155285     -2.349069154803      0.533426533986      0.845846400264
   885      2.576680365715     -1.376917053829     -0.234350789569      0.972152100974
   886      2.908575125520     -0.433600633738      0.331894759805      0.943316420091
   887      1.954986382617     -0.734712754729     -0.953588742904     -0.301112120991
   888      2.153527327068      0.245379839558      0.198540944451      0.980092594287
   889      1.633948198378     -0.609042496895     -0.519579128689     -0.854422336453
   890      1.926640579407     -1.565249153475      0.292692381029     -0.956206656580
   891      2.728705191969     -0.968011882973      0.802064612562      0.597237270501
   892      3.410191278508     -0.236180813768      0.681486086538      0.731831069205
   893      3.548072196271     -1.226629627446      0.137880917763     -0.990448813678
   894      3.325239736448     -0.251772871379     -0.222832459823      0.974856756067
   895      4.189225161156     -0.755289689264      0.863985424708     -0.503516817884
   896      3.193826828890     -0.851113277809     -0.995398332266     -0.095823588545
   897      3.445738958268      0.116636834086      0.251912129379      0.967750111894
   898      4.003457142681     -0.713393542934      0.557718184413     -0.830030377020
   899      3.700466637939      0.239600032090     -0.302990504742      0.952993575024
   900      3.053847674730     -0.523213127484     -0.646618963208     -0.762813159574
   901      2.406968215898     -1.285805394519     -0.646879458832     -0.762592267035
   902      1.431113947738     -1.504228029137     -0.975854268160     -0.218422634618
   903      1.866454903117     -0.603962372472      0.435340955379      0.900265656664
   904      2.743204754351     -1.084909041410      0.876749851233     -0.480946668938
   905      1.765087137612     -1.292961745853     -0.978117616738     -0.208052704443
   906      1.561483799795     -2.272015207535     -0.203603337817     -0.979053461681
   907      0.860809556075     -2.985496534681     -0.700674243720     -0.713481327147
   908      1.840772703917     -2.786317648068      0.979963147841      0.199178886613
   909      0.956950515305     -3.254140626253     -0.883822188611     -0.467822978185
   910      1.773903399574     -3.830845043511      0.816952884269     -0.576704417258
   911      0.836322780333     -4.178613044374     -0.937580619241     -0.347768000863
   912      0.864500099146     -5.178215984898      0.028177318812     -0.999602940524
   913      0.715312595487     -4.189407060610     -0.149187503659      0.988808924288
   914     -0.284661976034     -4.196538421791     -0.999974571521     -0.007131361181
   915      0.596123352331     -4.670054213858      0.880785328365     -0.473515792067
   916      1.277537155827     -3.938155840854      0.681413803496      0.731898373004
   917      1.922472919970     -4.702392623618      0.644935764143     -0.764236782764
   918      2.129489204838     -3.724055126739      0.207016284868      0.978337496879
   919      1.371050620140     -4.375799642052     -0.758438584698     -0.651744515313
   920      2.269882638526     -4.814092925967      0.898832018386     -0.438293283915
   921      2.900052244729     -5.590550437630      0.630169606203     -0.776457511663
   922      3.819998498123     -5.198505936499      0.919946253394      0.392044501130
   923      4.738871375719     -5.593059652511      0.918872877596     -0.394553716011
   924      3.998845152629     -6.265637669651     -0.740026223090     -0.672578017140
   925      4.677448957603     -7.000142180103      0.678603804974     -0.734504510453
   926      4.210308873857     -6.115958860787     -0.467140083746      0.884183319317
   927      3.618653189917     -5.309768094490     -0.591655683940      0.806190766296
   928      3.870802615682     -6.277456405408      0.252149425765     -0.967688310918
   929      3.312569314552     -5.447772380306     -0.558233301130      0.829684025102
   930      2.516253637851     -4.842891116717     -0.796315676701      0.604881263588
   931      1.771889986385     -5.510665595398     -0.744363651466     -0.667774478680
   932      1.143895044071     -6.288883015164     -0.627994942314     -0.778217419766
   933      2.068822572363     -6.669026497824      0.924927528291     -0.380143482660
   934      2.671745700205     -5.871227211090      0.602923127842      0.797799286734
   935      3.085582030742     -6.781578512253      0.413836330537     -0.910351301162
   936      2.311537837801     -7.414710084182     -0.774044192941     -0.633131571930
   937      2.830672301536     -6.560017502863      0.519134463735      0.854692581319
   938      1.830901068602     -6.581406326975     -0.999771232934     -0.021388824112
   939      0.845308598400     -6.412268860156     -0.985592470202      0.169137466819
   940      0.476589004398     -5.482728188104     -0.368719594002      0.929540672052
   941     -0.490443718801     -5.228076048387     -0.967032723199      0.254652139718
   942     -0.059497806820     -6.130453807946      0.430945911981     -0.902377759559
   943      0.702743200919     -6.777747131039      0.762241007739     -0.647293323094
   944      0.987259650345     -5.819075972609      0.284516449426      0.958671158430
   945      1.987258269782     -5.820737636025      0.999998619436     -0.001661663416
   946      2.788516337673     -6.419056538149      0.801258067891     -0.598318902124
   947      3.418552560084     -7.195622284529      0.630036222411     -0.776565746380
   948      4.366301277568     -6.876604466049      0.947748717484      0.319017818480
   949      3.840724667820     -6.025858189369     -0.525576609748      0.850746276680
   950      3.090231425828     -6.686736312569     -0.750493241991     -0.660878123201
   951      3.742301746979     -7.444894802777      0.652070321151     -0.758158490208
   952      3.341226728624     -8.360940014353     -0.401075018355     -0.916045211576
   953      3.530067286103     -7.378932252749      0.188840557479      0.982007761604
   954      4.530007128158     -7.389900947777      0.999939842055     -0.010968695029
   955      5.528788531956     -7.340548061047      0.998781403797      0.049352886730
   956      6.527667940875     -7.387875922156      0.998879408919     -0.047327861110
   957      5.975984459739     -6.553822364738     -0.551683481136      0.834053557418
   958      4.989357788313     -6.716818718167     -0.986626671426     -0.162996353429
   959      5.623848288375     -7.489749378272      0.634490500062     -0.772930660105
   960      6.538316861001     -7.085092449899      0.914468572625      0.404656928373
   961      5.827879218537     -7.788852605186     -0.710437642464     -0.703760155287
   962      5.225820639655     -6.990400685785     -0.602058578881      0.798451919401
   963      4.638704954911     -6.180897645193     -0.587115684744      0.809503040592
   964      4.698942264962     -5.182713560729      0.060237310051      0.998184084464
   965      3.757658977071     -5.520331350451     -0.941283287891     -0.337617789722
   966      2.776416831008     -5.327552070473     -0.981242146063      0.192779279978
   967      2.120934391660     -6.082762485991     -0.655482439347     -0.755210415518
   968      3.118866251925     -6.018481833617      0.997931860264      0.064280652374
   969      2.260161439198     -6.530952364086     -0.858704812727     -0.512470530469
   970      3.009781340714     -5.869083794618      0.749619901517      0.661868569468
   971      2.082056936400     -6.242349691319     -0.927724404314     -0.373265896702
   972      1.333748784954     -6.905700963632     -0.748308151447     -0.663351272312
   973      2.177889783483     -7.441822194886      0.844140998530     -0.536121231254
   974      3.126924785465     -7.126651503016      0.949035001982      0.315170691870
   975      2.896911327389     -6.153464054934     -0.230013458076      0.973187448082
   976      3.295721037420     -7.070497759432      0.398809710031     -0.917033704498
   977      2.375286833678     -7.461395286390     -0.920434203742     -0.390897526957
   978      1.389301121137     -7.628225063905     -0.985985712541     -0.166829777515
   979      0.395667586217     -7.515564519422     -0.993633534920      0.112660544483
   980      1.386565086375     -7.380946005908      0.990897500158      0.134618513514
   981      1.576284377852     -6.399107633038      0.189719291477      0.981838372871
   982      0.614860759439     -6.674179670797     -0.961423618413     -0.275072037759
   983     -0.384704429085     -6.644693506386     -0.999565188524      0.029486164411
   984     -1.000109092657     -5.856482176821     -0.615404663572      0.788211329565
   985     -1.154028957078     -6.844565511028     -0.153919864421     -0.988083334206
   986     -1.804733761006     -7.603896307285     -0.650704803929     -0.759330796257
   987     -2.770273761777     -7.343641611049     -0.965540000770      0.260254696235
   988     -3.326958655980     -6.512917873236     -0.556684894203      0.830723737813
   989     -4.013708600536     -5.786024130209     -0.686749944556      0.726893743027
   990     -3.182513736211     -5.230042927722      0.831194864325      0.555981202488
   991     -4.171582958478     -5.377494864176     -0.989069222267     -0.147451936454
   992     -3.195476660206     -5.160201296682      0.976106298272      0.217293567494
   993     -2.368801225710     -4.597522235405      0.826675434497      0.562679061277
   994     -2.167977122344     -3.617894918765      0.200824103366      0.979627316640
   995     -1.182299894990     -3.786537746886      0.985677227353     -0.168642828122
   996     -1.019051715963     -4.773122782271      0.163248179027     -0.986585035384
   997     -0.890662293855     -5.764846612927      0.128389422108     -0.991723830656
   998     -1.870318742520     -5.965528556781     -0.979656448665     -0.200681943855
   999     -1.031223517297     -5.421543995412      0.839095225223      0.543984561369
  1000     -0.314572011755     -6.118975439788      0.716651505542     -0.697431444376
