# File chua thong tin toa do tai lan chay thu 19
##########################################################################################
#  Step                   x                   y            delta_x            delta_y
     1      0.000000000000      0.000000000000      0.000000000000      0.000000000000
     2      0.334268559293      0.942477867256      0.334268559293      0.942477867256
     3     -0.589656480134      1.325051417725     -0.923925039428      0.382573550469
     4     -1.304105090454      0.625363499284     -0.714448610320     -0.699687918441
     5     -1.972619778329      1.369062438436     -0.668514687875      0.743698939152
     6     -1.145561318749      0.806946521176      0.827058459580     -0.562115917260
     7     -0.203740646540      1.143062306880      0.941820672209      0.336115785705
     8     -1.203737424848      1.145600686958     -0.999996778308      0.002538380078
     9     -0.305100429443      1.584293689510      0.898636995406      0.438693002552
    10     -1.036122537655      0.901939912277     -0.731022108213     -0.682353777233
    11     -2.028433183856      1.025712209004     -0.992310646200      0.123772296727
    12     -1.972676566179      0.027267819173      0.055756617677     -0.998444389831
    13     -1.366097360817     -0.767755241890      0.606579205362     -0.795023061063
    14     -0.695694236346     -0.025758172691      0.670403124471      0.741997069199
    15     -0.386795073593      0.925336621349      0.308899162753      0.951094794040
    16      0.155080054721      1.765795630055      0.541875128314      0.840459008706
    17     -0.587494607589      2.435558924730     -0.742574662310      0.669763294676
    18     -0.044473341077      3.275277868256      0.543021266513      0.839718943525
    19     -0.127827095710      4.271797888922     -0.083353754633      0.996520020666
    20     -0.794737556048      5.016935753945     -0.666910460338      0.745137865023
    21     -0.239206872340      5.848431790893      0.555530683708      0.831496036947
    22      0.241818044233      6.725138714349      0.481024916573      0.876706923456
    23     -0.690374301663      7.087102013942     -0.932192345896      0.361963299594
    24     -1.515192133497      7.652500585119     -0.824817831834      0.565398571177
    25     -2.390974329517      8.135207064393     -0.875782196021      0.482706479274
    26     -1.542617837309      8.664632471914      0.848356492208      0.529425407521
    27     -1.711128391742      9.650332321283     -0.168510554433      0.985699849368
    28     -2.692662789928      9.459046605197     -0.981534398186     -0.191285716085
    29     -2.046827534188     10.222523404088      0.645835255739      0.763476798890
    30     -1.815796897743     11.195469880017      0.231030636445      0.972946475929
    31     -2.791875629860     11.412887240661     -0.976078732117      0.217417360643
    32     -2.817480443929     12.412559383664     -0.025604814070      0.999672143003
    33     -1.970554184551     11.880849019673      0.846926259378     -0.531710363991
    34     -2.962768680483     11.756308287128     -0.992214495932     -0.124540732544
    35     -3.903276455820     12.096080452748     -0.940507775337      0.339772165620
    36     -2.939059853048     12.361196168877      0.964216602772      0.265115716128
    37     -3.328491831768     11.440140940375     -0.389431978720     -0.921055228502
    38     -3.625102191609     12.395139523848     -0.296610359841      0.954998583473
    39     -4.615496079760     12.533414417860     -0.990393888151      0.138274894012
    40     -5.491030761404     12.050259141331     -0.875534681644     -0.483155276529
    41     -5.064314377002     11.145873644276      0.426716384402     -0.904385497055
    42     -4.083090249690     10.953002671911      0.981224127312     -0.192870972365
    43     -4.850346210219     10.311661661970     -0.767255960529     -0.641341009941
    44     -5.118998506927      9.348424441202     -0.268652296708     -0.963237220768
    45     -5.984973005066      8.848336280401     -0.865974498139     -0.500088160800
    46     -6.332754009032      9.785912076420     -0.347781003966      0.937575796019
    47     -6.218510591989      8.792459288582      0.114243417043     -0.993452787838
    48     -7.069962349117      8.268026351703     -0.851451757127     -0.524432936880
    49     -7.914984868175      7.733295632290     -0.845022519059     -0.534730719413
    50     -8.447795248305      8.579530291723     -0.532810380130      0.846234659433
    51     -7.687843684319      9.229509999402      0.759951563986      0.649979707679
    52     -7.680813759367      8.229534709630      0.007029924952     -0.999975289772
    53     -6.975088907161      8.938020724297      0.705724852206      0.708486014667
    54     -6.054593491151      8.547267363332      0.920495416010     -0.390753360965
    55     -5.422668942123      9.322297275230      0.631924549028      0.775029911898
    56     -4.934997694357     10.195324625375      0.487671247767      0.873027350145
    57     -5.419851153195      9.320729219800     -0.484853458838     -0.874595405575
    58     -6.091622659276      8.579970795199     -0.671771506081     -0.740758424601
    59     -6.842955464997      7.920047303385     -0.751332805721     -0.659923491814
    60     -7.842700044447      7.897446952531     -0.999744579451     -0.022600350854
    61     -6.886810805968      7.603719589557      0.955889238479     -0.293727362974
    62     -6.967729009229      8.600440334992     -0.080918203261      0.996720745435
    63     -7.964127828558      8.685230622415     -0.996398819328      0.084790287423
    64     -7.181037987929      8.063322026636      0.783089840629     -0.621908595779
    65     -7.294169281981      9.056902073892     -0.113131294052      0.993580047256
    66     -8.186080940066      8.604692394461     -0.891911658085     -0.452209679431
    67     -8.418694694666      7.632123198377     -0.232613754599     -0.972569196084
    68     -7.568964696447      8.159341303271      0.849729998218      0.527218104894
    69     -7.215590557867      7.223859225312      0.353374138580     -0.935482077959
    70     -8.214473574142      7.176607560803     -0.998883016274     -0.047251664509
    71     -9.188473446544      6.950059004067     -0.973999872403     -0.226548556736
    72    -10.162279008647      6.722676666984     -0.973805562103     -0.227382337084
    73    -10.388879502715      5.748688876460     -0.226600494068     -0.973987790523
    74     -9.908419399357      6.625705460728      0.480460103359      0.877016584268
    75    -10.778716792368      6.133178864779     -0.870297393012     -0.492526595949
    76     -9.865529030022      5.725639773769      0.913187762346     -0.407539091010
    77     -9.735613242137      6.717164805252      0.129915787885      0.991525031483
    78    -10.616823875007      6.244440974123     -0.881210632870     -0.472723831129
    79    -11.431234331010      5.664151728012     -0.814410456003     -0.580289246111
    80    -12.391039944749      5.383486119440     -0.959805613739     -0.280665608572
    81    -12.577562660000      6.365936767918     -0.186522715251      0.982450648478
    82    -11.588642012935      6.217491647389      0.988920647065     -0.148445120529
    83    -11.456355471847      7.208703164194      0.132286541089      0.991211516805
    84    -12.289394656897      7.761917151879     -0.833039185051      0.553213987685
    85    -11.325490196954      8.028165517322      0.963904459943      0.266248365443
    86    -10.534593512887      8.640115217161      0.790896684067      0.611949699838
    87    -10.494893163106      9.639326847511      0.039700349781      0.999211630350
    88     -9.582591845106      9.229807244593      0.912301318001     -0.409519602918
    89     -9.705074649722      8.237336608970     -0.122482804617     -0.992470635623
    90     -9.591476699976      9.230863410729      0.113597949746      0.993526801759
    91    -10.166303170295     10.049138748876     -0.574826470319      0.818275338147
    92    -11.068769840904     10.479898436452     -0.902466670609      0.430759687576
    93    -10.967628139226      9.485026406399      0.101141701678     -0.994872030053
    94    -10.332712386307     10.257607785088      0.634915752918      0.772581378689
    95    -10.327863792561      9.257619539588      0.004848593746     -0.999988245500
    96     -9.625134808250      9.969077180357      0.702728984311      0.711457640769
    97     -9.215961001600     10.881533642853      0.409173806650      0.912456462497
    98     -8.616040572229     10.081473971065      0.599920429372     -0.800059671789
    99     -9.273639525664      9.328105789867     -0.657598953435     -0.753368181198
   100     -8.919786746029      8.392804656357      0.353852779634     -0.935301133510
   101     -8.854504466610      7.394937819553      0.065282279419     -0.997866836804
   102     -9.470323606078      8.182825367027     -0.615819139468      0.787887547474
   103    -10.023209342704      7.349568286507     -0.552885736626     -0.833257080519
   104     -9.186687816044      7.897502347718      0.836521526660      0.547934061210
   105    -10.026583923462      7.354755142525     -0.839896107418     -0.542747205192
   106     -9.284081342749      8.024598346294      0.742502580713      0.669843203768
   107     -8.799998254144      8.899620382203      0.484083088605      0.875022035909
   108     -7.918866620947      9.372491448118      0.881131633197      0.472871065915
   109     -8.870360665184      9.680158612084     -0.951494044236      0.307667163966
   110     -8.275470670168      8.876351487315      0.594889995016     -0.803807124770
   111     -7.649830740450      8.096239522055      0.625639929718     -0.780111965260
   112     -6.851609621942      8.698604067798      0.798221118507      0.602364545743
   113     -5.852772308099      8.746812163320      0.998837313843      0.048208095523
   114     -5.238104590961      7.958026008835      0.614667717138     -0.788786154486
   115     -4.240788934969      8.031248152444      0.997315655991      0.073222143609
   116     -3.504690105281      7.354374077795      0.736098829688     -0.676874074649
   117     -2.542108912900      7.625367524347      0.962581192381      0.270993446552
   118     -3.354589860429      8.208355268560     -0.812480947529      0.582987744212
   119     -2.359577885173      8.308110815253      0.995011975257      0.099755546693
   120     -1.873966995314      9.182285891339      0.485610889859      0.874175076086
   121     -1.108047769795      9.825222700039      0.765919225519      0.642936808700
   122     -1.791959610683      9.095658039509     -0.683911840887     -0.729564660530
   123     -2.750472480466      9.380707295707     -0.958512869784      0.285049256199
   124     -2.968115525574     10.356735730189     -0.217643045108      0.976028434481
   125     -3.782923738989      9.777005124345     -0.814808213415     -0.579730605844
   126     -2.783142640629      9.797927728423      0.999781098360      0.020922604078
   127     -2.030989799117     10.456916425599      0.752152841511      0.658988697177
   128     -1.985269099232     11.455870687616      0.045720699885      0.998954262017
   129     -2.024777997348     12.455089906291     -0.039508898116      0.999219218675
   130     -2.976298058122     12.147503212909     -0.951520060773     -0.307586693382
   131     -3.540076892319     11.321577413511     -0.563778834197     -0.825925799398
   132     -4.239571691078     12.036215102491     -0.699494798758      0.714637688979
   133     -3.280767243802     12.320282052142      0.958804447276      0.284066949651
   134     -2.311482745949     12.074339859297      0.969284497853     -0.245942192845
   135     -1.367696590551     12.404896500252      0.943786155398      0.330556640955
   136     -0.915538837369     13.296834483655      0.452157753182      0.891937983403
   137     -1.759765592308     13.832820664677     -0.844226754939      0.535986181021
   138     -1.369132045200     12.912274396489      0.390633547108     -0.920546268187
   139     -2.139732775476     12.274956175741     -0.770600730277     -0.637318220748
   140     -1.234572513278     12.700026640178      0.905160262199      0.425070464436
   141     -1.929178730883     11.980636480068     -0.694606217606     -0.719390160110
   142     -1.424128865057     12.843726645130      0.505049865827      0.863090165063
   143     -2.076060826499     12.085449177676     -0.651931961443     -0.758277467454
   144     -1.584342154226     12.956203303327      0.491718672273      0.870754125651
   145     -1.491400121801     11.960531781886      0.092942032425     -0.995671521441
   146     -1.693650244289     12.939865682021     -0.202250122487      0.979333900135
   147     -1.019749481994     12.201043807291      0.673900762295     -0.738821874729
   148     -0.918072815363     11.206226308721      0.101676666631     -0.994817498571
   149     -0.721927545225     12.186801156962      0.196145270138      0.980574848241
   150     -1.256323272643     13.032035566175     -0.534395727418      0.845234409213
   151     -1.247591559532     14.031997444041      0.008731713110      0.999961877866
   152     -0.552849767176     14.751256675440      0.694741792357      0.719259231399
   153     -0.711430887658     13.763910723797     -0.158581120483     -0.987345951643
   154      0.164503867021     13.281481137697      0.875934754679     -0.482429586101
   155      1.154604931274     13.421837407825      0.990101064253      0.140356270128
   156      0.160914141634     13.533991830764     -0.993690789640      0.112154422939
   157     -0.399550410720     12.705813416680     -0.560464552355     -0.828178414083
   158     -0.152072748170     13.674707015864      0.247477662550      0.968893599183
   159     -1.035906828110     13.206906503747     -0.883834079940     -0.467800512117
   160     -0.866836181086     12.221302568936      0.169070647024     -0.985603934811
   161      0.125743269423     12.099704730031      0.992579450509     -0.121597838905
   162     -0.745068189173     12.591321861118     -0.870811458596      0.491617131087
   163     -1.743128032208     12.653583805520     -0.998059843035      0.062261944402
   164     -0.966977739477     13.284131760155      0.776150292731      0.630547954635
   165     -1.958953009569     13.410563811182     -0.991975270091      0.126432051027
   166     -1.387329034814     14.231079521870      0.571623974755      0.820515710688
   167     -1.128257232673     15.196937586668      0.259071802141      0.965858064798
   168     -1.961301076897     15.750144558425     -0.833043844224      0.553206971757
   169     -1.935872333564     16.749821195649      0.025428743333      0.999676637225
   170     -1.949989282820     15.749920844742     -0.014116949256     -0.999900350907
   171     -1.198608567007     15.090051903282      0.751380715813     -0.659868941461
   172     -2.126719753555     15.462355039723     -0.928111186548      0.372303136442
   173     -2.905891255416     16.089165833095     -0.779171501861      0.626810793372
   174     -3.722156457192     16.666843182807     -0.816265201776      0.577677349712
   175     -4.657479707331     16.313048867208     -0.935323250139     -0.353794315599
   176     -4.043385052460     15.523816483902      0.614094654871     -0.789232383306
   177     -4.944242983106     15.957930511310     -0.900857930646      0.434114027407
   178     -5.825647706724     15.485568665704     -0.881404723618     -0.472361845606
   179     -6.058494448837     16.458082107610     -0.232846742113      0.972513441906
   180     -5.114547986353     16.127983522390      0.943946462484     -0.330098585220
   181     -5.695571869331     15.314097014694     -0.581023882978     -0.813886507696
   182     -4.920972818808     15.946549630255      0.774599050522      0.632452615561
   183     -4.076272685384     16.481789468639      0.844700133424      0.535239838384
   184     -3.794240389897     15.522384557091      0.282032295488     -0.959404911548
   185     -3.267419138209     14.672408458150      0.526821251687     -0.849976098941
   186     -2.340213652382     15.046961507868      0.927205485827      0.374553049717
   187     -2.103876951859     14.075290285701      0.236336700523     -0.971671222166
   188     -2.770049768825     13.329492874915     -0.666172816966     -0.745797410786
   189     -3.357689914300     12.520370474146     -0.587640145474     -0.809122400769
   190     -2.976774664705     11.595760517123      0.380915249595     -0.924609957023
   191     -3.974702674793     11.531420120157     -0.997928010088     -0.064340396966
   192     -3.108077913211     12.030380562089      0.866624761582      0.498960441932
   193     -3.950789059203     12.568746538374     -0.842711145992      0.538365976285
   194     -2.965846115059     12.741626256043      0.984942944144      0.172879717669
   195     -2.242021083952     12.051642687873      0.723825031107     -0.689983568169
   196     -2.418968741155     13.035862951133     -0.176947657203      0.984220263259
   197     -1.648647789947     12.398206592166      0.770320951208     -0.637656358967
   198     -0.678233636266     12.156760179198      0.970414153681     -0.241446412968
   199      0.087797624133     12.799563499112      0.766031260399      0.642803319914
   200     -0.635383240726     13.490222196807     -0.723180864859      0.690658697695
   201      0.364326313977     13.514322118709      0.999709554703      0.024099921902
   202      0.746267139816     12.590135338043      0.381940825839     -0.924186780666
   203      1.113584355743     13.520231065849      0.367317215928      0.930095727806
   204      2.040853078482     13.894627534625      0.927268722738      0.374396468776
   205      1.076527087229     13.629909982136     -0.964325991252     -0.264717552489
   206      0.402493191453     14.368610399994     -0.674033895777      0.738700417858
   207      1.395084245693     14.490113482436      0.992591054240      0.121503082442
   208      2.051109383980     13.735374442810      0.656025138287     -0.754739039626
   209      2.155277300691     12.740814718546      0.104167916711     -0.994559724264
   210      2.212573576376     13.739171937578      0.057296275685      0.998357219032
   211      1.623651495700     12.930982118976     -0.588922080676     -0.808189818602
   212      2.141340739419     13.786550846161      0.517689243719      0.855568727185
   213      2.145409449864     14.786542568925      0.004068710445      0.999991722763
   214      3.096305255921     15.096053741621      0.950895806057      0.309511172696
   215      3.139448445051     14.096984842479      0.043143189130     -0.999068899141
   216      2.257652722945     14.568616377128     -0.881795722106      0.471631534649
   217      1.276509773440     14.375332873857     -0.981142949505     -0.193283503272
   218      0.750332267989     15.225707634040     -0.526177505451      0.850374760183
   219      0.349997896535     16.142076768741     -0.400334371454      0.916369134701
   220      0.413532457615     17.140056407586      0.063534561080      0.997979638845
   221     -0.151660365593     17.965015238434     -0.565192823207      0.824958830848
   222      0.461273320084     17.174880884693      0.612933685677     -0.790134353741
   223     -0.133958312382     16.371326714949     -0.595231632466     -0.803554169743
   224     -0.302273564660     15.385593497567     -0.168315252279     -0.985733217382
   225      0.250149472250     14.552029589825      0.552423036910     -0.833563907742
   226      0.414441002251     13.565617762458      0.164291530001     -0.986411827367
   227     -0.075017915817     12.693591405331     -0.489458918068     -0.872026357127
   228      0.801127342932     13.175638587224      0.876145258749      0.482047181893
   229     -0.151835047859     12.872550016442     -0.952962390790     -0.303088570782
   230     -0.336660798053     11.889778709339     -0.184825750194     -0.982771307103
   231      0.661966688770     11.837403690852      0.998627486823     -0.052375018487
   232      1.503099036219     11.296574351712      0.841132347449     -0.540829339140
   233      2.004343945631     10.431268890739      0.501244909412     -0.865305460973
   234      1.997936144750     11.431248360572     -0.006407800881      0.999979469833
   235      1.566537984733     10.529086718994     -0.431398160016     -0.902161641578
   236      2.309558519971      9.859818100116      0.743020535237     -0.669268618879
   237      3.307098129976      9.929923210282      0.997539610005      0.070105110166
   238      2.313442657591      9.817456316484     -0.993655472384     -0.112466893798
   239      1.361367425528      9.511592372072     -0.952075232063     -0.305863944412
   240      2.094484984072      8.831490434599      0.733117558544     -0.680101937473
   241      1.271402233764      9.399411895846     -0.823082750308      0.567921461247
   242      0.322327959932      9.084359483142     -0.949074273832     -0.315052412704
   243      0.336003648033     10.084265966547      0.013675688101      0.999906483405
   244      0.830689654542      9.215194188749      0.494686006509     -0.869071777798
   245      1.347963859661      8.359374466659      0.517274205119     -0.855819722090
   246      2.113962046106      9.002217198875      0.765998186445      0.642842732216
   247      2.500252731280      9.924594294508      0.386290685174      0.922377095633
   248      1.587748867618      9.515526208728     -0.912503863661     -0.409068085780
   249      0.611182622401      9.730743235707     -0.976566245218      0.215217026978
   250      1.397683808946      9.113154469971      0.786501186545     -0.617588765736
   251      1.716807656728     10.060867490762      0.319123847782      0.947713020791
   252      2.484331730974      9.419847369820      0.767524074246     -0.641020120942
   253      2.550629822937     10.417647231015      0.066298091963      0.997799861196
   254      3.415691102827     10.919313436809      0.865061279890      0.501666205794
   255      4.302935825385     11.380612474627      0.887244722559      0.461299037818
   256      3.591890363900     12.083758513300     -0.711045461485      0.703146038673
   257      3.920026617492     11.139128109873      0.328136253591     -0.944630403427
   258      3.303003690997     10.352182935048     -0.617022926495     -0.786945174825
   259      4.106431684503     10.947584865891      0.803427993506      0.595401930843
   260      3.369050973950     10.272107488250     -0.737380710553     -0.675477377640
   261      2.372235096980     10.192369746743     -0.996815876970     -0.079737741508
   262      3.316610515125      9.863500365981      0.944375418145     -0.328869380762
   263      3.130306526269      8.881008216528     -0.186303988857     -0.982492149453
   264      3.781920829154      8.122457756588      0.651614302885     -0.758550459940
   265      3.127371947200      8.878477439621     -0.654548881953      0.756019683033
   266      2.162793079444      9.142272071632     -0.964578867756      0.263794632011
   267      2.061989882204     10.137178456890     -0.100803197240      0.994906385258
   268      2.847534323481      9.518373212262      0.785544441277     -0.618805244628
   269      1.860273698614      9.677484678183     -0.987260624867      0.159111465921
   270      2.827890419546      9.425060667097      0.967616720932     -0.252424011086
   271      2.022598422145      8.832182265633     -0.805291997401     -0.592878401464
   272      1.993603920660      9.831761836694     -0.028994501485      0.999579571062
   273      1.330216538160      9.083485697332     -0.663387382501     -0.748276139362
   274      1.094579907304     10.055326928295     -0.235636630855      0.971841230963
   275      0.218658356395     10.537780487358     -0.875921550909      0.482453559063
   276      0.972059543874      9.880219348979      0.753401187479     -0.657561138379
   277      1.804316771977      9.325829678919      0.832257228103     -0.554389670060
   278      1.048347140009      8.671222991249     -0.755969631968     -0.654606687670
   279      0.073550586250      8.894318663057     -0.974796553759      0.223095671807
   280     -0.514749107902      8.085675682589     -0.588299694152     -0.808642980468
   281      0.428839084301      7.754554370175      0.943588192204     -0.331121312413
   282      1.428126187824      7.792307313542      0.999287103523      0.037752943367
   283      2.101778362546      8.531355855583      0.673652174722      0.739048542041
   284      1.108650042211      8.648386361647     -0.993128320335      0.117030506064
   285      1.810503243309      9.360707977287      0.701853201098      0.712321615640
   286      2.309523027303     10.227298569887      0.499019783994      0.866590592600
   287      1.480243420387     10.786132475043     -0.829279606917      0.558833905156
   288      2.095927875245     11.574125274532      0.615684454858      0.787992799489
   289      2.978979701635     11.104849799027      0.883051826390     -0.469275475505
   290      2.004241368491     11.328199708139     -0.974738333144      0.223349909112
   291      1.019675674036     11.153184299379     -0.984565694454     -0.175015408760
   292      0.442066831355     10.336870618949     -0.577608842681     -0.816313680430
   293     -0.479699674291     10.724616036805     -0.921766505646      0.387745417856
   294     -1.460911988552     10.917547097922     -0.981212314261      0.192931061116
   295     -1.027036912590     10.016574058114      0.433875075961     -0.900973039807
   296     -1.774278967740      9.352022095499     -0.747242055149     -0.664551962616
   297     -2.755265624174      9.546097286849     -0.980986656434      0.194075191350
   298     -2.410305609147      8.607479905787      0.344960015027     -0.938617381063
   299     -2.875206521763      7.722117188338     -0.464900912616     -0.885362717449
   300     -3.226928149635      6.786012548627     -0.351721627871     -0.936104639711
   301     -3.369047883520      5.796163074596     -0.142119733886     -0.989849474031
   302     -4.353174582473      5.618695780683     -0.984126698953     -0.177467293913
   303     -3.861588026224      4.747867061751      0.491586556249     -0.870828718931
   304     -3.026614772210      4.197576533865      0.834973254014     -0.550290527886
   305     -3.537322460591      5.057330950561     -0.510707688381      0.859754416696
   306     -2.539980256231      5.130190592346      0.997342204361      0.072859641785
   307     -1.563182013104      5.344352195402      0.976798243127      0.214161603057
   308     -2.540030719778      5.558283502763     -0.976848706674      0.213931307361
   309     -1.582432553058      5.270176315948      0.957598166720     -0.288107186815
   310     -0.712044830385      5.762543264698      0.870387722673      0.492366948749
   311     -1.390769345156      6.496936233788     -0.678724514771      0.734392969090
   312     -1.958444986243      7.320188544150     -0.567675641087      0.823252310362
   313     -1.995553596633      8.319499782471     -0.037108610390      0.999311238321
   314     -1.479591367034      9.176111116523      0.515962229599      0.856611334052
   315     -0.791424073109      8.450559067686      0.688167293925     -0.725552048837
   316      0.121885279961      8.857825596628      0.913309353069      0.407266528941
   317      1.087417867802      8.597543400125      0.965532587842     -0.260282196502
   318      1.551702068201      9.483229677122      0.464284200398      0.885686276997
   319      2.550974458409      9.445089276414      0.999272390209     -0.038140400708
   320      3.446841719995      9.000767490297      0.895867261586     -0.444321786118
   321      4.238282604404      8.389521773349      0.791440884409     -0.611245716947
   322      4.594826356013      7.455243146178      0.356543751609     -0.934278627171
   323      4.832851107599      8.426502235007      0.238024751587      0.971259088829
   324      5.679104210637      8.959283321006      0.846253103038      0.532781085999
   325      5.993664440766      8.010045805091      0.314560230129     -0.949237515915
   326      6.767292403981      8.643685903673      0.773627963215      0.633640098583
   327      6.610397162651      9.631301154288     -0.156895241331      0.987615250615
   328      6.977218378945      8.701009697122      0.366821216294     -0.930291457166
   329      6.544795662484      9.602680698258     -0.432422716461      0.901671001136
   330      7.253990316326      8.897667972868      0.709194653843     -0.705012725390
   331      7.945883298238      8.175667902520      0.691892981911     -0.722000070348
   332      7.519873815964      7.270949205348     -0.426009482273     -0.904718697172
   333      8.270052246500      6.609713753819      0.750178430535     -0.661235451529
   334      7.433782529261      6.061395452074     -0.836269717239     -0.548318301745
   335      7.153222537325      5.101558960308     -0.280559991935     -0.959836491766
   336      8.072121299298      5.496052388954      0.918898761973      0.394493428646
   337      7.101688926484      5.737425564335     -0.970432372814      0.241373175382
   338      6.102513569787      5.778028600802     -0.999175356697      0.040603036467
   339      5.774283326043      6.722626349630     -0.328230243745      0.944597748828
   340      6.319301580978      7.561050527351      0.545018254935      0.838424177721
   341      7.255166851845      7.208692478224      0.935865270867     -0.352358049127
   342      6.620612940422      7.981571080268     -0.634553911424      0.772878602044
   343      6.198829220538      8.888267552987     -0.421783719883      0.906696472719
   344      5.482848409750      8.190147592964     -0.715980810789     -0.698119960023
   345      5.333067936371      7.201428315416     -0.149780473379     -0.988719277548
   346      5.226156044752      6.207159816755     -0.106911891619     -0.994268498661
   347      4.286556679300      5.864883565109     -0.939599365453     -0.342276251646
   348      3.491345851349      6.471216591680     -0.795210827950      0.606333026571
   349      2.804756153621      5.744171485120     -0.686589697729     -0.727045106560
   350      1.999300871540      6.336828037069     -0.805455282081      0.592656551949
   351      1.208578497666      6.949002952805     -0.790722373873      0.612174915736
   352      0.213604273520      6.848871572684     -0.994974224146     -0.100131380121
   353     -0.743730106401      7.137854072190     -0.957334379921      0.288982499506
   354     -1.203151833707      8.026072331673     -0.459421727306      0.888218259483
   355     -0.869265251787      7.083459075659      0.333886581920     -0.942613256014
   356     -1.550894816144      7.815156511076     -0.681629564356      0.731697435417
   357     -2.218552163110      7.070687796460     -0.667657346966     -0.744468714616
   358     -1.228496077683      7.211360991169      0.990056085427      0.140673194709
   359     -2.099753208713      7.702187856398     -0.871257131029      0.490826865229
   360     -2.318363850518      8.678000024436     -0.218610641806      0.975812168037
   361     -3.051718773405      7.998154044026     -0.733354922886     -0.679845980409
   362     -2.438187275191      7.208483795948      0.613531498214     -0.789670248078
   363     -1.960827328559      8.087191643502      0.477359946632      0.878707847553
   364     -1.253471961101      8.794049750995      0.707355367458      0.706858107493
   365     -2.248044680182      8.690005979148     -0.994572719081     -0.104043771847
   366     -1.255385648544      8.810952442127      0.992659031638      0.120946462979
   367     -0.410319244770      8.276291079008      0.845066403774     -0.534661363119
   368     -1.105761045261      7.557708653583     -0.695441800491     -0.718582425425
   369     -0.658982110360      6.663064264270      0.446778934901     -0.894644389313
   370     -1.624226470936      6.401715217254     -0.965244360576     -0.261349047016
   371     -2.457224954765      6.954990488651     -0.832998483828      0.553275271397
   372     -2.978461509626      6.101578247189     -0.521236554861     -0.853412241462
   373     -2.644208242476      7.044061537969      0.334253267150      0.942483290780
   374     -3.596626165855      6.739266362114     -0.952417923380     -0.304795175855
   375     -3.949355778743      7.674991653101     -0.352729612888      0.935725290987
   376     -3.020988189320      8.046654967012      0.928367589424      0.371663313911
   377     -2.462256895557      8.876003712336      0.558731293762      0.829348745324
   378     -2.897893133567      7.975880905085     -0.435636238010     -0.900122807250
   379     -1.907818369139      7.835339235671      0.990074764429     -0.140541669414
   380     -2.046196418667      6.844959755164     -0.138378049528     -0.990379480507
   381     -2.784335038451      7.519608832821     -0.738138619784      0.674649077657
   382     -2.953132106402      6.533958007300     -0.168797067951     -0.985650825521
   383     -2.157471713842      7.139700972353      0.795660392560      0.605742965053
   384     -3.143845427067      6.975180767335     -0.986373713225     -0.164520205018
   385     -2.541411316742      6.177012149362      0.602434110325     -0.798168617973
   386     -2.158234424993      7.100687129877      0.383176891749      0.923674980515
   387     -2.200747132129      6.101591203686     -0.042512707136     -0.999095926191
   388     -2.712793557818      6.960548977933     -0.512046425689      0.858957774247
   389     -1.877411474716      7.510218674417      0.835382083101      0.549669696484
   390     -1.155117164789      6.818632866403      0.722294309928     -0.691585808014
   391     -1.895483667935      6.146429444053     -0.740366503146     -0.672203422350
   392     -0.971176366931      6.528078514942      0.924307301004      0.381649070889
   393     -1.738236847958      5.886503719267     -0.767060481028     -0.641574795675
   394     -2.168380147235      6.789264342072     -0.430143299276      0.902760622805
   395     -2.070814723817      7.784493455469      0.097565423418      0.995229113397
   396     -2.755135546024      7.055312399562     -0.684320822207     -0.729181055907
   397     -2.322424951101      7.956845283622      0.432710594923      0.901532884060
   398     -1.332895086078      7.812517025031      0.989529865023     -0.144328258591
   399     -0.738579117614      8.616748664317      0.594315968464      0.804231639286
   400     -0.461274754789      7.655966540025      0.277304362825     -0.960782124292
   401     -0.117475842632      8.595009834022      0.343798912157      0.939043293996
   402     -0.931063214363      8.013567155368     -0.813587371731     -0.581442678654
   403     -1.386451675710      7.123274310697     -0.455388461348     -0.890292844670
   404     -0.625727753419      6.474198726460      0.760723922292     -0.649075584237
   405     -1.053871632747      7.377909309884     -0.428143879329      0.903710583424
   406     -1.003266442367      8.376628046420      0.050605190380      0.998718736535
   407     -0.486088275205      7.520750284464      0.517178167162     -0.855877761956
   408      0.269045152546      6.865179154614      0.755133427751     -0.655571129850
   409     -0.429445264015      7.580798563219     -0.698490416561      0.715619408605
   410      0.557444260881      7.419401333840      0.986889524896     -0.161397229379
   411     -0.287064212855      7.954943524324     -0.844508473736      0.535542190484
   412      0.650044937212      8.303979970644      0.937109150068      0.349036446320
   413     -0.102277630837      8.962774895946     -0.752322568049      0.658794925302
   414     -0.400330327926      8.008225478808     -0.298052697090     -0.954549417138
   415      0.407980299948      8.596981734711      0.808310627875      0.588756255903
   416     -0.587588398950      8.502944690022     -0.995568698898     -0.094037044689
   417     -0.296353281947      7.546293182615      0.291235117003     -0.956651507407
   418     -1.285946468520      7.402399732143     -0.989593186573     -0.143893450472
   419     -2.250454006084      7.138344416001     -0.964507537564     -0.264055316142
   420     -1.390081074133      6.628679410369      0.860372931951     -0.509665005633
   421     -1.271283116878      5.635760961879      0.118797957255     -0.992918448490
   422     -1.742067092744      6.518009480193     -0.470783975866      0.882248518314
   423     -1.191412184100      7.352742474382      0.550654908643      0.834732994189
   424     -1.444187593615      6.385217491580     -0.252775409514     -0.967524982801
   425     -0.483451750983      6.662682157228      0.960735842632      0.277464665648
   426     -0.086555543774      7.580545655088      0.396896207209      0.917863497860
   427      0.461536301378      8.416963809648      0.548091845152      0.836418154560
   428      0.282448897373      7.433130642019     -0.179087404005     -0.983833167629
   429     -0.073250886265      8.367730911610     -0.355699783638      0.934600269591
   430     -0.930739737668      8.882233457492     -0.857488851403      0.514502545882
   431     -0.036648864033      9.330119056370      0.894090873635      0.447885598877
   432     -0.666411952458     10.106906319690     -0.629763088425      0.776787263321
   433     -1.365217743528      9.391594872580     -0.698805791070     -0.715311447110
   434     -0.378065733524      9.231810927371      0.987152010003     -0.159783945210
   435     -0.876025032912     10.099011328750     -0.497959299388      0.867200401380
   436     -0.985077861693     11.093047284104     -0.109052828781      0.994035955353
   437     -1.565243354154     11.907545903720     -0.580165492461      0.814498619616
   438     -2.540716990440     11.687429605115     -0.975473636286     -0.220116298605
   439     -1.805752295691     11.009324231686      0.734964694749     -0.678105373429
   440     -2.664728262949     10.497308326003     -0.858975967258     -0.512015905683
   441     -3.664667724720     10.508311634358     -0.999939461770      0.011003308355
   442     -2.811844614217     11.030511540709      0.852823110502      0.522199906351
   443     -2.841354934438     12.030076016368     -0.029510320220      0.999564475660
   444     -3.271023962979     12.933062464723     -0.429669028541      0.902986448355
   445     -4.156733524199     12.468822684908     -0.885709561220     -0.464239779815
   446     -4.472273103591     11.519910268592     -0.315539579392     -0.948912416315
   447     -3.624105107921     10.990182932010      0.848167995669     -0.529727336582
   448     -4.214629432725     10.183163092220     -0.590524324804     -0.807019839790
   449     -4.655716942161     11.080627191235     -0.441087509436      0.897464099014
   450     -5.139610571435     10.205500368684     -0.483893629274     -0.875126822551
   451     -6.052709161789      9.797761525435     -0.913098590354     -0.407738843249
   452     -5.501217914141     10.631942203566      0.551491247648      0.834180678131
   453     -4.573628854579     11.005544313544      0.927589059562      0.373602109978
   454     -4.963030637542     11.926612308551     -0.389401782964      0.921067995006
   455     -5.918804192769     12.220715880663     -0.955773555227      0.294103572112
   456     -6.376656884671     11.331687808824     -0.457852691902     -0.889028071839
   457     -7.031823822926     12.087171946988     -0.655166938255      0.755484138164
   458     -6.208922938416     11.518986999746      0.822900884510     -0.568184947242
   459     -5.209854262340     11.475838645371      0.999068676075     -0.043148354375
   460     -4.378654148442     10.919865291104      0.831200113899     -0.555973354267
   461     -3.956279129852     10.013444117657      0.422375018590     -0.906421173446
   462     -3.696322701495     10.979064465080      0.259956428358      0.965620347422
   463     -3.793236553436     11.974357238741     -0.096913851942      0.995292773661
   464     -4.363446114125     11.152857964913     -0.570209560688     -0.821499273828
   465     -4.277619344153     12.149168039918      0.085826769971      0.996310075005
   466     -4.891138809417     11.359488443028     -0.613519465263     -0.789679596889
   467     -4.286950288768     10.562647033765      0.604188520649     -0.796841409263
   468     -3.307366158790     10.361612379301      0.979584129978     -0.201034654464
   469     -4.001052828122     11.081889273829     -0.693686669332      0.720276894528
   470     -3.019741921500     10.889460314092      0.981310906621     -0.192428959738
   471     -2.450019705342     10.067622984436      0.569722216159     -0.821837329656
   472     -1.458490833502      9.937736509743      0.991528871840     -0.129886474693
   473     -0.809000778645      9.177366423113      0.649490054857     -0.760370086630
   474     -1.622177358667      8.595349370353     -0.813176580022     -0.582017052760
   475     -0.638470112779      8.415571578658      0.983707245888     -0.179777791695
   476      0.319311203654      8.703069317591      0.957781316433      0.287497738933
   477     -0.037814871193      7.769013127277     -0.357126074848     -0.934056190314
   478     -0.596672122650      8.598277001140     -0.558857251457      0.829263873863
   479      0.028383080208      7.817696452202      0.625055202859     -0.780580548937
   480      1.028376469756      7.821332502327      0.999993389548      0.003636050125
   481      0.297563854088      8.503910644946     -0.730812615668      0.682578142619
   482      0.904170995006      9.298912391226      0.606607140917      0.795001746280
   483      0.153818496672      9.959950308628     -0.750352498334      0.661037917403
   484      0.524777680952     10.888599480059      0.370959184280      0.928649171430
   485      0.360949143601     11.875088309367     -0.163828537351      0.986488829308
   486      1.272061024231     11.462929188426      0.911111880630     -0.412159120941
   487      0.308219243405     11.729404368385     -0.963841780826      0.266475179959
   488      0.868983036048     12.557380194639      0.560763792643      0.827975826254
   489     -0.036613243210     12.133239440886     -0.905596279258     -0.424140753753
   490      0.502031722263     12.975772289605      0.538644965473      0.842532848719
   491      0.874895633200     13.903658329979      0.372863910938      0.927886040374
   492      0.839201455995     14.903021089798     -0.035694177205      0.999362759819
   493      1.715840692173     14.421872828247      0.876639236178     -0.481148261551
   494      0.967664230825     15.085372626803     -0.748176461349      0.663499798556
   495      0.490632285118     15.964258582303     -0.477031945707      0.878885955500
   496      0.074444116153     16.873537091900     -0.416188168965      0.909278509596
   497     -0.664761562916     16.200057349048     -0.739205679070     -0.673479742851
   498     -0.039799678984     15.419402083498      0.624961883933     -0.780655265550
   499      0.959277296946     15.462357830117      0.999076975929      0.042955746619
   500      0.444608008473     14.604969048115     -0.514669288472     -0.857388782002
   501     -0.539510537982     14.782481544921     -0.984118546456      0.177512496806
   502     -1.330903726473     15.393789013556     -0.791393188491      0.611307468636
   503     -1.434002159848     14.399117855316     -0.103098433374     -0.994671158241
   504     -2.311835236171     13.920151165332     -0.877833076323     -0.478966689983
   505     -2.331528293004     12.920345092380     -0.019693056833     -0.999806072952
   506     -1.887842849233     12.024162506639      0.443685443771     -0.896182585741
   507     -0.928238011468     12.305513808997      0.959604837765      0.281351302359
   508     -1.908229149228     12.504554935181     -0.979991137760      0.199041126184
   509     -1.281883551538     13.284100438828      0.626345597690      0.779545503646
   510     -0.723556283580     14.113721232838      0.558327267958      0.829620794010
   511     -1.540736507394     14.690103468692     -0.817180223814      0.576382235854
   512     -1.381130022523     15.677284186690      0.159606484871      0.987180717998
   513     -0.880959038421     16.543210850249      0.500170984101      0.865926663559
   514     -0.281731370082     15.742632183598      0.599227668339     -0.800578666651
   515      0.477244318505     16.393751146718      0.758975688587      0.651118963120
   516     -0.271767256904     17.056308057408     -0.749011575409      0.662556910690
   517     -1.260537164190     17.205753935391     -0.988769907286      0.149445877983
   518     -1.410829635101     18.194395515129     -0.150292470912      0.988641579738
   519     -0.678588630835     18.875441116885      0.732241004267      0.681045601756
   520     -1.539100636156     19.384871277650     -0.860512005322      0.509430160765
   521     -0.823867381090     18.685985456613      0.715233255066     -0.698885821037
   522     -0.778027074688     17.687036675989      0.045840306402     -0.998948780623
   523     -0.047475641687     18.369894350575      0.730551433001      0.682857674585
   524     -1.038586099543     18.236852776891     -0.991110457856     -0.133041573684
   525     -0.328359895987     17.532879240611      0.710226203556     -0.703973536280
   526      0.381060654156     18.237664656915      0.709420550143      0.704785416304
   527     -0.193864811326     19.055870443463     -0.574925465482      0.818205786548
   528     -1.020127936368     19.619154783913     -0.826263125041      0.563284340451
   529     -0.198517763733     19.049105027994      0.821610172634     -0.570049755919
   530     -0.259056018552     18.050939150144     -0.060538254819     -0.998165877850
   531     -0.851174987018     18.856789711466     -0.592118968466      0.805850561322
   532     -1.579849321359     18.171929350171     -0.728674334341     -0.684860361295
   533     -1.175050688232     17.257523495740      0.404798633127     -0.914405854431
   534     -2.063705282498     16.798946335286     -0.888654594266     -0.458577160454
   535     -1.183605898674     17.273735840849      0.880099383824      0.474789505562
   536     -0.580806341145     18.071628498694      0.602799557529      0.797892657845
   537     -1.472459589729     17.618909508270     -0.891653248584     -0.452718990423
   538     -2.467931199408     17.713968828288     -0.995471609679      0.095059320018
   539     -1.468070834966     17.697258004955      0.999860364443     -0.016710823333
   540     -0.743636445305     17.007914248128      0.724434389661     -0.689343756827
   541     -0.380778582372     17.939758747660      0.362857862933      0.931844499532
   542     -1.061257455862     18.672526448049     -0.680478873491      0.732767700389
   543     -1.463681801789     19.587979694154     -0.402424345927      0.915453246106
   544     -0.602880401729     19.079038686124      0.860801400060     -0.508941008030
   545     -1.579861531813     18.865712945858     -0.976981130084     -0.213325740266
   546     -1.964386063834     17.942598172780     -0.384524532021     -0.923114773078
   547     -2.953995165266     18.086382130030     -0.989609101432      0.143783957250
   548     -3.234509831035     17.126532390598     -0.280514665769     -0.959849739433
   549     -2.582237121150     17.884516765067      0.652272709885      0.757984374469
   550     -3.147864905095     17.059856101503     -0.565627783945     -0.824660663564
   551     -2.511287248669     16.288643493113      0.636577656426     -0.771212608390
   552     -1.619860294147     16.741807905608      0.891426954522      0.453164412495
   553     -2.484936406718     17.243448533408     -0.865076112571      0.501640627800
   554     -3.368292350557     16.774745774206     -0.883355943839     -0.468702759202
   555     -4.321203359576     16.471495697716     -0.952911009019     -0.303250076489
   556     -4.171243059409     17.460187716686      0.149960300167      0.988692018969
   557     -4.751143429086     16.645500315747     -0.579900369677     -0.814687400939
   558     -4.255772383815     15.776818827797      0.495371045271     -0.868681487950
   559     -4.723350184944     14.892866906089     -0.467577801129     -0.883951921708
   560     -4.121335531915     14.094381867070      0.602014653029     -0.798485039019
   561     -3.279109030832     14.633505712651      0.842226501083      0.539123845581
   562     -2.279133005511     14.626581206654      0.999976025321     -0.006924505996
   563     -1.503561934456     15.257841464980      0.775571071056      0.631260258326
   564     -1.571835043705     14.260174795920     -0.068273109249     -0.997666669060
   565     -2.195797816667     15.041628862361     -0.623962772962      0.781454066441
   566     -2.543460062159     14.104009023056     -0.347662245493     -0.937619839305
   567     -3.350774300538     13.513887238582     -0.807314238379     -0.590121784474
   568     -3.258287221760     14.509601123320      0.092487078778      0.995713884738
   569     -3.968882538231     13.806000173768     -0.710595316471     -0.703600949551
   570     -4.968880981017     13.804235400335     -0.999998442786     -0.001764773433
   571     -5.882960900669     14.209769493216     -0.914079919652      0.405534092882
   572     -5.394742158553     13.337048197586      0.488218742116     -0.872721295630
   573     -4.968351634552     12.432509021518      0.426390524001     -0.904539176068
   574     -4.809407402473     13.419796584029      0.158944232078      0.987287562511
   575     -4.728253926050     14.416498200996      0.081153476423      0.996701616967
   576     -4.428182966166     13.462581318331      0.300070959885     -0.953916882665
   577     -3.735683118511     12.741163297348      0.692499847655     -0.721418020982
   578     -4.456813773739     12.048364208080     -0.721130655228     -0.692799089268
   579     -5.205205050678     11.385106719165     -0.748391276939     -0.663257488915
   580     -5.965190825717     10.735167012933     -0.759985775040     -0.649939706232
   581     -6.255462740514      9.778222805845     -0.290271914797     -0.956944207088
   582     -5.474179729537      9.154045862376      0.781283010977     -0.624176943469
   583     -5.921979074099     10.048179939016     -0.447799344562      0.894134076641
   584     -5.719595100374     11.027486186918      0.202383973725      0.979306247902
   585     -4.884474583646     11.577553203326      0.835120516728      0.550067016408
   586     -3.981306453826     11.148266202268      0.903168129820     -0.429287001059
   587     -3.323161216959     10.395375209369      0.658145236868     -0.752890992899
   588     -2.576951224868     11.061085842981      0.746209992090      0.665710633612
   589     -2.281182572954     12.016345443584      0.295768651914      0.955259600603
   590     -1.419102844280     11.509572771266      0.862079728674     -0.506772672318
   591     -0.985927441652     12.410882413153      0.433175402627      0.901309641887
   592     -0.179549208849     11.819482256186      0.806378232803     -0.591400156967
   593      0.303647646385     12.694993991740      0.483196855234      0.875511735553
   594      0.438876617859     13.685808366521      0.135228971474      0.990814374782
   595      1.405472574814     13.942113372323      0.966595956955      0.256305005801
   596      1.101295560570     14.894728900227     -0.304177014244      0.952615527905
   597      1.728053418660     15.673942983340      0.626757858091      0.779214083113
   598      2.532833958013     16.267515458679      0.804780539352      0.593572475339
   599      2.714121430204     17.250945604864      0.181287472191      0.983430146186
   600      3.553843808431     16.707929649754      0.839722378227     -0.543015955110
   601      2.668069488850     17.172045858014     -0.885774319582      0.464116208260
   602      2.967618473561     16.217964935996      0.299548984711     -0.954080922018
   603      2.211887814062     16.872847498211     -0.755730659500      0.654882562214
   604      3.154537216779     16.539062981558      0.942649402717     -0.333784516652
   605      3.936879067121     17.161912264454      0.782341850342      0.622849282895
   606      4.099200566916     16.175174340431      0.162321499795     -0.986737924023
   607      3.364557660866     16.853628318672     -0.734642906050      0.678453978241
   608      4.348743537156     17.030767136869      0.984185876289      0.177138818198
   609      4.202755896269     18.020053550760     -0.145987640886      0.989286413891
   610      3.599186203227     17.222743306476     -0.603569693042     -0.797310244284
   611      4.596985642853     17.156438870107      0.997799439626     -0.066304436369
   612      5.596423927307     17.122925953683      0.999438284454     -0.033512916424
   613      6.202124517283     17.918618604964      0.605700589976      0.795692651281
   614      6.771090906903     17.096257828004      0.568966389620     -0.822360776960
   615      7.610050574315     17.640451430001      0.838959667412      0.544193601998
   616      8.245011322472     18.412995828920      0.634960748157      0.772544398918
   617      7.498103425187     19.077923338483     -0.746907897285      0.664927509563
   618      7.775090549054     20.038796968682      0.276987123867      0.960873630199
   619      8.223102391575     20.932824590716      0.448011842520      0.894027622035
   620      8.403002693483     21.916509439321      0.179900301908      0.983684848604
   621      7.673049525241     22.600006602573     -0.729953168242      0.683497163252
   622      8.034582568287     21.667647305528      0.361533043045     -0.932359297045
   623      7.662241326141     22.595743205421     -0.372341242146      0.928095899893
   624      6.855464714542     23.186599786137     -0.806776611599      0.590856580717
   625      7.848417865063     23.305107342309      0.992953150521      0.118507556172
   626      6.944144508741     22.878153366984     -0.904273356322     -0.426953975325
   627      6.186081968457     23.530335231972     -0.758062540284      0.652181864987
   628      7.014793451936     24.090011278582      0.828711483479      0.559676046610
   629      7.359436591438     25.028745056815      0.344643139501      0.938733778232
   630      6.608030470427     25.688585068717     -0.751406121011      0.659840011903
   631      7.154056850378     24.850817086279      0.546026379951     -0.837767982438
   632      6.565261411322     24.042535000033     -0.588795439056     -0.808282086247
   633      5.575566828648     24.185729388981     -0.989694582674      0.143194388948
   634      6.449120663771     23.699001850061      0.873553835123     -0.486727538919
   635      7.427138081209     23.907525065047      0.978017417438      0.208523214986
   636      8.121895896617     23.188281310865      0.694757815408     -0.719243754182
   637      8.670910173489     24.024094282642      0.549014276873      0.835812971777
   638      8.041401815799     24.801087994069     -0.629508357691      0.776993711427
   639      9.000501080483     25.084157950941      0.959099264684      0.283069956871
   640      9.994726545227     25.191469298218      0.994225464744      0.107311347278
   641     10.852412551210     25.705643116241      0.857686005983      0.514173818023
   642     10.748553800923     26.700235173312     -0.103858750287      0.994592057071
   643      9.792729020626     26.994172223327     -0.955824780296      0.293937050015
   644     10.321444749876     26.145373261473      0.528715729249     -0.848798961854
   645     10.475929907099     25.157378152074      0.154485157223     -0.987995109400
   646     10.936567418667     26.044966504260      0.460637511568      0.887588352186
   647     11.134098423987     27.025263144026      0.197531005320      0.980296639766
   648     10.282807961231     26.500568425147     -0.851290462756     -0.524694718880
   649      9.605771178405     27.236517604575     -0.677036782826      0.735949179428
   650      8.834021896839     27.872444523648     -0.771749281566      0.635926919073
   651      7.964207650648     27.379065179611     -0.869814246191     -0.493379344037
   652      7.812745612348     26.390602104451     -0.151462038300     -0.988463075160
   653      8.106823083987     25.434820518170      0.294077471639     -0.955781586281
   654      8.877259622243     26.072337216398      0.770436538256      0.637516698228
   655      9.124551821740     25.103396264602      0.247292199497     -0.968940951796
   656      8.489266287155     24.331118924816     -0.635285534585     -0.772277339786
   657      8.380641704631     23.337036081149     -0.108624582525     -0.994082843666
   658      7.806640642246     24.155890635012     -0.574001062384      0.818854553863
   659      8.352608061604     23.318084227183      0.545967419358     -0.837806407829
   660      7.997473014640     22.383269219591     -0.355135046964     -0.934815007591
   661      8.971501863243     22.156845276315      0.974028848603     -0.226423943276
   662      9.014285974075     23.155929617030      0.042784110832      0.999084340714
   663      9.411607368570     24.073609141415      0.397321394495      0.917679524386
   664     10.211535932391     24.673704377843      0.799928563821      0.600095236428
   665      9.913350527413     23.719196408124     -0.298185404978     -0.954507969719
   666     10.713503091423     23.119399880701      0.800152564010     -0.599796527423
   667      9.713947351900     23.089595122898     -0.999555739522     -0.029804757803
   668      9.026437487125     23.815770160913     -0.687509864776      0.726175038015
   669      8.291095191262     24.493466042497     -0.735342295863      0.677695881583
   670      8.473133972027     25.476757394181      0.182038780765      0.983291351684
   671      7.600742117888     25.965564567647     -0.872391854139      0.488807173466
   672      7.215802295441     26.888506241370     -0.384939822447      0.922941673723
   673      6.407395765100     27.477130809071     -0.808406530342      0.588624567701
   674      5.884497347027     26.624735804172     -0.522898418073     -0.852395004899
   675      6.882011876632     26.695196880137      0.997514529605      0.070461075966
   676      7.695826579361     26.114072427354      0.813814702729     -0.581124452783
   677      6.912955004299     25.491889096687     -0.782871575062     -0.622183330667
   678      7.227112199490     26.441260076184      0.314157195191      0.949370979496
   679      6.514783756887     25.739413803942     -0.712328442603     -0.701846272242
   680      6.163065987305     26.675519893315     -0.351717769582      0.936106089373
   681      6.034566283172     25.683810346099     -0.128499704133     -0.991709547215
   682      6.612683671962     26.499763950650      0.578117388790      0.815953604550
   683      7.327428713994     25.800378845795      0.714745042031     -0.699385104854
   684      7.332696673437     26.800364970001      0.005267959443      0.999986124205
   685      7.990549373296     27.553511586065      0.657852699859      0.753146616064
   686      8.939108810574     27.236912480017      0.948559437278     -0.316599106047
   687      9.196239451114     28.203289132102      0.257130640540      0.966376652085
   688      9.870770923177     27.465043039531      0.674531472062     -0.738246092572
   689      8.898197004195     27.697637046584     -0.972573918981      0.232594007053
   690      9.066917540860     28.683300975369      0.168720536665      0.985663928785
   691      8.099872445913     28.428695821574     -0.967045094947     -0.254605153795
   692      7.099913880242     28.437798949689     -0.999958565671      0.009103128114
   693      6.099913928883     28.437487048436     -0.999999951359     -0.000311901253
   694      5.482111916658     29.223820739492     -0.617802012226      0.786333691056
   695      4.726468348893     28.568837687424     -0.755643567765     -0.654983052067
   696      5.214350835823     29.441747006281      0.487882486930      0.872909318857
   697      4.488503193731     28.753891497857     -0.725847642092     -0.687855508424
   698      3.693269279591     28.147588750212     -0.795233914140     -0.606302747644
   699      3.270690502308     29.053914948107     -0.422578777282      0.906326197895
   700      2.629419136812     28.286600777904     -0.641271365496     -0.767314170203
   701      3.191458559262     27.459490333276      0.562039422449     -0.827110444628
   702      2.212428651057     27.663206898236     -0.979029908205      0.203716564961
   703      1.373321499620     27.119240733473     -0.839107151437     -0.543966164763
   704      0.388033614583     27.290143581902     -0.985287885036      0.170902848429
   705      1.384572974974     27.207021363503      0.996539360391     -0.083122218399
   706      1.759088049947     28.134242188667      0.374515074972      0.927220825164
   707      2.252877087765     29.003823919231      0.493789037818      0.869581730564
   708      2.763717583312     29.863499432497      0.510840495547      0.859675513266
   709      2.362582711594     30.779518435952     -0.401134871718      0.916019003456
   710      3.127459383262     30.135341692240      0.764876671667     -0.644176743712
   711      2.188210477606     29.792104903384     -0.939248905656     -0.343236788856
   712      2.856234941929     29.047965591787      0.668024464324     -0.744139311598
   713      1.856318818557     29.035013903834     -0.999916123372     -0.012951687953
   714      1.118399969532     29.709903355709     -0.737918849026      0.674889451876
   715      1.867401850183     30.372471226030      0.749001880651      0.662567870321
   716      2.856874250841     30.517192918721      0.989472400658      0.144721692692
   717      2.857512676900     31.517192714928      0.000638426059      0.999999796206
   718      3.752318527365     31.070737241254      0.894805850465     -0.446455473674
   719      2.755012925451     31.144096197012     -0.997305601915      0.073358955758
   720      3.311003374220     30.312907517543      0.555990448769     -0.831188679469
   721      2.758472427650     29.479415134205     -0.552530946570     -0.833492383338
   722      3.639525381074     29.952432780031      0.881052953424      0.473017645827
   723      4.636711173443     29.877462816075      0.997185792370     -0.074969963956
   724      5.588020789239     30.185699762100      0.951309615796      0.308236946024
   725      6.155251132433     29.362140573116      0.567230343194     -0.823559188984
   726      7.146910656706     29.233255399727      0.991659524273     -0.128885173388
   727      6.353448137007     29.841874516937     -0.793462519699      0.608619117210
   728      5.457942110081     30.286923902669     -0.895506026925      0.445049385732
   729      6.253963156245     29.681654959087      0.796021046164     -0.605268943581
   730      5.572006165255     28.950262682372     -0.681956990991     -0.731392276715
   731      4.573331014664     29.001720855611     -0.998675150590      0.051458173239
   732      5.231031797755     28.248441571466      0.657700783091     -0.753279284145
   733      5.730127137480     27.381894491461      0.499095339725     -0.866547080005
   734      5.154421740751     28.199551691134     -0.575705396729      0.817657199673
   735      4.704619161631     27.306423682494     -0.449802579120     -0.893128008640
   736      5.690141089735     27.475971697008      0.985521928104      0.169548014514
   737      6.666182782423     27.258388117356      0.976041692688     -0.217583579652
   738      7.399217635503     26.578197038195      0.733034853080     -0.680191079161
   739      7.937981582636     25.735740268224      0.538763947133     -0.842456769971
   740      8.350994310318     26.646465521400      0.413012727682      0.910725253176
   741      8.825952281237     25.766457040838      0.474957970919     -0.880008480562
   742      8.631776436539     26.747423778977     -0.194175844698      0.980966738139
   743      7.647183075838     26.572564080751     -0.984593360701     -0.174859698227
   744      8.576240918969     26.202629594502      0.929057843131     -0.369934486249
   745      8.384904374366     25.221105103366     -0.191336544603     -0.981524491136
   746      7.823359484800     24.393658828976     -0.561544889566     -0.827446274390
   747      7.649230595637     25.378381698599     -0.174128889164      0.984722869623
   748      8.613882061238     25.114852668103      0.964651465601     -0.263529030495
   749      9.101875217576     24.242005213294      0.487993156339     -0.872847454809
   750      9.631433146100     23.393731436535      0.529557928524     -0.848273776759
   751     10.551863755742     23.784637426300      0.920430609642      0.390905989765
   752      9.626946070893     23.404469994431     -0.924917684849     -0.380167431869
   753      9.045367652953     22.590979647969     -0.581578417940     -0.813490346462
   754      8.273551832260     21.955133488172     -0.771815820693     -0.635846159797
   755      8.690962005670     21.046415299109      0.417410173409     -0.908718189063
   756      7.693911374352     20.969668712289     -0.997050631318     -0.076746586821
   757      8.458917504788     21.613691709079      0.765006130436      0.644022996791
   758      7.821070494420     20.843528615076     -0.637847010368     -0.770163094003
   759      8.616872986155     20.237972346717      0.795802491735     -0.605556268359
   760      7.724503210457     20.689277324999     -0.892369775697      0.451304978282
   761      7.939213352003     19.712599509587      0.214710141546     -0.976677815412
   762      6.961792421678     19.923901012095     -0.977420930325      0.211301502508
   763      7.153844678282     20.905285712777      0.192052256604      0.981384700682
   764      8.016868386951     21.410449130174      0.863023708669      0.505163417396
   765      9.014895482930     21.473233807377      0.998027095979      0.062784677203
   766      8.806954735558     22.451375231498     -0.207940747372      0.978141424121
   767      7.980581529522     21.888252399120     -0.826373206036     -0.563122832378
   768      8.094623956179     20.894776518727      0.114042426657     -0.993475880393
   769      7.357553225552     20.218960909221     -0.737070730627     -0.675815609507
   770      7.097448481749     19.253380502289     -0.260104743803     -0.965580406932
   771      7.219514789962     18.260858554723      0.122066308214     -0.992521947565
   772      6.419414007873     17.660992954360     -0.800100782090     -0.599865600364
   773      5.441212544671     17.453334828130     -0.978201463202     -0.207658126229
   774      5.327143240576     16.459862033403     -0.114069304094     -0.993472794727
   775      4.381973560209     16.133282371889     -0.945169680367     -0.326579661514
   776      5.380984612439     16.088819831233      0.999011052230     -0.044462540656
   777      4.401810305878     15.885798459524     -0.979174306561     -0.203021371709
   778      3.696728233460     15.176672750532     -0.705082072419     -0.709125708992
   779      4.139537145001     16.073288759679      0.442808911541      0.896616009147
   780      5.100599747854     15.796958027772      0.961062602854     -0.276330731907
   781      6.089641426700     15.649321455384      0.989041678845     -0.147636572388
   782      5.386160151066     14.938607662896     -0.703481275634     -0.710713792488
   783      5.776607408928     14.017982365162      0.390447257862     -0.920625297734
   784      6.456965289908     13.285102324644      0.680357880979     -0.732880040518
   785      6.917838214581     14.172568463324      0.460872924673      0.887466138680
   786      7.392020542911     15.052995132331      0.474182328330      0.880426669007
   787      7.523033245233     14.061614442671      0.131012702322     -0.991380689660
   788      8.403513256320     13.587531169314      0.880480011087     -0.474083273357
   789      8.282213651659     12.594915228525     -0.121299604661     -0.992615940789
   790      8.966725807111     11.865913781998      0.684512155452     -0.729001446527
   791      9.700102699157     12.545736063343      0.733376892046      0.679822281345
   792      8.703589988314     12.462294963587     -0.996512710843     -0.083441099756
   793      8.771010681606     11.464570327169      0.067420693292     -0.997724636418
   794      9.077484925607     10.512691375955      0.306474244001     -0.951878951214
   795      8.085825166804     10.383808007092     -0.991659758804     -0.128883368863
   796      7.086858600317     10.429259069151     -0.998966566486      0.045451062059
   797      7.693911520262      9.634597661766      0.607052919944     -0.794661407385
   798      8.618570751983      9.253802040478      0.924659231722     -0.380795621288
   799      9.233947998664      8.465569305642      0.615377246681     -0.788232734836
   800     10.107956207873      8.951480460315      0.874008209209      0.485911154673
   801      9.380811807700      9.637964998594     -0.727144400173      0.686484538279
   802     10.369774593711      9.489800873774      0.988962786012     -0.148164124820
   803     10.136672957937      8.517348495815     -0.233101635775     -0.972452377960
   804      9.361089862946      7.886103010473     -0.775583094991     -0.631245485342
   805      9.222641357016      8.876472644098     -0.138448505930      0.990369633625
   806      9.918692526863      8.158480465203      0.696051169847     -0.717992178895
   807      9.957558575679      7.159236035521      0.038866048816     -0.999244429681
   808      9.238333870702      6.464458500083     -0.719224704977     -0.694777535439
   809      9.913047049101      5.726378472650      0.674713178399     -0.738080027432
   810      9.246942778079      4.980519839848     -0.666104271022     -0.745858632802
   811      9.759368253286      4.121788139980      0.512425475208     -0.858731699868
   812     10.015527509413      5.088422732523      0.256159256127      0.966634592543
   813      9.023722805861      5.216185911929     -0.991804703552      0.127763179406
   814      9.870245856534      5.748537980281      0.846523050673      0.532352068352
   815      9.410221026886      4.860631928885     -0.460024829649     -0.887906051396
   816      9.476305760775      5.858445943592      0.066084733890      0.997814014708
   817     10.432837236788      6.150075049471      0.956531476013      0.291629105879
   818     10.194185075105      5.178969933779     -0.238652161683     -0.971105115692
   819     10.908622115780      5.878669665743      0.714437040675      0.699699731965
   820      9.960357392351      6.196150396338     -0.948264723430      0.317480730594
   821      9.132980282783      6.757797187981     -0.827377109568      0.561646791643
   822      8.512353303658      5.973691230357     -0.620626979125     -0.784105957625
   823      7.738116732844      6.606587534986     -0.774236570814      0.632896304630
   824      7.062819083181      7.344132845024     -0.675297649663      0.737545310038
   825      6.347081315246      6.645763710862     -0.715737767935     -0.698369134163
   826      5.636726815659      5.941919633727     -0.710354499586     -0.703844077135
   827      6.323451658365      6.668837091497      0.686724842705      0.726917457770
   828      7.197861039089      7.154025956684      0.874409380724      0.485188865187
   829      7.437315422644      6.183118340998      0.239454383555     -0.970907615686
   830      8.147557660408      6.887075700287      0.710242237764      0.703957359288
   831      9.052916418802      7.311723223061      0.905358758394      0.424647522775
   832      8.334947767751      8.007798661579     -0.717968651051      0.696075438518
   833      9.333833143434      7.960596900515      0.998885375683     -0.047201761064
   834     10.024816663679      7.237726390154      0.690983520245     -0.722870510361
   835      9.466282089806      8.067207631526     -0.558534573874      0.829481241372
   836     10.310094914079      8.603845235121      0.843812824273      0.536637603595
   837      9.714261507503      9.406953292364     -0.595833406576      0.803108057243
   838      8.884195554662      9.964618527010     -0.830065952841      0.557665234647
   839      8.162693599137      9.272206129538     -0.721501955525     -0.692412397473
   840      7.580889919472     10.085535385331     -0.581803679664      0.813329255793
   841      8.506213537546      9.706357060746      0.925323618074     -0.379178324585
   842      8.077551355341      8.802892211652     -0.428662182205     -0.903464849094
   843      8.282052793290      7.824025948122      0.204501437949     -0.978866263530
   844      8.998538290653      8.521627934980      0.716485497363      0.697601986858
   845      8.540280659518      7.632808525029     -0.458257631135     -0.888819409951
   846      8.342175151947      8.612989226670     -0.198105507571      0.980180701641
   847      9.207231159430      9.114664523967      0.865056007483      0.501675297296
   848      8.578200529425      8.337284008057     -0.629030630005     -0.777380515909
   849      8.911562732854      9.280082842022      0.333362203429      0.942798833965
   850      9.291307158571      8.354991402684      0.379744425717     -0.925091439338
   851     10.160942403699      8.848686187374      0.869635245128      0.493694784690
   852     10.873219504176      8.146787810017      0.712277100477     -0.701898377357
   853      9.877834497893      8.242749725725     -0.995385006283      0.095961915708
   854      8.901306451456      8.458140009912     -0.976528046437      0.215390284187
   855      8.708539241245      7.476895492644     -0.192767210211     -0.981244517267
   856      9.142892541916      6.576152904445      0.434353300672     -0.900742588199
   857      8.355627312312      5.959538390947     -0.787265229604     -0.616614513498
   858      8.956835010194      5.160445590324      0.601207697882     -0.799092800623
   859      8.382618645854      5.979149179497     -0.574216364340      0.818703589173
   860      7.798391854366      5.167558730990     -0.584226791488     -0.811590448507
   861      6.912770232387      4.703151213089     -0.885621621979     -0.464407517902
   862      7.235253629385      5.649726333542      0.322483396998      0.946575120453
   863      6.587311007552      4.888037185127     -0.647942621833     -0.761689148415
   864      5.596849446370      5.025826501908     -0.990461561183      0.137789316781
   865      4.620805663608      4.808252298169     -0.976043782761     -0.217574203739
   866      5.513668335297      5.258581343983      0.892862671689      0.450329045815
   867      4.877858952850      6.030427461543     -0.635809382447      0.771846117560
   868      5.735792887546      6.544187486941      0.857933934696      0.513760025397
   869      6.732111506272      6.458459953554      0.996318618726     -0.085727533387
   870      6.183652510802      5.622282502119     -0.548458995470     -0.836177451435
   871      7.183546280972      5.607706893166      0.999893770169     -0.014575608953
   872      8.019118204855      6.157087963114      0.835571923884      0.549381069948
   873      7.478517728942      6.998367420513     -0.540600475913      0.841279457399
   874      7.123887285211      7.933373970426     -0.354630443731      0.935006549912
   875      7.961335988473      8.479889907436      0.837448703262      0.546515937010
   876      7.017922922047      8.811509849684     -0.943413066426      0.331619942248
   877      6.913764105904      7.816949172289     -0.104158816142     -0.994560677395
   878      6.241986081582      8.557701685641     -0.671778024322      0.740752513352
   879      6.599225711253      9.491714451610      0.357239629671      0.934012765969
   880      6.463122197208      8.501019829910     -0.136103514046     -0.990694621700
   881      7.368417214821      8.076236436773      0.905295017613     -0.424783393137
   882      8.366476631292      8.138505218627      0.998059416471      0.062268781853
   883      8.157557553561      7.160572286898     -0.208919077731     -0.977932931729
   884      7.214101611156      6.829074346119     -0.943455942405     -0.331497940779
   885      6.703971730768      5.968976964926     -0.510129880388     -0.860097381193
   886      5.722191803745      6.158998476587     -0.981779927023      0.190021511662
   887      5.876780849064      5.171019616962      0.154589045319     -0.987978859626
   888      6.583518559086      4.463543957145      0.706737710022     -0.707475659817
   889      6.381674773969      5.442961685394     -0.201843785117      0.979417728250
   890      7.374616382000      5.324357456793      0.992941608030     -0.118604228602
   891      6.513466018457      5.832707780261     -0.861150363542      0.508350323469
   892      6.275315727799      6.803936094851     -0.238150290658      0.971228314589
   893      7.033539250692      6.151941394464      0.758223522893     -0.651994700387
   894      6.116696037467      6.551188839493     -0.916843213225      0.399247445029
   895      6.767466607634      5.791914406232      0.650770570168     -0.759274433261
   896      7.319205639142      4.957897595184      0.551739031507     -0.834016811048
   897      7.033789845298      5.916301385152     -0.285415793844      0.958403789968
   898      7.997477177820      5.649268194074      0.963687332522     -0.267033191078
   899      7.100232319849      5.207734882934     -0.897244857970     -0.441533311140
   900      7.080106679283      6.207532341719     -0.020125640566      0.999797458784
   901      6.326505154764      6.864863873172     -0.753601524519      0.657331531454
   902      6.279614056942      5.865963865691     -0.046891097822     -0.998900007481
   903      7.209659703223      6.233407869362      0.930045646281      0.367444003671
   904      6.799289409249      5.321488891698     -0.410370293974     -0.911918977664
   905      5.989659166755      5.908429153087     -0.809630242494      0.586940261389
   906      6.894501303608      6.334176387223      0.904842136853      0.425747234136
   907      7.814646982736      5.942600176017      0.920145679128     -0.391576211206
   908      8.740802230287      6.319742665581      0.926155247551      0.377142489564
   909      7.801432838596      5.976835759914     -0.939369391691     -0.342906905667
   910      7.463069048332      5.035820379892     -0.338363790264     -0.941015380022
   911      8.181923771518      5.730980711725      0.718854723186      0.695160331833
   912      7.369705789116      6.314334762935     -0.812217982402      0.583354051210
   913      7.702026267138      7.257501291119      0.332320478022      0.943166528184
   914      8.435893295392      6.578208140232      0.733867028253     -0.679293150887
   915      8.090109496660      7.516522354413     -0.345783798732      0.938314214181
   916      8.944624335943      8.035949336234      0.854514839284      0.519426981821
   917      9.467030492452      8.888646121523      0.522406156509      0.852696785289
   918      9.706893860026      7.917839464719      0.239863367575     -0.970806656804
   919      8.776379968134      8.284096064653     -0.930513891892      0.366256599935
   920      8.380626527913      9.202452865986     -0.395753440221      0.918356801332
   921      7.697111219870      9.932389043792     -0.683515308043      0.729936177807
   922      8.652702607716      9.637694117683      0.955591387846     -0.294694926109
   923      8.378929698965      8.675899755860     -0.273772908751     -0.961794361823
   924      7.613940019483      8.031857218224     -0.764989679483     -0.644042537636
   925      8.559835750311      8.356327966368      0.945895730828      0.324470748144
   926      9.270918168134      7.653219301180      0.711082417823     -0.703108665188
   927      8.587378164409      6.923306249298     -0.683540003725     -0.729913051882
   928      8.872464427170      5.964804385562      0.285086262761     -0.958501863736
   929      7.910460666680      6.237840582433     -0.962003760491      0.273036196870
   930      8.702032617627      5.626764608045      0.791571950947     -0.611075974387
   931      8.160663981269      4.785979261141     -0.541368636358     -0.840785346904
   932      8.789733966532      5.563327930428      0.629069985263      0.777348669286
   933      8.985326362480      6.544013208510      0.195592395948      0.980685278082
   934      8.768219424524      5.567865382875     -0.217106937956     -0.976147825635
   935      9.736042006199      5.316231819138      0.967822581675     -0.251633563737
   936     10.436033672842      6.030382830221      0.699991666643      0.714151011083
   937     11.052827845408      6.817507311284      0.616794172566      0.787124481063
   938     11.224427470308      5.832340539243      0.171599624900     -0.985166772041
   939     10.664727770475      5.003645030623     -0.559699699833     -0.828695508620
   940      9.746487095677      5.399667836970     -0.918240674798      0.396022806347
   941      8.984456356675      4.752126986664     -0.762030739003     -0.647540850306
   942      9.413200370408      5.655553005046      0.428744013733      0.903426018381
   943     10.195493036434      5.032641948248      0.782292666026     -0.622911056798
   944     10.236307021985      6.031808710397      0.040813985551      0.999166762149
   945      9.373752009835      5.525845420211     -0.862555012150     -0.505963290186
   946      9.275900019667      6.521046398918     -0.097851990168      0.995200978707
   947      8.416751720093      6.009319714703     -0.859148299574     -0.511726684216
   948      9.255562179542      6.553743275102      0.838810459450      0.544423560399
   949      9.851914786704      7.356465872225      0.596352607161      0.802722597123
   950      9.628781218276      8.331253752044     -0.223133568427      0.974787879818
   951     10.535389287258      8.753227458875      0.906608068982      0.421973706831
   952     11.138138551279      9.551158110449      0.602749264021      0.797930651575
   953     12.050771879329      9.959937278867      0.912633328050      0.408779168417
   954     12.694690129354     10.725031578469      0.643918250025      0.765094299603
   955     11.723942238344     10.965132665718     -0.970747891011      0.240101087248
   956     12.049355642460     11.910704511968      0.325413404116      0.945571846250
   957     12.425616259313     12.837218380297      0.376260616853      0.926513868329
   958     11.940256221200     13.711532759341     -0.485360038113      0.874314379044
   959     11.575318516584     14.642564698508     -0.364937704616      0.931031939167
   960     11.028450175692     15.479783318541     -0.546868340892      0.837218620033
   961     11.224976670892     14.499284804170      0.196526495200     -0.980498514371
   962     12.059256567073     15.050625946139      0.834279896181      0.551341141969
   963     13.059063959657     15.070251891591      0.999807392584      0.019625945451
   964     13.560400540146     15.935504243834      0.501336580489      0.865252352244
   965     12.892936863093     15.190861886850     -0.667463677053     -0.744642356984
   966     13.810299893395     15.588913479783      0.917363030301      0.398051592933
   967     14.291072759769     14.712068310464      0.480772866375     -0.876845169319
   968     14.688108243835     15.629871570642      0.397035484066      0.917803260178
   969     14.796722363240     14.635787583714      0.108614119404     -0.994083986928
   970     14.163433563547     15.409703145119     -0.633288799692      0.773915561405
   971     13.172919240505     15.547112663886     -0.990514323042      0.137409518768
   972     13.592838440248     16.454674158049      0.419919199743      0.907561494163
   973     13.366239783104     17.428662375935     -0.226598657145      0.973988217886
   974     14.234239212695     17.925227568260      0.867999429591      0.496565192326
   975     13.286803677665     18.245174293455     -0.947435535030      0.319946725195
   976     12.821855616380     19.130512251699     -0.464948061285      0.885337958244
   977     13.142659935400     18.183366756594      0.320804319020     -0.947145495105
   978     12.485841975505     18.937415937721     -0.656817959895      0.754049181127
   979     11.487710327342     18.876315913692     -0.998131648163     -0.061100024029
   980     10.936223873036     18.042132066620     -0.551486454307     -0.834183847072
   981     10.485644739567     17.149395574432     -0.450579133468     -0.892736492187
   982     10.775247467360     18.106542511979      0.289602727793      0.957146937547
   983     11.481413294472     17.398496027191      0.706165827111     -0.708046484788
   984     10.586627072185     17.844990838367     -0.894786222286      0.446494811176
   985      9.845018370071     18.515823554436     -0.741608702114      0.670832716069
   986     10.641995726254     19.119832737919      0.796977356183      0.604009183483
   987      9.902623679707     19.793129831916     -0.739372046547      0.673297093997
   988      9.075698269887     19.230818204263     -0.826925409820     -0.562311627653
   989      9.787240611036     19.933461425786      0.711542341149      0.702643221523
   990      9.243207990330     20.772525492236     -0.544032620706      0.839064066450
   991     10.119360040610     20.290490654500      0.876152050280     -0.482034837736
   992      9.185607882701     19.932570401369     -0.933752157908     -0.357920253131
   993      8.286850915334     20.371017563076     -0.898756967367      0.438447161708
   994      7.940696959131     19.432839840784     -0.346153956203     -0.938177722292
   995      7.739157563821     20.412320250052     -0.201539395310      0.979480409267
   996      8.729867417580     20.276327655895      0.990709853759     -0.135992594157
   997      8.053823423827     21.013188917267     -0.676043993753      0.736861261372
   998      7.078713783867     20.791465688765     -0.975109639960     -0.221723228502
   999      6.705164381112     21.719075975308     -0.373549402755      0.927610286544
  1000      5.947037881751     22.371183490192     -0.758126499361      0.652107514883
