# File chua thong tin toa do tai lan chay thu 31
##########################################################################################
#  Step                   x                   y            delta_x            delta_y
     1      0.000000000000      0.000000000000      0.000000000000      0.000000000000
     2     -0.814734171415      0.579834657405     -0.814734171415      0.579834657405
     3     -0.248325420415     -0.244289803335      0.566408751000     -0.824124460740
     4     -1.070068974075     -0.814147269741     -0.821743553660     -0.569857466405
     5     -0.508010106217      0.012949960977      0.562058867859      0.827097230718
     6     -1.240813230105     -0.667490765037     -0.732803123889     -0.680440726015
     7     -0.379991698763     -1.176397722326      0.860821531342     -0.508906957289
     8     -0.366578144551     -0.176487688091      0.013413554212      0.999910034235
     9     -1.234727804103     -0.672790185183     -0.868149659552     -0.496302497092
    10     -1.229725565804     -1.672777673911      0.005002238299     -0.999987488728
    11     -0.677631172791     -0.838996059096      0.552094393013      0.833781614815
    12     -0.183927454687      0.030634114444      0.493703718104      0.869630173539
    13      0.018567034479      1.009917516661      0.202494489166      0.979283402217
    14      0.743878360437      0.321496511434      0.725311325958     -0.688421005226
    15      1.434212763853      1.044986947764      0.690334403416      0.723490436330
    16      1.843208553759      1.957523217640      0.408995789907      0.912536269876
    17      1.034083739543      2.545160040022     -0.809124814217      0.587636822382
    18      0.417385576214      3.332359744891     -0.616698163328      0.787199704870
    19      1.136892064653      2.637874026467      0.719506488438     -0.694485718424
    20      0.896818468711      3.608628716660     -0.240073595942      0.970754690193
    21      0.431216332933      2.723634563482     -0.465602135778     -0.884994153178
    22      1.050944844799      1.938818297353      0.619728511865     -0.784816266129
    23      2.050944192324      1.937675953393      0.999999347525     -0.001142343960
    24      2.301112359454      2.905878353800      0.250168167130      0.968202400407
    25      3.300049623952      2.859787773450      0.998937264498     -0.046090580350
    26      3.348473366941      1.860960890995      0.048423742989     -0.998826882455
    27      2.795994020044      1.027434303985     -0.552479346897     -0.833526587010
    28      3.770449438742      1.252015329385      0.974455418698      0.224581025401
    29      3.865754350537      0.256567202265      0.095304911795     -0.995448127121
    30      4.621943768543      0.910919984864      0.756189418007      0.654352782599
    31      4.296059115474     -0.034489552265     -0.325884653069     -0.945409537129
    32      3.446719715064     -0.562336673040     -0.849339400411     -0.527847120775
    33      4.349481628434     -0.992477263740      0.902761913370     -0.430140590701
    34      4.896611366097     -0.155429445415      0.547129737664      0.837047818326
    35      3.909281188310      0.003249853901     -0.987330177787      0.158679299316
    36      4.820404950543     -0.408883000764      0.911123762233     -0.412132854666
    37      3.928305121484     -0.860721351276     -0.892099829059     -0.451838350511
    38      4.627029174292     -1.576112641429      0.698724052808     -0.715391290153
    39      3.908824259046     -2.271944301902     -0.718204915246     -0.695831660473
    40      3.274636235184     -1.498765441359     -0.634188023862      0.773178860543
    41      4.001271376887     -2.185789000521      0.726635141702     -0.687023559162
    42      4.299528046747     -3.140274704387      0.298256669860     -0.954485703866
    43      3.336009201690     -3.407915200613     -0.963518845057     -0.267640496226
    44      3.688480014242     -2.472092393507      0.352470812552      0.935822807106
    45      4.609911747808     -2.860632687914      0.921431733566     -0.388540294407
    46      5.426148414544     -2.282915019952      0.816236666736      0.577717667962
    47      6.293491276403     -1.785203898937      0.867342861859      0.497711121015
    48      7.174691568115     -2.257947006648      0.881200291712     -0.472743107710
    49      7.730175532858     -1.426419758198      0.555483964743      0.831527248449
    50      8.406103675583     -0.689452224400      0.675928142725      0.736967533798
    51      7.783878984426      0.093386477834     -0.622224691157      0.782838702234
    52      7.515938962636     -0.870049116653     -0.267940021790     -0.963435594486
    53      6.887868190912     -1.648205338568     -0.628070771724     -0.778156221915
    54      6.167381148956     -0.954736938154     -0.720487041956      0.693468400414
    55      6.122215562620     -1.953716452364     -0.045165586336     -0.998979514210
    56      6.890077757183     -1.313101396218      0.767862194563      0.640615056146
    57      7.825194807697     -0.958762431612      0.935117050514      0.354338964606
    58      6.871622558471     -1.259926781272     -0.953572249226     -0.301164349660
    59      7.652285992541     -0.634975100974      0.780663434069      0.624951680298
    60      8.244000566634     -1.441122645041      0.591714574094     -0.806147544067
    61      7.376307621773     -0.944022098433     -0.867692944861      0.497100546609
    62      6.377234072609     -0.987057471790     -0.999073549164     -0.043035373357
    63      5.377913536457     -1.023914845878     -0.999320536152     -0.036857374088
    64      6.159395110539     -1.647843166576      0.781481574083     -0.623928320698
    65      6.688694309453     -0.799407925659      0.529299198913      0.848435240917
    66      5.904293757122     -0.179153321885     -0.784400552331      0.620254603774
    67      5.288954742782     -0.967415903409     -0.615339014340     -0.788262581524
    68      6.266018208088     -1.180364218180      0.977063465306     -0.212948314771
    69      7.225645985202     -1.461637269487      0.959627777114     -0.281273051307
    70      6.226497557379     -1.420376886811     -0.999148427823      0.041260382676
    71      7.051274620132     -1.985834928363      0.824777062754     -0.565458041552
    72      6.061626630113     -2.129350975729     -0.989647990019     -0.143516047367
    73      5.463433970395     -1.327998655050     -0.598192659719      0.801352320680
    74      4.778749851102     -2.056838594123     -0.684684119293     -0.728839939073
    75      4.910323405583     -3.048145004756      0.131573554482     -0.991306410633
    76      4.284814885955     -3.828362341062     -0.625508519628     -0.780217336306
    77      4.837019802325     -2.994653920607      0.552204916370      0.833708420455
    78      5.435019158562     -2.193157339242      0.597999356238      0.801496581365
    79      6.012068014524     -3.009866968078      0.577048855961     -0.816709628836
    80      6.071241994670     -2.011619283346      0.059173980146      0.998247684732
    81      6.613122139578     -2.852075057646      0.541880144908     -0.840455774300
    82      6.584606318558     -3.851668398936     -0.028515821020     -0.999593341290
    83      5.820388576091     -4.496626724798     -0.764217742467     -0.644958325862
    84      5.106717118480     -3.796146139349     -0.713671457611      0.700480585449
    85      5.876702930843     -4.434207146432      0.769985812363     -0.638061007083
    86      6.747634803607     -4.925610924402      0.870931872764     -0.491403777970
    87      7.637358420582     -4.469111323749      0.889723616975      0.456499600654
    88      8.506677049757     -4.963363406161      0.869318629175     -0.494252082413
    89      9.494622942631     -5.118162995160      0.987945892874     -0.154799588999
    90     10.223080763617     -5.803253648318      0.728457820986     -0.685090653158
    91      9.548641383619     -5.064923422263     -0.674439379998      0.738330226056
    92      8.549192541967     -5.098120002228     -0.999448841652     -0.033196579965
    93      7.999580744490     -4.262699825267     -0.549611797477      0.835420176961
    94      8.759358772514     -3.612517275415      0.759778028024      0.650182549852
    95      7.933864701745     -4.176928064756     -0.825494070769     -0.564410789341
    96      8.889020654932     -4.473031264825      0.955155953187     -0.296103200069
    97      7.975806748833     -4.065550760129     -0.913213906099      0.407480504697
    98      8.764460003088     -3.450712533802      0.788653254255      0.614838226327
    99      9.593558759738     -4.009814717417      0.829098756649     -0.559102183615
   100      9.852752056694     -3.043989249326      0.259193296956      0.965825468091
   101     10.810721563644     -2.757119202520      0.957969506950      0.286870046806
   102      9.811223514800     -2.788799643780     -0.999498048843     -0.031680441260
   103     10.461685312885     -3.548338615283      0.650461798085     -0.759538971503
   104      9.609131270364     -4.070977692065     -0.852554042522     -0.522639076782
   105      8.908081906294     -3.357864945624     -0.701049364070      0.713112746442
   106      8.163786999100     -4.025716045140     -0.744294907194     -0.667851099516
   107      9.141771881171     -4.234391799458      0.977984882071     -0.208675754318
   108      9.377230056942     -3.262507316886      0.235458175771      0.971884482571
   109      9.499565969605     -4.254996069706      0.122335912663     -0.992488752819
   110     10.178290058364     -3.520602706896      0.678724088758      0.734393362810
   111     10.604438835528     -4.425255800475      0.426148777164     -0.904653093579
   112     11.287245607994     -3.694656791802      0.682806772467      0.730599008673
   113     11.791920756811     -2.831347464755      0.504675148817      0.863309327047
   114     10.957803180019     -3.382934147051     -0.834117576792     -0.551586682296
   115     10.314749012983     -4.148754842943     -0.643054167037     -0.765820695892
   116      9.785626883309     -4.997300523440     -0.529122129673     -0.848545680497
   117      8.911226498996     -4.512095445238     -0.874400384313      0.485205078202
   118      9.670125915583     -3.860887586329      0.758899416586      0.651207858909
   119     10.249364925513     -4.676045343683      0.579239009931     -0.815157757354
   120     10.831962327204     -3.863284451696      0.582597401690      0.812760891987
   121     11.818244466383     -3.698216156933      0.986282139179      0.165068294763
   122     11.600903037316     -2.722120514482     -0.217341429067      0.976095642451
   123     12.597104843240     -2.809194976141      0.996201805924     -0.087074461659
   124     11.733904853595     -3.314057113636     -0.863199989645     -0.504862137495
   125     10.756411034442     -3.525021171046     -0.977493819152     -0.210964057410
   126     10.885805350643     -4.516614389526      0.129394316201     -0.991593218480
   127     11.870460234393     -4.342101467631      0.984654883749      0.174512921895
   128     11.038856215728     -3.786732440639     -0.831604018664      0.555369026991
   129     10.311947832599     -4.473466888979     -0.726908383129     -0.686734448340
   130     11.170023840213     -3.959944187283      0.858076007614      0.513522701696
   131     11.837393459225     -3.215217531643      0.667369619012      0.744726655640
   132     12.627365305607     -3.828360648643      0.789971846382     -0.613143116999
   133     12.568161955718     -2.830114705319     -0.059203349889      0.998245943324
   134     13.216295305353     -2.068587843619      0.648133349635      0.761526861700
   135     12.309902603627     -2.491023957437     -0.906392701726     -0.422436113818
   136     11.351262140507     -2.206404101366     -0.958640463120      0.284619856071
   137     11.981156343604     -1.429723154706      0.629894203097      0.776680946660
   138     12.567252031728     -0.619481311573      0.586095688124      0.810241843132
   139     13.338086557331      0.017554114551      0.770834525603      0.637035426125
   140     14.255257384673     -0.380940143215      0.917170827342     -0.398494257767
   141     15.034241089137      0.246104024431      0.778983704464      0.627044167646
   142     14.408658286282      1.026261801276     -0.625582802856      0.780157776845
   143     15.135761673573      1.712789778993      0.727103387292      0.686527977717
   144     15.617392966252      0.836415830320      0.481631292679     -0.876373948673
   145     15.792413526480     -0.148148948401      0.175020560227     -0.984564778721
   146     15.277439491840      0.709056828322     -0.514974034640      0.857205776723
   147     15.321776730975     -0.289959792774      0.044337239135     -0.999016621096
   148     14.804257649180      0.565711873216     -0.517519081795      0.855671665990
   149     13.966893899797      0.019065780009     -0.837363749383     -0.546646093208
   150     13.265435942417     -0.693645054783     -0.701457957380     -0.712710834791
   151     14.016633675726     -1.353722296833      0.751197733308     -0.660077242050
   152     13.233382638961     -0.732016728732     -0.783251036765      0.621705568100
   153     12.884152302398     -1.669053639438     -0.349230336563     -0.937036910705
   154     13.649334097963     -2.312867913694      0.765181795565     -0.643814274256
   155     13.260379667529     -3.234124908808     -0.388954430434     -0.921256995114
   156     14.240987996182     -3.038147089201      0.980608328652      0.195977819607
   157     14.889452886256     -2.276902525121      0.648464890075      0.761244564079
   158     15.834220677006     -2.604643004100      0.944767790750     -0.327740478979
   159     14.964466984976     -2.111156920000     -0.869753692030      0.493486084100
   160     15.655370484679     -1.388209927408      0.690903499703      0.722946992592
   161     16.655312078057     -1.399017787152      0.999941593378     -0.010807859744
   162     15.967582191427     -0.673051119160     -0.687729886630      0.725966667992
   163     16.847044224667     -1.149020164466      0.879462033240     -0.475969045306
   164     17.063068410796     -2.125408176994      0.216024186128     -0.976388012528
   165     17.935527021890     -2.614096187822      0.872458611095     -0.488688010828
   166     18.752157931307     -2.036935934699      0.816630909417      0.577160253123
   167     17.760462411011     -1.908328022719     -0.991695520297      0.128607911980
   168     16.893222234738     -2.406218047382     -0.867240176272     -0.497890024663
   169     17.276278806495     -3.329942932201      0.383056571757     -0.923724884819
   170     16.323204041569     -3.632677952409     -0.953074764927     -0.302735020207
   171     17.167826104326     -4.168040979806      0.844622062757     -0.535363027397
   172     18.099613829847     -4.531044608671      0.931787725521     -0.363003628865
   173     17.196611299754     -4.101409378916     -0.903002530093      0.429635229754
   174     16.519113255507     -3.365884804180     -0.677498044247      0.735524574736
   175     16.284250493239     -2.393856264013     -0.234862762268      0.972028540167
   176     15.367704274348     -2.793785043467     -0.916546218891     -0.399928779454
   177     16.352783269217     -2.965887843756      0.985078994869     -0.172102800290
   178     16.837065612724     -3.840799617461      0.484282343507     -0.874911773705
   179     17.756794118744     -3.448244557357      0.919728506020      0.392555060105
   180     16.846100546786     -3.861327137472     -0.910693571958     -0.413082580116
   181     17.522610506031     -4.597760620580      0.676509959245     -0.736433483108
   182     16.887595302445     -5.370260258907     -0.635015203586     -0.772499638327
   183     17.570382457253     -4.639642916361      0.682787154808      0.730617342546
   184     17.091939753261     -5.517761689077     -0.478442703992     -0.878118772716
   185     17.987304634170     -5.963094968808      0.895364880909     -0.445333279730
   186     17.268774704016     -5.267598930377     -0.718529930154      0.695496038431
   187     18.225355314902     -4.976131033557      0.956580610886      0.291467896820
   188     18.474935563359     -5.944485152452      0.249580248457     -0.968354118895
   189     19.263245812364     -6.559763098842      0.788310249005     -0.615277946390
   190     18.364056230490     -6.997322347229     -0.899189581874     -0.437559248387
   191     17.849655705133     -7.854872403792     -0.514400525357     -0.857550056564
   192     16.881990023963     -7.602636146516     -0.967665681170      0.252236257277
   193     17.483060553767     -6.803440164168      0.601070529804      0.799195982348
   194     18.052998600892     -5.981752496962      0.569938047125      0.821687667207
   195     18.695356747538     -5.215347896611      0.642358146646      0.766404600350
   196     19.418801984594     -5.905729667069      0.723445237056     -0.690381770458
   197     19.387531698781     -4.906218702034     -0.031270285812      0.999510965035
   198     20.109091578906     -4.213866667738      0.721559880124      0.692352034297
   199     19.156292198169     -4.517467293671     -0.952799380737     -0.303600625934
   200     19.711096576316     -5.349448123972      0.554804378147     -0.831980830301
   201     19.009963771412     -6.062478831507     -0.701132804904     -0.713030707535
   202     19.986832519425     -6.276318606005      0.976868748012     -0.213839774497
   203     20.677973515032     -5.553598657345      0.691140995608      0.722719948660
   204     19.878358833637     -6.154112072098     -0.799614681395     -0.600513414752
   205     19.269035900644     -5.361189904840     -0.609322932993      0.792922167258
   206     19.928485186901     -6.112938957952      0.659449286257     -0.751749053113
   207     20.115811333731     -5.130641185017      0.187326146830      0.982297772935
   208     19.177228019976     -4.785588488837     -0.938583313755      0.345052696180
   209     18.526980485858     -5.545310901547     -0.650247534117     -0.759722412710
   210     18.831305743063     -4.592742721401      0.304325257204      0.952568180146
   211     19.632625831457     -5.190978557786      0.801320088394     -0.598235836385
   212     20.547165231515     -4.786481727462      0.914539400058      0.404496830324
   213     19.563514365398     -4.966567744653     -0.983650866117     -0.180086017191
   214     18.563889058401     -4.939195393426     -0.999625306997      0.027372351227
   215     18.281013487277     -5.898352007990     -0.282875571124     -0.959156614564
   216     19.280981209146     -5.906386634328      0.999967721869     -0.008034626339
   217     20.013099663371     -6.587563974662      0.732118454224     -0.681177340334
   218     19.068418001048     -6.915552628234     -0.944681662322     -0.327988653572
   219     18.243636474113     -6.350101098193     -0.824781526935      0.565451530041
   220     17.653423108769     -5.542853810573     -0.590213365344      0.807247287620
   221     17.562521467218     -4.546993935107     -0.090901641551      0.995859875466
   222     18.537977612191     -4.326800135841      0.975456144973      0.220193799266
   223     18.451136838779     -5.323022340007     -0.086840773412     -0.996222204166
   224     19.097375672381     -6.086157563899      0.646238833602     -0.763135223892
   225     20.093652551773     -6.172368813680      0.996276879392     -0.086211249780
   226     20.977013284106     -5.703675079379      0.883360732333      0.468693734300
   227     21.287199596649     -6.654350866128      0.310186312543     -0.950675786749
   228     20.661093877206     -7.434089045315     -0.626105719442     -0.779738179187
   229     21.378579349019     -6.737515576299      0.717485471813      0.696573469016
   230     20.637336624655     -7.408752660776     -0.741242724364     -0.671237084477
   231     19.871073968132     -6.766225197380     -0.766262656523      0.642527463396
   232     19.096099761554     -6.134232334177     -0.774974206578      0.631992863203
   233     18.366511278621     -6.818118761569     -0.729588482934     -0.683886427392
   234     17.372714567738     -6.706906813293     -0.993796710882      0.111211948276
   235     17.308525722774     -7.704844582987     -0.064188844964     -0.997937769694
   236     17.904985202158     -8.507487772364      0.596459479384     -0.802643189377
   237     16.996353653109     -8.089889031856     -0.908631549049      0.417598740508
   238     17.241410866463     -9.059397650788      0.245057213355     -0.969508618932
   239     16.432014709993     -8.472134624632     -0.809396156471      0.587263026156
   240     16.909768005378     -9.350628670569      0.477753295385     -0.878494045938
   241     16.308013775550     -8.551947353094     -0.601754229828      0.798681317475
   242     16.623894769253     -9.500746171505      0.315880993703     -0.948798818410
   243     16.068512579734     -8.669150943304     -0.555382189519      0.831595228200
   244     17.055052945264     -8.505633032415      0.986540365529      0.163517910889
   245     17.886340673240     -9.061475378154      0.831287727976     -0.555842345739
   246     17.417212469622     -8.178345303606     -0.469128203617      0.883130074548
   247     16.467420086377     -8.491226157493     -0.949792383246     -0.312880853886
   248     17.079052370414     -7.700083977399      0.611632284037      0.791142180094
   249     16.965019418602     -6.706607009422     -0.114032951812      0.993476967977
   250     17.962659046156     -6.775274130625      0.997639627554     -0.068667121204
   251     18.545994996449     -7.587505113226      0.583335950293     -0.812230982600
   252     19.471259407171     -7.208182334775      0.925264410722      0.379322778450
   253     18.699310173870     -7.843866518318     -0.771949233300     -0.635684183543
   254     19.197897429877     -6.977027001368      0.498587256007      0.866839516951
   255     20.092226645475     -7.424436494035      0.894329215598     -0.447409492667
   256     20.810855729645     -8.119830079988      0.718629084170     -0.695393585953
   257     20.548349940425     -9.084760497492     -0.262505789220     -0.964930417505
   258     20.009159731810     -9.926944514756     -0.539190208614     -0.842184017264
   259     19.127700012935     -9.454685302035     -0.881459718875      0.472259212721
   260     19.766917061995    -10.223711676219      0.639217049060     -0.769026374184
   261     19.187560654201     -9.408637352769     -0.579356407795      0.815074323450
   262     18.703746780822     -8.533466434647     -0.483813873379      0.875170918122
   263     19.650988889861     -8.853985368352      0.947242109039     -0.320518933705
   264     20.447668667903     -9.458386999106      0.796679778043     -0.604401630754
   265     19.815528890892     -8.683532624194     -0.632139777011      0.774854374912
   266     20.433139003511     -9.470017047937      0.617610112619     -0.786484423743
   267     20.130365580746     -8.516954482065     -0.302773422765      0.953062565872
   268     19.348345071772     -9.140207178445     -0.782020508974     -0.623252696380
   269     19.652523645828     -8.187592148601      0.304178574056      0.952615029844
   270     19.366673856933     -7.229317710776     -0.285849788895      0.958274437825
   271     19.498623922501     -6.238061346258      0.131950065568      0.991256364518
   272     20.214270215875     -6.936524217698      0.715646293374     -0.698462871440
   273     19.215910243333     -6.993772494764     -0.998359972541     -0.057248277066
   274     18.760716253918     -6.103380203692     -0.455193989415      0.890392291072
   275     19.392893512282     -6.878203999150      0.632177258364     -0.774823795458
   276     18.686271010726     -7.585794728523     -0.706622501556     -0.707590729373
   277     19.083172866875     -6.667933673360      0.396901856149      0.917861055163
   278     18.770444996562     -5.718090907882     -0.312727870313      0.949842765477
   279     17.995339631327     -6.349922905160     -0.775105365235     -0.631831997277
   280     16.995585015126     -6.372074821220     -0.999754616201     -0.022151916060
   281     17.801847298315     -5.780516598635      0.806262283189      0.591558222584
   282     16.940567870726     -6.288648222935     -0.861279427588     -0.508131624300
   283     17.876861462004     -6.639866546677      0.936293591278     -0.351218323743
   284     17.335335278991     -7.480550430852     -0.541526183013     -0.840683884175
   285     18.315411183625     -7.281927116119      0.980075904634      0.198623314733
   286     17.339359601727     -7.499466329767     -0.976051581898     -0.217539213648
   287     18.112516545242     -6.865251586408      0.773156943515      0.634214743359
   288     17.131776611343     -7.060569742386     -0.980739933900     -0.195318155978
   289     17.009079911838     -6.068125527364     -0.122696699505      0.992444215022
   290     16.065933917747     -6.400504277935     -0.943145994090     -0.332378750571
   291     15.482850113798     -7.212916290138     -0.583083803949     -0.812412012203
   292     16.101307438612     -7.998734677161      0.618457324815     -0.785818387023
   293     15.199824272501     -7.565920512401     -0.901483166112      0.432814164760
   294     16.139260235501     -7.908644995655      0.939435963000     -0.342724483254
   295     16.801034732963     -8.658347946502      0.661774497462     -0.749702950847
   296     17.539360904964     -7.983904128429      0.738326172002      0.674443818073
   297     18.421973690923     -7.513803426384      0.882612785958      0.470100702045
   298     19.306568032149     -7.047442137821      0.884594341227      0.466361288563
   299     18.869343579754     -6.148089716227     -0.437224452395      0.899352421594
   300     19.857229207637     -5.992905998580      0.987885627883      0.155183717647
   301     19.828491054035     -4.993319024611     -0.028738153602      0.999586973969
   302     20.041029538589     -4.016166327954      0.212538484554      0.977152696657
   303     20.532268759163     -3.145141627863      0.491239220575      0.871024700091
   304     20.681537138335     -4.133938346597      0.149268379172     -0.988796718734
   305     19.855360128751     -3.570527706980     -0.826177009585      0.563410639617
   306     20.079606393442     -2.595995197121      0.224246264691      0.974532509859
   307     19.086987700131     -2.474718118948     -0.992618693311      0.121277078173
   308     19.776229331374     -1.750186564245      0.689241631243      0.724531554703
   309     19.006237856947     -2.388240738519     -0.769991474427     -0.638054174275
   310     18.832558121015     -3.373042926437     -0.173679735931     -0.984802187917
   311     17.836066824899     -3.289346470335     -0.996491296117      0.083696456102
   312     18.700113097068     -2.785934075225      0.864046272169      0.503412395110
   313     19.272921638961     -3.605623268965      0.572808541893     -0.819689193740
   314     19.432824197302     -2.618490465419      0.159902558341      0.987132803546
   315     20.285026489345     -2.095278029179      0.852202292043      0.523212436241
   316     20.102899604606     -3.078553065908     -0.182126884739     -0.983275036729
   317     21.064743089550     -2.804952790926      0.961843484944      0.273600274982
   318     20.370035767212     -3.524245315766     -0.694707322338     -0.719292524840
   319     19.540390425867     -4.082536107006     -0.829645341346     -0.558290791240
   320     18.550468476388     -4.224150138584     -0.989921949479     -0.141614031577
   321     18.885226631148     -5.166454217860      0.334758154760     -0.942304079277
   322     18.153592772365     -5.848152022377     -0.731633858783     -0.681697804517
   323     18.352391218528     -6.828192418383      0.198798446162     -0.980040396006
   324     19.004044676316     -6.069675595265      0.651653457789      0.758516823117
   325     18.384827165198     -5.284456088424     -0.619217511119      0.785219506841
   326     19.214894701935     -5.842118965487      0.830067536738     -0.557662877063
   327     19.896857851220     -6.573505500103      0.681963149284     -0.731386534616
   328     20.611733446132     -5.874253840257      0.714875594913      0.699251659847
   329     21.573113977109     -5.599031249142      0.961380530976      0.275222591114
   330     22.397211396342     -6.165479343510      0.824097419234     -0.566448094367
   331     22.750355442078     -7.101048305672      0.353144045736     -0.935568962162
   332     21.846431058824     -7.528740612545     -0.903924383254     -0.427692306873
   333     22.785417008659     -7.872696112592      0.938985949835     -0.343955500047
   334     23.665083040264     -7.397104194199      0.879666031605      0.475591918393
   335     24.454394720803     -8.011096922955      0.789311680539     -0.613992728755
   336     25.289917629489     -7.461641311408      0.835522908686      0.549455611547
   337     24.925659682162     -8.392939409660     -0.364257947327     -0.931298098253
   338     24.215802149513     -7.688594122644     -0.709857532649      0.704345287016
   339     24.881374971490     -6.942261208560      0.665572821977      0.746332914084
   340     25.615628198282     -7.621136895962      0.734253226792     -0.678875687402
   341     25.837689167195     -8.596169678019      0.222060968913     -0.975032782057
   342     25.370620626456     -9.480390791910     -0.467068540739     -0.884221113892
   343     25.743662723404     -8.552576374096      0.373042096948      0.927814417815
   344     26.398921218521     -9.307981103084      0.655258495117     -0.755404728988
   345     25.704902174767     -8.588024460704     -0.694019043754      0.719956642380
   346     25.873663082594     -9.573681478124      0.168760907827     -0.985657017420
   347     26.782552465498     -9.990718754210      0.908889382903     -0.417037276086
   348     25.929632521624     -9.468677022791     -0.852919943873      0.522041731419
   349     25.952032608726     -8.468927936221      0.022400087102      0.999749086570
   350     26.256986597664     -9.421295021242      0.304953988938     -0.952367085021
   351     25.928560734345     -8.476765269300     -0.328425863319      0.944529751942
   352     25.542295618628     -7.554377465618     -0.386265115717      0.922387803682
   353     26.506476407275     -7.289131529167      0.964180788647      0.265245936451
   354     25.539786088787     -7.545080407149     -0.966690318489     -0.255948877982
   355     25.297383384959     -6.574904686376     -0.242402703828      0.970175720773
   356     25.852854858071     -7.406440279456      0.555471473112     -0.831535593080
   357     26.843111583735     -7.545694066755      0.990256725664     -0.139253787299
   358     25.885941908877     -7.256166497201     -0.957169674858      0.289527569555
   359     26.050248663504     -6.269757205687      0.164306754627      0.986409291513
   360     25.424830707219     -7.050047138953     -0.625417956285     -0.780289933266
   361     24.550636976484     -6.564469831879     -0.874193730734      0.485577307074
   362     24.210677762427     -5.624029651550     -0.339959214057      0.940440180329
   363     23.419076966463     -6.235068259028     -0.791600795964     -0.611038607479
   364     24.294617582143     -6.718212782225      0.875540615680     -0.483144523196
   365     25.239639319003     -6.391205264172      0.945021736859      0.327007518053
   366     24.583324281963     -5.636718304605     -0.656315037039      0.754486959567
   367     24.242530932956     -6.576856535544     -0.340793349007     -0.940138230939
   368     25.136682690737     -6.129092497174      0.894151757781      0.447764038370
   369     24.136911939686     -6.107681160400     -0.999770751051      0.021411336774
   370     23.137101765362     -6.127164879742     -0.999810174323     -0.019483719342
   371     23.056693471141     -5.130402868918     -0.080408294221      0.996762010823
   372     24.035810785660     -5.333698920060      0.979117314519     -0.203296051142
   373     23.053263082190     -5.147688139712     -0.982547703470      0.186010780348
   374     23.859057738854     -4.555493094738      0.805794656664      0.592195044974
   375     24.801875138405     -4.888802787222      0.942817399551     -0.333309692484
   376     24.099054062972     -4.177436119513     -0.702821075433      0.711366667709
   377     24.647456810900     -5.013650461691      0.548402747928     -0.836214342178
   378     24.023684985863     -4.232043968442     -0.623771825037      0.781606493250
   379     23.983935287517     -3.232834300013     -0.039749698346      0.999209668429
   380     24.828198520610     -2.696905579708      0.844263233093      0.535928720305
   381     24.560744403961     -1.733334982664     -0.267454116648      0.963570597044
   382     23.710830570698     -1.206413284470     -0.849913833263      0.526921698194
   383     24.432653346526     -0.514335340668      0.721822775828      0.692077943801
   384     25.138454881284     -1.222744963367      0.705801534759     -0.708409622699
   385     25.690866036003     -2.056316745604      0.552411154719     -0.833571782237
   386     26.171280014326     -2.933358597189      0.480413978323     -0.877041851585
   387     25.189684048438     -2.742389071477     -0.981595965889      0.190969525712
   388     24.239361185973     -3.053654965975     -0.950322862464     -0.311265894498
   389     25.041007812260     -2.455856767113      0.801646626287      0.597798198862
   390     25.949261905004     -2.037437715189      0.908254092744      0.418419051924
   391     25.447303557454     -1.172545920035     -0.501958347550      0.864891795154
   392     26.254325287487     -1.763067661594      0.807021730033     -0.590521741559
   393     27.215105476148     -2.040378730751      0.960780188661     -0.277311069157
   394     26.706890894200     -2.901609210178     -0.508214581948     -0.861230479428
   395     27.504765197241     -2.298785358173      0.797874303041      0.602823852005
   396     28.046510600141     -3.139327991498      0.541745402900     -0.840542633325
   397     27.306678731715     -3.812119791731     -0.739831868426     -0.672791800233
   398     27.673167426545     -2.881697287402      0.366488694830      0.930422504329
   399     28.532085687850     -3.393809990229      0.858918261305     -0.512112702827
   400     27.793412384754     -2.719746379511     -0.738673303096      0.674063610718
   401     27.352953981184     -3.617519399112     -0.440458403570     -0.897773019601
   402     27.997397000372     -4.382171735158      0.644443019188     -0.764652336045
   403     27.142407709993     -4.900817388121     -0.854989290379     -0.518645652963
   404     27.453581108885     -5.851170541334      0.311173398892     -0.950353153213
   405     28.081032640579     -5.072514920809      0.627451531693      0.778655620525
   406     27.135714675848     -4.746364732156     -0.945317964730      0.326150188652
   407     27.424345784146     -3.788924351076      0.288631108298      0.957440381080
   408     26.792244315647     -3.014038724986     -0.632101468499      0.774885626090
   409     25.833080752022     -2.731186717369     -0.959163563626      0.282852007616
   410     26.814977207929     -2.920605169155      0.981896455907     -0.189418451785
   411     25.857118195407     -3.207843941137     -0.957859012522     -0.287238771983
   412     24.860270478174     -3.128505245353     -0.996847717232      0.079338695784
   413     25.235840627993     -2.201711275495      0.375570149818      0.926793969858
   414     26.063428894765     -1.640375671154      0.827588266772      0.561335604341
   415     26.352712126696     -0.683132122351      0.289283231931      0.957243548802
   416     26.432379155889     -1.679953653248      0.079667029193     -0.996821530897
   417     25.608034954909     -2.246042549369     -0.824344200980     -0.566088896121
   418     24.706037522664     -1.814301154292     -0.901997432245      0.431741395077
   419     25.705151451797     -1.856388641894      0.999113929133     -0.042087487602
   420     24.986364717691     -1.161158010468     -0.718786734106      0.695230631426
   421     25.397373965536     -0.249526836042      0.411009247845      0.911631174426
   422     24.963441062317     -1.150472026109     -0.433932903219     -0.900945190067
   423     24.021611143525     -1.486561901096     -0.941829918792     -0.336089874987
   424     24.557797438140     -2.330661573804      0.536186294615     -0.844099672709
   425     24.341875874112     -1.354250861969     -0.215921564028      0.976410711836
   426     25.174027174982     -1.908799518500      0.832151300870     -0.554548656531
   427     25.952785432868     -1.281475379179      0.778758257886      0.627324139320
   428     26.896068505039     -0.949485852602      0.943283072170      0.331989526577
   429     27.751880566856     -1.466772731275      0.855812061818     -0.517286878673
   430     27.207242074075     -0.628101811199     -0.544638492781      0.838670920076
   431     27.974447774475      0.013299321691      0.767205700400      0.641401132891
   432     28.403887718813     -0.889796096416      0.429439944338     -0.903095418108
   433     29.281797197707     -1.368622731921      0.877909478894     -0.478826635505
   434     30.066589325089     -0.748863652279      0.784792127382      0.619759079642
   435     29.068674193219     -0.684323822831     -0.997915131870      0.064539829447
   436     29.836181248741     -1.325364320557      0.767507055522     -0.641040497725
   437     30.317013259110     -2.202177058720      0.480832010368     -0.876812738163
   438     30.695244743038     -3.127888106815      0.378231483929     -0.925711048095
   439     29.940615643219     -2.471736507178     -0.754629099819      0.656151599637
   440     30.627228182397     -1.744712971766      0.686612539179      0.727023535412
   441     31.187637305928     -0.916497049278      0.560409123531      0.828215922488
   442     30.237184916050     -0.605626892179     -0.950452389878      0.310870157099
   443     30.071548770085      0.380560040988     -0.165636145965      0.986186933167
   444     29.118572538900      0.683605091758     -0.952976231185      0.303045050770
   445     28.221928810303      1.126357871497     -0.896643728597      0.442752779739
   446     29.119783436314      0.686065842783      0.897854626012     -0.440292028714
   447     29.920804963837      1.284701385034      0.801021527522      0.598635542251
   448     30.053285367256      2.275887009783      0.132480403420      0.991185624749
   449     29.293233989194      1.626024022143     -0.760051378063     -0.649862987641
   450     29.957818927509      2.373236749392      0.664584938316      0.747212727250
   451     29.826898570742      3.364629638304     -0.130920356767      0.991392888911
   452     28.828813242001      3.302777584567     -0.998085328741     -0.061852053737
   453     29.319900964184      4.173887709132      0.491087722183      0.871110124566
   454     28.355116925927      4.436930974631     -0.964784038257      0.263043265499
   455     27.399077725823      4.143692082491     -0.956039200104     -0.293238892140
   456     26.540258855986      3.631412716508     -0.858818869837     -0.512279365983
   457     27.161486503317      2.847782567655      0.621227647331     -0.783630148853
   458     28.119664090580      3.133956834957      0.958177587264      0.286174267302
   459     28.713676902270      2.329501255357      0.594012811689     -0.804455579600
   460     28.478616688015      1.357520445014     -0.235060214255     -0.971980810343
   461     27.753486075965      0.668909092022     -0.725130612049     -0.688611352992
   462     27.578143308766      1.653416539425     -0.175342767199      0.984507447402
   463     27.718899912740      2.643460769971      0.140756603974      0.990044230546
   464     27.120400623456      3.444584106747     -0.598499289283      0.801123336776
   465     26.893845787946      4.418582518710     -0.226554835511      0.973998411963
   466     26.271979751123      3.635458880805     -0.621866036823     -0.783123637905
   467     26.690575696787      2.727286301240      0.418595945664     -0.908172579565
   468     25.767148521315      3.111059999661     -0.923427175472      0.383773698421
   469     24.950224028395      3.687804633679     -0.816924492920      0.576744634017
   470     24.739517657396      4.665354031520     -0.210706370999      0.977549397842
   471     23.882026439931      4.150855429025     -0.857491217465     -0.514498602496
   472     24.698452426861      3.573405337791      0.816425986930     -0.577450091234
   473     25.670292935032      3.337765725932      0.971840508172     -0.235639611859
   474     26.564609576779      3.785200351654      0.894316641747      0.447434625722
   475     27.441923754758      4.265116837220      0.877314177979      0.479916485565
   476     26.466038466216      4.046832839621     -0.975885288542     -0.218283997598
   477     26.774788480623      3.095689617702      0.308750014407     -0.951143221920
   478     27.345309805229      3.916972405887      0.570521324606      0.821282788186
   479     28.168002348161      4.485458975476      0.822692542933      0.568486569589
   480     27.287483081875      4.011448615147     -0.880519266286     -0.474010360329
   481     28.012884602431      3.323122650233      0.725401520556     -0.688325964914
   482     27.209256788430      2.727990449320     -0.803627814001     -0.595132200913
   483     27.964815139408      3.383071801724      0.755558350978      0.655081352404
   484     28.635548739435      4.124770148625      0.670733600027      0.741698346901
   485     29.436946560004      4.722901850834      0.801397820569      0.598131702209
   486     30.018299840395      3.909250596685      0.581353280391     -0.813651254149
   487     29.597702607932      3.002003128766     -0.420597232462     -0.907247467919
   488     29.913962254506      3.950675799369      0.316259646574      0.948672670603
   489     30.712952380406      4.552019942696      0.798990125900      0.601344143327
   490     31.492823516242      3.926079840537      0.779871135836     -0.625940102159
   491     32.251346314682      4.577726343057      0.758522798441      0.651646502520
   492     33.056725093339      5.170486853625      0.805378778657      0.592760510569
   493     33.204463315872      4.181460353676      0.147738222533     -0.989026499950
   494     33.250877129766      3.182538055456      0.046413813894     -0.998922298219
   495     33.961236191577      3.886377528136      0.710359061811      0.703839472680
   496     33.801999842356      4.873618018132     -0.159236349221      0.987240489996
   497     34.496291324120      5.593311938039      0.694291481763      0.719693919907
   498     33.678283434408      6.168518937622     -0.818007889712      0.575206999583
   499     32.690330142830      6.013766575243     -0.987953291577     -0.154752362379
   500     33.436303085199      6.679742828014      0.745972942368      0.665976252771
   501     33.210715472586      5.705519943333     -0.225587612613     -0.974222884681
   502     32.668151285020      4.865505596806     -0.542564187566     -0.840014346527
   503     32.941733846886      5.827354120142      0.273582561866      0.961848523336
   504     32.416409965060      6.678256475987     -0.525323881827      0.850902355845
   505     32.391630833574      7.677949426168     -0.024779131486      0.999692950182
   506     32.043201193343      8.615284364069     -0.348429640231      0.937334937900
   507     32.992378374079      8.300542121003      0.949177180736     -0.314742243065
   508     33.513377605993      9.154099266334      0.520999231914      0.853557145330
   509     33.457084506953      8.155684980077     -0.056293099040     -0.998414286256
   510     34.318260348309      8.663992141413      0.861175841356      0.508307161335
   511     33.448327002512      9.157161457033     -0.869933345798      0.493169315620
   512     32.723071134276      9.845640887074     -0.725255868236      0.688479430041
   513     33.163360293235     10.743496920357      0.440289158959      0.897856033283
   514     33.830058673472      9.998169294551      0.666698380237     -0.745327625806
   515     32.861380322263     10.246488145826     -0.968678351209      0.248318851274
   516     33.778250136048      9.847301792639      0.916869813785     -0.399186353187
   517     33.032247821270     10.513245143343     -0.746002314777      0.665943350704
   518     32.038966642235     10.397519176623     -0.993281179036     -0.115725966720
   519     32.899287501157     10.907272077255      0.860320858923      0.509752900632
   520     33.671474617785     10.271876879827      0.772187116628     -0.635395197427
   521     34.341476867433      9.529517812080      0.670002249648     -0.742359067747
   522     35.337753358898      9.615733544725      0.996276491464      0.086215732645
   523     36.326105316909      9.767918981265      0.988351958012      0.152185436540
   524     37.161001413891     10.318326564102      0.834896096982      0.550407582837
   525     37.402306219027     11.288775939916      0.241304805136      0.970449375814
   526     36.402347173401     11.279725687426     -0.999959045626     -0.009050252490
   527     35.429979534692     11.513180554997     -0.972367638708      0.233454867571
   528     36.308988576851     11.036375454559      0.879009042159     -0.476805100437
   529     37.013763236029     10.326944217736      0.704774659178     -0.709431236823
   530     37.124674895695     11.320774486821      0.110911659666      0.993830269085
   531     36.180386015085     11.649892262026     -0.944288880610      0.329117775205
   532     37.089792724438     12.065800228989      0.909406709354      0.415907966962
   533     36.092044632741     12.132872917289     -0.997748091697      0.067072688300
   534     36.339635068973     11.164008130083      0.247590436232     -0.968864787205
   535     35.670232377861     11.906907879129     -0.669402691112      0.742899749046
   536     34.882267678807     12.522628297049     -0.787964699055      0.615720417920
   537     33.911468527695     12.762522040612     -0.970799151112      0.239893743564
   538     32.917835045907     12.875183053700     -0.993633481788      0.112661013087
   539     33.596050014020     12.140319490154      0.678214968113     -0.734863563546
   540     33.248017694795     13.077802025871     -0.348032319225      0.937482535717
   541     34.117632484431     13.571532840836      0.869614789636      0.493730814965
   542     33.258664872237     13.059502918662     -0.858967612194     -0.512029922174
   543     32.669642313406     12.251386327329     -0.589022558831     -0.808116591333
   544     32.123270831999     11.413843370637     -0.546371481407     -0.837542956692
   545     32.926195467192     10.817762813833      0.802924635194     -0.596080556803
   546     33.606786455883     11.550426383361      0.680590988691      0.732663569528
   547     33.710574573585     12.545025813596      0.103788117702      0.994599430235
   548     34.708519599335     12.609101749653      0.997945025750      0.064075936057
   549     35.180677428024     11.727587719812      0.472157828689     -0.881514029841
   550     34.222582546844     11.441136679220     -0.958094881180     -0.286451040592
   551     33.966271972316     10.474542198900     -0.256310574528     -0.966594480320
   552     33.321324588274     11.238769175535     -0.644947384042      0.764226976635
   553     34.077026023200     10.583852889854      0.755701434927     -0.654916285681
   554     34.880229982692      9.988148769123      0.803203959492     -0.595704120731
   555     34.854802169296     10.987825430002     -0.025427813396      0.999676660879
   556     35.851792715107     11.065348662421      0.996990545810      0.077523232420
   557     35.645170587023     10.086927844886     -0.206622128083     -0.978420817535
   558     36.585092714535     10.428316764174      0.939922127512      0.341388919288
   559     37.344081641499      9.777213232663      0.758988926963     -0.651103531512
   560     36.568279034165      9.146237548143     -0.775802607333     -0.630975684519
   561     37.567894780728      9.118518254787      0.999615746563     -0.027719293357
   562     36.937865305929      8.341947034045     -0.630029474799     -0.776571220742
   563     37.932785277497      8.241278021057      0.994919971568     -0.100669012988
   564     37.697475540355      7.269357588302     -0.235309737142     -0.971920432755
   565     36.715307900931      7.457364843664     -0.982167639424      0.188007255362
   566     36.554975945639      6.470301692638     -0.160331955292     -0.987063151025
   567     36.025959155307      5.621690335451     -0.529016790332     -0.848611357187
   568     36.816574324476      5.009376972638      0.790615169169     -0.612313362813
   569     36.784271897287      6.008855113069     -0.032302427189      0.999478140430
   570     37.096412762344      5.058819281975      0.312140865056     -0.950035831094
   571     36.113951384919      4.872353086998     -0.982461377425     -0.186466194977
   572     35.361147571707      4.214108133494     -0.752803813212     -0.658244953504
   573     34.943379089332      3.305554615459     -0.417768482376     -0.908553518035
   574     34.601806245573      2.365699311486     -0.341572843758     -0.939855303973
   575     33.982760142669      3.151053959069     -0.619046102904      0.785354647583
   576     33.464661471023      4.006374814910     -0.518098671647      0.855320855842
   577     34.375407449960      3.593407792197      0.910745978938     -0.412967022714
   578     33.453706455470      3.205506674958     -0.921700994491     -0.387901117239
   579     33.057880611790      4.123832271615     -0.395825843680      0.918325596657
   580     33.840544207694      4.746277205442      0.782663595904      0.622444933827
   581     32.903788009424      4.396294598728     -0.936756198270     -0.349982606714
   582     32.856757468932      3.397401146822     -0.047030540492     -0.998893451906
   583     32.678539549804      4.381392190125     -0.178217919128      0.983991043304
   584     33.596348547241      4.778414411447      0.917808997437      0.397022221322
   585     32.657313416011      4.434593204545     -0.939035131230     -0.343821206902
   586     33.374264044421      5.131717150786      0.716950628410      0.697123946241
   587     32.715965363876      4.378960319404     -0.658298680545     -0.752756831382
   588     33.178222654940      5.265706166227      0.462257291065      0.886745846823
   589     32.243863395448      4.909373773367     -0.934359259492     -0.356332392860
   590     31.776753841225      4.025174325079     -0.467109554223     -0.884199448288
   591     32.669067162187      4.476590914531      0.892313320962      0.451416589453
   592     31.900488698141      3.836835379499     -0.768578464047     -0.639755535032
   593     32.824465101162      4.219284861992      0.923976403022      0.382449482493
   594     32.108145735683      3.521512286836     -0.716319365479     -0.697772575156
   595     32.248524313609      4.511610188490      0.140378577926      0.990097901654
   596     32.577255419950      5.456033747983      0.328731106340      0.944423559492
   597     31.622178543301      5.159675586814     -0.955076876649     -0.296358161168
   598     32.595030672616      4.928247985852      0.972852129315     -0.231427600962
   599     32.640628487620      5.927207864559      0.045597815004      0.998959878707
   600     31.851569688330      5.312890185128     -0.789058799291     -0.614317679432
   601     30.853839579881      5.380229851703     -0.997730108449      0.067339666575
   602     31.548460950431      6.099605380599      0.694621370550      0.719375528896
   603     30.929385932688      5.314273525644     -0.619075017742     -0.785331854955
   604     30.334542298930      6.118114959870     -0.594843633758      0.803841434225
   605     29.440198685125      5.670734249015     -0.894343613806     -0.447380710855
   606     28.527331087034      6.078989987928     -0.912867598091      0.408255738913
   607     28.129134358360      5.161689946898     -0.398196728674     -0.917300041030
   608     27.989295554446      6.151864228992     -0.139838803913      0.990174282094
   609     28.509321633407      5.297713845745      0.520026078960     -0.854150383247
   610     28.941282629351      6.199606133096      0.431960995944      0.901892287351
   611     28.653060495020      5.242042557514     -0.288222134331     -0.957563575582
   612     28.708277363819      6.240516942463      0.055216868800      0.998474384949
   613     28.131919165501      5.423319764769     -0.576358198318     -0.817197177694
   614     28.884074093414      4.764333448966      0.752154927913     -0.658986315803
   615     28.559256191568      5.710110024400     -0.324817901846      0.945776575434
   616     28.828990715471      4.747175298359      0.269734523902     -0.962934726041
   617     28.677184592926      5.735585588248     -0.151806122544      0.988410289889
   618     28.103124132468      6.554398502007     -0.574060460458      0.818812913759
   619     28.662225195658      7.383498014213      0.559101063189      0.829099512206
   620     27.690609212165      7.146934321688     -0.971615983493     -0.236563692525
   621     26.690870837962      7.124061124560     -0.999738374203     -0.022873197128
   622     25.691568252002      7.161402009573     -0.999302585960      0.037340885013
   623     26.480176732515      7.776297662886      0.788608480513      0.614895653313
   624     27.362821334989      8.246338624638      0.882644602473      0.470040961752
   625     27.732742714874      7.317275562890      0.369921379886     -0.929063061747
   626     27.012153901550      8.010638211230     -0.720588813324      0.693362648339
   627     26.429625437045      7.197827908612     -0.582528464506     -0.812810302617
   628     25.495272872239      6.841477961733     -0.934352564806     -0.356349946879
   629     26.440032899627      6.513715104395      0.944760027388     -0.327762857338
   630     26.992953322424      5.680481040009      0.552920422797     -0.833234064386
   631     27.251995621237      4.714615062026      0.259042298813     -0.965865977983
   632     26.699347490339      5.548029750770     -0.552648130898      0.833414688744
   633     26.772252623506      6.545368630769      0.072905133167      0.997338879999
   634     27.544841401848      7.180275379497      0.772588778342      0.634906748728
   635     26.603748602348      6.842126976086     -0.941092799500     -0.338148403411
   636     27.535994169933      6.480300772339      0.932245567585     -0.361826203747
   637     26.607463872736      6.109044139824     -0.928530297198     -0.371256632515
   638     26.214839181502      7.028742923032     -0.392624691234      0.919698783207
   639     25.247373204802      7.281744077040     -0.967465976699      0.253001154008
   640     24.764381880833      8.157369214282     -0.482991323970      0.875625137242
   641     25.662795501975      7.718218937787      0.898413621143     -0.439150276495
   642     26.361039658843      7.002359246646      0.698244156868     -0.715859691141
   643     26.522646126266      6.015503963595      0.161606467423     -0.986855283052
   644     27.044293076290      5.162342513733      0.521646950024     -0.853161449862
   645     26.385608211770      5.914761445747     -0.658684864520      0.752418932014
   646     26.764825329963      6.840069166059      0.379217118193      0.925307720312
   647     27.419095427781      6.083808206402      0.654270097817     -0.756260959657
   648     26.662152935114      5.430326712559     -0.756942492667     -0.653481493843
   649     27.358341613166      4.712467865325      0.696188678052     -0.717858847234
   650     26.497701854143      5.221682167156     -0.860639759023      0.509214301831
   651     26.538219669415      6.220860983307      0.040517815271      0.999178816151
   652     26.472520302188      5.223021520695     -0.065699367227     -0.997839462612
   653     25.813599578735      4.470809130341     -0.658920723454     -0.752212390355
   654     26.570483508084      3.817259807418      0.756883929349     -0.653549322923
   655     25.606776778819      3.550296626492     -0.963706729265     -0.266963180926
   656     25.199971509063      2.636781726505     -0.406805269756     -0.913514899987
   657     24.522734361487      3.372546529919     -0.677237147576      0.735764803415
   658     24.547326169267      4.372244105684      0.024591807780      0.999697575765
   659     25.547248233060      4.384728749867      0.999922063793      0.012484644183
   660     24.685823810864      3.876842970539     -0.861424422196     -0.507885779328
   661     25.490217234862      4.470939948674      0.804393423998      0.594096978135
   662     26.371191495949      4.944104139312      0.880974261087      0.473164190637
   663     26.784926557667      4.033706809183      0.413735061718     -0.910397330128
   664     27.393238416717      4.827404914347      0.608311859049      0.793698105163
   665     28.205400704994      5.410836502025      0.812162288277      0.583431587678
   666     27.490627257971      4.711480427174     -0.714773447023     -0.699356074851
   667     26.718781282496      4.075670872242     -0.771845975475     -0.635809554932
   668     27.248521594230      3.227510980403      0.529740311734     -0.848159891839
   669     27.693779276392      2.332108503036      0.445257682162     -0.895402477367
   670     28.606386962418      2.740944914582      0.912607686026      0.408836411546
   671     27.831631030516      2.108684488822     -0.774755931902     -0.632260425760
   672     26.973871732040      2.622736028922     -0.857759298475      0.514051540100
   673     26.067995659221      3.046278872909     -0.905876072819      0.423542843988
   674     26.942948688046      3.530486676800      0.874953028826      0.484207803891
   675     26.686269281127      4.496983279000     -0.256679406920      0.966496602200
   676     25.890437031922      3.891466118942     -0.795832249205     -0.605517160059
   677     26.469186746290      3.075960896323      0.578749714368     -0.815505222619
   678     25.715764670782      2.418423691186     -0.753422075507     -0.657537205136
   679     25.478904465937      1.446879948805     -0.236860204845     -0.971543742382
   680     24.524073714312      1.744030139365     -0.954830751626      0.297150190560
   681     25.031521506201      0.882347634897      0.507447791889     -0.861682504468
   682     25.536378504261      1.745550630437      0.504856998061      0.863202995540
   683     25.345946390124      2.727250997099     -0.190432114137      0.981700366662
   684     25.222405364053      3.719590462644     -0.123541026071      0.992339465545
   685     25.349807170477      2.727739274350      0.127401806424     -0.991851188294
   686     24.796723750801      1.894613394978     -0.553083419676     -0.833125879372
   687     25.699361899631      1.464213148374      0.902638148830     -0.430400246604
   688     25.004354455913      2.183215688825     -0.695007443718      0.719002540452
   689     24.032351694648      1.948246260829     -0.972002761265     -0.234969427997
   690     24.699451230363      1.203277664545      0.667099535715     -0.744968596284
   691     25.358781934088      1.955130724075      0.659330703725      0.751853059530
   692     24.866850301338      1.084496892491     -0.491931632751     -0.870633831584
   693     25.777126931181      1.498497444618      0.910276629843      0.414000552127
   694     25.134291599697      2.264501841861     -0.642835331484      0.766004397243
   695     25.006494598426      3.256302187932     -0.127797001271      0.991800346071
   696     25.536472370740      2.408290654488      0.529977772313     -0.848011533444
   697     24.667484832867      1.913456683321     -0.868987537873     -0.494833971167
   698     24.557239452729      2.907361083230     -0.110245380138      0.993904399909
   699     24.742835873632      3.889987140562      0.185596420903      0.982626057332
   700     25.263795517147      3.036405832292      0.520959643516     -0.853581308270
   701     25.466702895210      4.015603767302      0.202907378063      0.979197935010
   702     25.351517910586      5.008947826184     -0.115184984624      0.993344058883
   703     24.895779443670      5.899061554745     -0.455738466917      0.890113728561
   704     24.055607896577      5.356740827263     -0.840171547092     -0.542320727482
   705     23.190821604578      4.854600738074     -0.864786291999     -0.502140089189
   706     23.610760995060      3.947048586227      0.419939390481     -0.907552151847
   707     24.081432227806      4.829357257082      0.470671232746      0.882308670855
   708     23.278808316346      4.232871836680     -0.802623911461     -0.596485420402
   709     23.153983413001      3.240693050621     -0.124824903345     -0.992178786059
   710     23.396688843499      2.270593017632      0.242705430498     -0.970100032990
   711     22.426883338722      2.026713369232     -0.969805504777     -0.243879648400
   712     21.522466430978      2.453363175264     -0.904416907744      0.426649806032
   713     22.521107579147      2.505477061925      0.998641148169      0.052113886661
   714     23.470892754335      2.818379796003      0.949785175188      0.312902734078
   715     24.470891573258      2.819916725462      0.999998818923      0.001536929458
   716     25.248410970783      3.448775681408      0.777519397525      0.628858955946
   717     26.039798426508      2.837460791257      0.791387455726     -0.611314890151
   718     25.318500157804      3.530085370350     -0.721298268704      0.692624579093
   719     26.186671235153      4.026350400806      0.868171077350      0.496265030456
   720     25.704461198740      4.902406038755     -0.482210036414      0.876055637949
   721     26.248668079892      5.741357092456      0.544206881153      0.838951053701
   722     26.191876817451      4.742971018580     -0.056791262441     -0.998386073876
   723     25.519723833741      5.483383313513     -0.672152983710      0.740412294934
   724     24.529584431500      5.343297753479     -0.990139402241     -0.140085560034
   725     23.725884577364      4.748262843190     -0.803699854136     -0.595034910289
   726     22.990260339172      5.425652672007     -0.735624238192      0.677389828816
   727     23.687642830791      4.708953529839      0.697382491619     -0.716699142167
   728     23.066054719997      5.492297783996     -0.621588110793      0.783344254157
   729     22.914761505524      4.503808854744     -0.151293214473     -0.988488929252
   730     22.101436632031      5.085618660571     -0.813324873493      0.581809805828
   731     21.134627771616      5.341119399169     -0.966808860414      0.255500738598
   732     22.107975619337      5.570453145787      0.973347847721      0.229333746617
   733     22.294818505381      6.552842954332      0.186842886044      0.982389808546
   734     22.578860357800      5.594031071806      0.284041852419     -0.958811882527
   735     22.016165798226      4.767366186483     -0.562694559574     -0.826664885323
   736     23.012622232678      4.683255698206      0.996456434452     -0.084110488277
   737     22.697614250372      3.734166676520     -0.315007982306     -0.949089021685
   738     23.296335416244      2.933209146100      0.598721165872     -0.800957530420
   739     23.872942930736      2.116187864718      0.576607514492     -0.817021281382
   740     24.531905004295      2.868364031325      0.658962073559      0.752176166607
   741     23.632838306548      2.430552344633     -0.899066697746     -0.437811686691
   742     22.658125438596      2.207091330029     -0.974712867952     -0.223461014605
   743     23.588019471567      2.574918854075      0.929894032971      0.367827524046
   744     22.816266808999      1.938996038145     -0.771752662568     -0.635922815929
   745     23.620506115927      2.533301630574      0.804239306928      0.594305592428
   746     22.656317997462      2.268082339776     -0.964188118465     -0.265219290798
   747     22.289480892021      3.198367531570     -0.366837105442      0.930285191794
   748     21.298742112735      3.334149235855     -0.990738779286      0.135781704285
   749     21.808147565150      2.473622603467      0.509405452416     -0.860526632388
   750     21.416992296452      1.553297902196     -0.391155268698     -0.920324701271
   751     22.306209053896      1.095811773138      0.889216757444     -0.457486129058
   752     21.555147799358      1.756044301820     -0.751061254539      0.660232528683
   753     21.716336290418      0.769120662246      0.161188491060     -0.986923639574
   754     20.869500358219      1.300974875295     -0.846835932198      0.531854213049
   755     20.297449495633      0.480756727109     -0.572050862586     -0.820218148186
   756     19.338030586297      0.198772053041     -0.959418909336     -0.281984674067
   757     18.339506608076      0.144459394139     -0.998523978221     -0.054312658902
   758     19.139920955292     -0.454987745124      0.800414347216     -0.599447139264
   759     20.133483841668     -0.568269653724      0.993562886376     -0.113281908599
   760     19.378465308533      0.087433796490     -0.755018533135      0.655703450214
   761     18.629313237255     -0.574964251590     -0.749152071278     -0.662398048080
   762     17.656388754974     -0.806087490964     -0.972924482281     -0.231123239374
   763     18.338555988334     -0.074891302701      0.682167233360      0.731196188263
   764     17.482498164136      0.441988762333     -0.856057824198      0.516880065034
   765     18.459118144756      0.656961815190      0.976619980620      0.214973052856
   766     17.486039374234      0.887434603949     -0.973078770522      0.230472788760
   767     16.501634128458      0.711518964821     -0.984405245775     -0.175915639128
   768     17.372258952881      1.203466538348      0.870624824423      0.491947573527
   769     18.371504417846      1.164627115759      0.999245464965     -0.038839422589
   770     17.411552237006      0.884463216407     -0.959952180840     -0.280163899353
   771     17.211622948492      1.864273544784     -0.199929288514      0.979810328377
   772     16.541200839806      1.122293628489     -0.670422108686     -0.741979916295
   773     17.095176740051      1.954826331719      0.553975900245      0.832532703230
   774     16.363409674995      2.636381144261     -0.731767065056      0.681554812542
   775     17.251340933829      3.096357317105      0.887931258834      0.459976172844
   776     16.582636622929      2.352828874755     -0.668704310900     -0.743528442350
   777     15.592857961548      2.495440941123     -0.989778661382      0.142612066368
   778     15.000171027990      1.690008014809     -0.592686933558     -0.805432926313
   779     14.014985924202      1.518513667164     -0.985185103788     -0.171494347645
   780     14.366048395048      0.582161627831      0.351062470846     -0.936352039333
   781     13.470242195738      1.026606509989     -0.895806199311      0.444444882158
   782     12.904684621136      0.201897694824     -0.565557574601     -0.824708815165
   783     13.618707893523      0.902019660263      0.714023272387      0.700121965439
   784     13.111610439803      0.040130936337     -0.507097453720     -0.861888723926
   785     13.298802450604      1.022454279790      0.187192010801      0.982323343453
   786     13.643022306286      0.083565207027      0.344219855683     -0.938889072763
   787     13.194037555663     -0.809974212197     -0.448984750624     -0.893539419224
   788     12.205244605027     -0.660680874190     -0.988792950636      0.149293338007
   789     11.205259327589     -0.655254557921     -0.999985277437      0.005426316269
   790     10.822018156981     -1.578902870403     -0.383241170609     -0.923648312482
   791     10.105356002088     -2.276323371783     -0.716662154892     -0.697420501380
   792     11.045323977366     -2.617586035215      0.939967975277     -0.341262663433
   793     11.415862580708     -3.546403101937      0.370538603343     -0.928817066721
   794     12.337414707473     -3.158148446259      0.921552126765      0.388254655677
   795     13.286150225212     -2.842077382445      0.948735517739      0.316071063815
   796     13.786530082151     -3.707883364620      0.500379856939     -0.865805982175
   797     12.943027023202     -4.245007735268     -0.843503058949     -0.537124370648
   798     12.303338649239     -3.476373372116     -0.639688373963      0.768634363151
   799     11.734249068196     -4.298648903036     -0.569089581043     -0.822275530919
   800     12.714740835297     -4.102088747743      0.980491767100      0.196560155292
   801     13.698096193420     -4.283781454393      0.983355358124     -0.181692706649
   802     13.270648164944     -5.187821377710     -0.427448028477     -0.904039923317
   803     12.632015989027     -4.418309231033     -0.638632175917      0.769512146677
   804     13.515309578396     -3.949488972320      0.883293589369      0.468820258713
   805     13.442036052838     -2.952177090083     -0.073273525558      0.997311882238
   806     14.441241202956     -2.992040205594      0.999205150118     -0.039863115512
   807     13.650760969889     -2.379552653778     -0.790480233067      0.612487551816
   808     12.748784599838     -1.947767258158     -0.901976370051      0.431785395619
   809     12.389997715764     -2.881186762892     -0.358786884074     -0.933419504733
   810     13.196431839621     -2.289862821318      0.806434123858      0.591323941573
   811     12.786767516410     -3.202099162563     -0.409664323212     -0.912236341245
   812     13.618926856758     -3.756635754927      0.832159340349     -0.554536592364
   813     14.249604748238     -4.532680468329      0.630677891479     -0.776044713402
   814     13.585518254175     -3.785024713048     -0.664086494062      0.747655755280
   815     12.828302230352     -4.438189235405     -0.757216023823     -0.653164522356
   816     12.761034203808     -3.440454294348     -0.067268026544      0.997734941056
   817     13.656916492261     -2.996162807556      0.895882288453      0.444291486792
   818     14.644831836077     -3.151157237952      0.987915343816     -0.154994430396
   819     13.846586816652     -3.753490110177     -0.798245019425     -0.602332872225
   820     14.440783902046     -2.949170631543      0.594197085394      0.804319478634
   821     13.511828109408     -3.319361305825     -0.928955792638     -0.370190674282
   822     13.726114044427     -4.296132281055      0.214285935019     -0.976770975231
   823     14.642112242332     -4.697314660325      0.915998197904     -0.401182379269
   824     14.603288183508     -5.696560722342     -0.038824058823     -0.999246062017
   825     13.959405800952     -4.931436237415     -0.643882382556      0.765124484926
   826     14.362420105866     -4.016242558441      0.403014304914      0.915193678974
   827     13.608968950357     -3.358738675363     -0.753451155509      0.657503883078
   828     12.684688564396     -2.977024426053     -0.924280385962      0.381714249311
   829     12.781170565967     -3.972359155364      0.096482001571     -0.995334729311
   830     13.114329220673     -3.029488373764      0.333158654706      0.942870781600
   831     13.120727655295     -2.029508843957      0.006398434622      0.999979529808
   832     13.619297519896     -1.162659324079      0.498569864601      0.866849519878
   833     13.870823659931     -2.130509829518      0.251526140035     -0.967850505439
   834     13.233090023542     -2.900766805480     -0.637733636389     -0.770256975962
   835     13.095787732574     -1.910237613131     -0.137302290968      0.990529192349
   836     12.741638824934     -0.975048567421     -0.354148907640      0.935189045711
   837     12.887138879294     -1.964406811022      0.145500054360     -0.989358243601
   838     13.868317425744     -2.157509529763      0.981178546450     -0.193102718742
   839     13.524984466223     -1.218295774058     -0.343332959521      0.939213755706
   840     12.702782674361     -1.787491885656     -0.822201791862     -0.569196111598
   841     12.912126274452     -0.809649742413      0.209343600091      0.977842143242
   842     13.601599662225     -0.085338726653      0.689473387774      0.724311015761
   843     14.298514357217      0.631815306944      0.696914694992      0.717154033597
   844     14.356044187654     -0.366528480841      0.057529830436     -0.998343787786
   845     13.840612408691      0.490402135507     -0.515431778963      0.856930616348
   846     14.840469943912      0.507281390840      0.999857535222      0.016879255333
   847     14.632900007991     -0.470938789744     -0.207569935921     -0.978220180584
   848     13.646345350202     -0.634370448834     -0.986554657790     -0.163431659090
   849     13.279388062588     -1.564608240513     -0.366957287614     -0.930237791679
   850     14.124192618689     -2.099683246461      0.844804556101     -0.535075005949
   851     14.257235484923     -1.108572962112      0.133042866234      0.991110284350
   852     13.439772928486     -0.532591218631     -0.817462556437      0.575981743481
   853     13.762915367856     -1.478941557500      0.323142439370     -0.946350338869
   854     12.957049522149     -2.071039723957     -0.805865845707     -0.592098166458
   855     13.012170536573     -1.072560042757      0.055121014424      0.998479681200
   856     12.287204427756     -1.761344581686     -0.724966108816     -0.688784538929
   857     11.312376518157     -1.984303202657     -0.974827909600     -0.222958620971
   858     11.309696388933     -2.984299611104     -0.002680129224     -0.999996408447
   859     10.462946810845     -3.516291295257     -0.846749578088     -0.531991684153
   860     10.033489101809     -4.419378265681     -0.429457709036     -0.903086970424
   861      9.939033933519     -5.414907381872     -0.094455168290     -0.995529116191
   862     10.463952479526     -4.563754916060      0.524918546007      0.851152465812
   863     10.440908210433     -5.563489361631     -0.023044269093     -0.999734445571
   864     10.248697263192     -4.582135729264     -0.192210947241      0.981353632367
   865      9.880933295308     -3.652216558622     -0.367763967884      0.929919170641
   866      8.884050576212     -3.731114241523     -0.996882719096     -0.078897682901
   867      9.623816810476     -3.058250274110      0.739766234264      0.672863967413
   868     10.567763505231     -3.388348195131      0.943946694754     -0.330097921021
   869     11.355453986326     -2.772277009315      0.787690481095      0.616071185816
   870     10.514174804248     -2.231676104949     -0.841279182078      0.540600904367
   871      9.620135455093     -2.679664544714     -0.894039349155     -0.447988439765
   872      9.196570843179     -1.773798649818     -0.423564611914      0.905865894895
   873      9.917252454192     -1.080532455960      0.720681611013      0.693266193859
   874     10.639754898662     -0.389164089795      0.722502444471      0.691368366165
   875      9.849846855606      0.224061222398     -0.789908043057      0.613225312193
   876      9.138753738793      0.927159067098     -0.711093116813      0.703097844700
   877      9.833786996866      1.646136653795      0.695033258073      0.718977586697
   878     10.780256758477      1.968929141866      0.946469761611      0.322792488071
   879      9.830730595090      1.655241295362     -0.949526163387     -0.313687846504
   880     10.677910932905      2.186546739735      0.847180337815      0.531305444373
   881     10.882643918500      1.207728878941      0.204732985594     -0.978817860794
   882     11.644411360946      1.855579450932      0.761767442446      0.647850571991
   883     12.568146730886      1.472548164584      0.923735369940     -0.383031286348
   884     12.967985233646      2.389133769811      0.399838502760      0.916585605228
   885     11.981951806473      2.555681302061     -0.986033427173      0.166547532249
   886     12.965575040560      2.375444420805      0.983623234087     -0.180236881256
   887     13.538829204960      3.194822027894      0.573254164400      0.819377607088
   888     14.357092562499      3.769665552437      0.818263357539      0.574843524543
   889     14.590383232329      4.742072598571      0.233290669830      0.972407046134
   890     13.899979792871      5.465497156341     -0.690403439457      0.723424557771
   891     14.870029278547      5.708404536511      0.970049485675      0.242907380170
   892     13.926721997035      5.376483804037     -0.943307281512     -0.331920732474
   893     13.829311560295      4.381239508994     -0.097410436740     -0.995244295042
   894     13.241510235002      5.190244825407     -0.587801325293      0.809005316413
   895     14.145258714775      5.618308705346      0.903748479773      0.428063879939
   896     13.348603371989      6.222742543586     -0.796655342786      0.604433838240
   897     12.518781876818      5.664713614092     -0.829821495171     -0.558028929494
   898     13.441026074696      6.051321476764      0.922244197878      0.386607862672
   899     12.832373469481      6.844758308632     -0.608652605216      0.793436831868
   900     13.825606482777      6.728619678977      0.993233013296     -0.116138629654
   901     14.736790815888      7.140618600206      0.911184333111      0.411998921229
   902     15.736549815908      7.162571774891      0.999759000020      0.021953174684
   903     16.706228103002      7.406956757119      0.969678287094      0.244384982229
   904     16.180421343071      8.257560807904     -0.525806759931      0.850604050785
   905     15.301573190246      7.780459220949     -0.878848152825     -0.477101586955
   906     14.830697352949      8.662658714176     -0.470875837296      0.882199493227
   907     13.995989220290      9.213351308345     -0.834708132659      0.550692594169
   908     14.974681010674      9.008016509944      0.978691790384     -0.205334798401
   909     14.223346383947      8.348095091379     -0.751334626727     -0.659921418565
   910     14.867158415319      7.582911408685      0.643812031372     -0.765183682694
   911     15.804682986204      7.930830478278      0.937524570885      0.347919069593
   912     15.134356874185      8.672897121880     -0.670326112019      0.742066643601
   913     15.950448144423      8.094974083196      0.816091270238     -0.577923038684
   914     14.952332632085      8.033611032180     -0.998115512338     -0.061363051016
   915     15.207822959173      7.066799420353      0.255490327088     -0.966811611827
   916     15.945507517019      7.741944955119      0.737684557846      0.675145534767
   917     16.139649386967      6.760971492515      0.194141869948     -0.980973462604
   918     15.685236368736      7.651762606561     -0.454413018231      0.890791114045
   919     14.751360203696      7.294166034472     -0.933876165040     -0.357596572088
   920     13.886685804320      7.796498775854     -0.864674399376      0.502332741381
   921     14.421167385987      8.641678897993      0.534481581667      0.845180122139
   922     13.423603887596      8.711443263380     -0.997563498391      0.069764365387
   923     13.666471174764      9.681502787751      0.242867287168      0.970059524371
   924     14.632714306482      9.939134715912      0.966243131718      0.257631928161
   925     13.775741569445      9.423772971140     -0.856972737037     -0.515361744773
   926     14.439989470772     10.171285329286      0.664247901328      0.747512358147
   927     14.044779142021     11.089875986787     -0.395210328752      0.918590657501
   928     13.227943312363     11.666746186561     -0.816835829658      0.576870199774
   929     14.153661030969     12.044961344188      0.925717718606      0.378215157627
   930     15.139263217548     12.214042182282      0.985602186579      0.169080838094
   931     16.075218101137     12.566162127593      0.935954883589      0.352119945312
   932     15.695374880212     13.491213005933     -0.379843220925      0.925050878340
   933     16.566119831594     12.999478087870      0.870744951382     -0.491734918063
   934     17.564894811337     13.048960810500      0.998774979743      0.049482722631
   935     18.525412214848     13.327180719120      0.960517403511      0.278219908620
   936     19.373623963690     12.797523443963      0.848211748842     -0.529657275157
   937     19.427174386568     13.796088590666      0.053550422878      0.998565146703
   938     20.246324880607     14.369667240997      0.819150494039      0.573578650331
   939     21.028584221978     13.746714335202      0.782259341371     -0.622952905795
   940     20.803856666607     14.721135971794     -0.224727555371      0.974421636591
   941     20.547849229261     13.754461159862     -0.256007437346     -0.966674811932
   942     20.088062961899     12.866431549801     -0.459786267363     -0.888029610061
   943     20.719226633061     13.642081226011      0.631163671163      0.775649676210
   944     21.373236996556     12.885595638282      0.654010363495     -0.756485587729
   945     21.310430186075     11.887569934927     -0.062806810481     -0.998025703355
   946     21.888236253041     12.703744027249      0.577806066966      0.816174092322
   947     22.391113652129     11.839386276381      0.502877399088     -0.864357750868
   948     21.649758628916     11.168273223642     -0.741355023213     -0.671113052739
   949     22.336282227360     10.441165701483      0.686523598444     -0.727107522159
   950     23.071029690033      9.762824956653      0.734747462673     -0.678340744829
   951     22.556718375906     10.620428520173     -0.514311314127      0.857603563519
   952     23.441489963338     11.086453453059      0.884771587433      0.466024932887
   953     22.483957002367     11.374777279084     -0.957532960971      0.288323826025
   954     23.049773148054     12.199308715283      0.565816145687      0.824531436199
   955     24.049162700677     12.234244686828      0.999389552623      0.034935971545
   956     23.049448055878     12.258132528412     -0.999714644798      0.023887841584
   957     22.648420509511     13.174198523335     -0.401027546368      0.916065994923
   958     21.689773688165     13.458796963112     -0.958646821346      0.284598439777
   959     21.611483135483     12.461866379089     -0.078290552682     -0.996930584023
   960     22.198938580346     13.271122889907      0.587455444863      0.809256510818
   961     21.617967639944     14.085047190078     -0.580970940402      0.813924300171
   962     20.630253404887     13.928776303906     -0.987714235058     -0.156270886171
   963     20.093344142585     13.085136307193     -0.536909262302     -0.843639996713
   964     20.130778803260     12.085837229749      0.037434660676     -0.999299077444
   965     20.703450634946     11.266052518258      0.572671831685     -0.819784711491
   966     20.219297364014     12.141035723952     -0.484153270932      0.874983205694
   967     19.366627235572     11.618586059331     -0.852670128442     -0.522449664621
   968     19.036620902972     10.674607341115     -0.330006332600     -0.943978718216
   969     19.234842341438      9.694450077543      0.198221438466     -0.980157263572
   970     18.244459234221      9.556097987066     -0.990383107217     -0.138352090478
   971     18.937128724521      8.834842846905      0.692669490299     -0.721255140161
   972     19.435563342108      9.701770140275      0.498434617587      0.866927293370
   973     18.694391388480     10.373085368135     -0.741171953628      0.671315227859
   974     17.749501905496     10.045695898321     -0.944889482985     -0.327389469814
   975     17.010227606946     10.719100317303     -0.739274298549      0.673404418982
   976     16.637262892117     11.646945844044     -0.372964714829      0.927845526741
   977     15.688446636903     11.962774458709     -0.948816255214      0.315828614665
   978     16.566473754167     12.441385345913      0.878027117264      0.478610887204
   979     16.008280125104     11.611674629775     -0.558193629063     -0.829710716138
   980     15.190376815284     11.036318934761     -0.817903309820     -0.575355695014
   981     15.166070137413     12.036023483821     -0.024306677871      0.999704549060
   982     14.682832702993     11.160534145236     -0.483237434420     -0.875489338585
   983     15.629231828819     10.837534617936      0.946399125826     -0.322999527300
   984     16.418074627478     11.452129638257      0.788842798659      0.614595020321
   985     17.218979493524     12.050921251045      0.800904866046      0.598791612787
   986     16.263507917392     11.755838098013     -0.955471576132     -0.295083153032
   987     15.537104422379     11.068569618862     -0.726403495012     -0.687268479151
   988     15.875203613659     12.009680099548      0.338099191279      0.941110480686
   989     16.436686488484     11.182191742362      0.561482874825     -0.827488357186
   990     17.045729704796     10.389054704603      0.609043216312     -0.793137037758
   991     18.027709380262     10.578041256960      0.981979675466      0.188986552356
   992     17.034656456897     10.460372691086     -0.993052923366     -0.117668565874
   993     17.768388444022     11.139811703116      0.733731987125      0.679439012031
   994     17.825235072407     10.141428780165      0.056846628385     -0.998382922952
   995     17.087817315689      9.465991845967     -0.737417756717     -0.675436934197
   996     16.129870406586      9.752937344868     -0.957946909103      0.286945498901
   997     16.702028509112     10.573080689481      0.572158102527      0.820143344613
   998     17.659312947565     10.862228582257      0.957284438453      0.289147892776
   999     18.092954156926     11.763314206126      0.433641209361      0.901085623869
  1000     17.093926851803     11.807410051950     -0.999027305123      0.044095845823
