# File chua thong tin toa do tai lan chay thu 18
##########################################################################################
#  Step                   x                   y            delta_x            delta_y
     1      0.000000000000      0.000000000000      0.000000000000      0.000000000000
     2      0.804603209723      0.593812828173      0.804603209723      0.593812828173
     3      0.123958251751     -0.138800604127     -0.680644957972     -0.732613432300
     4      0.685150540224     -0.966486060903      0.561192288473     -0.827685456776
     5      1.649803185319     -0.702961347999      0.964652645095      0.263524712904
     6      2.031159535958      0.221466763769      0.381356350639      0.924428111768
     7      1.038006177909      0.338284602285     -0.993153358049      0.116817838516
     8      1.737405649733      1.053015585812      0.699399471824      0.714730983526
     9      1.371822817004      0.122236776205     -0.365582832729     -0.930778809607
    10      1.083888770531      1.079887017619     -0.287934046473      0.957650241415
    11      1.796226611918      0.378050284662      0.712337841387     -0.701836732957
    12      1.126942528038      1.121056889657     -0.669284083879      0.743006604995
    13      0.495457196772      1.896444712875     -0.631485331267      0.775387823218
    14      0.339680269337      2.884236972856     -0.155776927434      0.987792259981
    15      1.107486462020      2.243554796985      0.767806192682     -0.640682175871
    16      0.383331239723      1.553917780853     -0.724155222297     -0.689637016133
    17      0.806896176164      2.459783524006      0.423564936441      0.905865743153
    18      0.804065726582      3.459779518275     -0.002830449582      0.999995994270
    19      1.069204318411      2.495569205572      0.265138591828     -0.964210312703
    20      0.109848348067      2.777767933716     -0.959355970344      0.282198728144
    21     -0.560634937023      2.035843298450     -0.670483285090     -0.741924635266
    22     -0.640421862295      1.039031357031     -0.079786925271     -0.996811941419
    23     -1.627347562270      0.877855481889     -0.986925699976     -0.161175875142
    24     -2.355937521040      0.192905358173     -0.728589958770     -0.684950123717
    25     -2.748644298093      1.112569094142     -0.392706777053      0.919663735969
    26     -3.526920146017      1.740491624824     -0.778275847924      0.627922530682
    27     -2.908379664444      0.954738691228      0.618540481574     -0.785752933596
    28     -2.981918476692      1.952031047106     -0.073538812248      0.997292355878
    29     -3.495381770570      2.810142605028     -0.513463293879      0.858111557922
    30     -4.198793466466      2.099359947616     -0.703411695896     -0.710782657412
    31     -3.881260956716      3.047607333720      0.317532509751      0.948247386103
    32     -4.483983555846      2.249656540439     -0.602722599130     -0.797950793281
    33     -3.712295785195      1.613654980199      0.771687770651     -0.636001560240
    34     -2.940051221891      0.978329603366      0.772244563304     -0.635325376833
    35     -3.393307336578      1.869709934369     -0.453256114687      0.891380331003
    36     -4.304418242371      2.281871210261     -0.911110905793      0.412161275893
    37     -3.324138829677      2.479487689959      0.980279412694      0.197616479697
    38     -2.643108021476      1.747232926723      0.681030808201     -0.732254763236
    39     -3.642606298499      1.715559685204     -0.999498277023     -0.031673241519
    40     -2.816192768533      1.152496032063      0.826413529966     -0.563063653141
    41     -1.817542856739      1.204441712099      0.998649911794      0.051945680036
    42     -2.297746894865      2.081598529189     -0.480204038126      0.877156817090
    43     -3.117006855901      1.508176244792     -0.819259961036     -0.573422284397
    44     -4.116796660936      1.487673909594     -0.999789805035     -0.020502335198
    45     -4.504856538760      0.566039746153     -0.388059877825     -0.921634163442
    46     -5.094003923308     -0.241985847056     -0.589147384548     -0.808025593209
    47     -4.114508471929     -0.040519570158      0.979495451379      0.201466276898
    48     -4.281157130581     -1.026535911082     -0.166648658652     -0.986016340924
    49     -4.097040103436     -0.043631581905      0.184117027145      0.982904329177
    50     -4.799214908669      0.668373012810     -0.702174805233      0.712004594715
    51     -5.349633791956      1.503261659829     -0.550418883286      0.834888647019
    52     -5.999945014013      0.743593762346     -0.650311222057     -0.759667897483
    53     -5.000510221564      0.709976867136      0.999434792448     -0.033616895210
    54     -4.361822923555      1.479443263648      0.638687298010      0.769466396512
    55     -3.770586623567      2.285941644041      0.591236299988      0.806498380393
    56     -4.586351405236      1.707557843275     -0.815764781669     -0.578383800766
    57     -4.595997678464      2.707511316899     -0.009646273228      0.999953473624
    58     -4.854666232073      1.741545179100     -0.258668553609     -0.965966137799
    59     -5.709487387666      2.260467901622     -0.854821155594      0.518922722522
    60     -6.166013488254      3.150177921506     -0.456526100588      0.889710019884
    61     -6.828813769865      2.401381696425     -0.662800281611     -0.748796225082
    62     -6.170061267678      3.153741411496      0.658752502187      0.752359715071
    63     -6.331332435649      2.166831278616     -0.161271167972     -0.986910132880
    64     -7.109702885064      1.539026019417     -0.778370449415     -0.627805259199
    65     -7.921412428693      2.123087331937     -0.811709543628      0.584061312520
    66     -7.992104523595      1.125589147619     -0.070692094902     -0.997498184318
    67     -7.390190871400      1.924150325803      0.601913652194      0.798561178184
    68     -8.316023711870      1.546217062503     -0.925832840469     -0.377933263301
    69     -8.719167154111      2.461353863739     -0.403143442241      0.915136801237
    70     -8.460012538575      1.495518015758      0.259154615536     -0.965835847982
    71     -9.170930021084      0.792242583893     -0.710917482508     -0.703275431864
    72     -9.937838057677      1.433999596639     -0.766908036593      0.641757012746
    73    -10.932508703102      1.330896215852     -0.994670645425     -0.103103380787
    74    -10.408988974456      0.478882663308      0.523519728646     -0.852013552544
    75     -9.470511020392      0.133543511553      0.938477954065     -0.345339151755
    76    -10.254673333120      0.754099284467     -0.784162312728      0.620555772914
    77     -9.255430434306      0.715193897039      0.999242898813     -0.038905387428
    78     -8.339460147940      0.313947794886      0.915970286367     -0.401246102153
    79     -7.505108905795     -0.237285372415      0.834351242144     -0.551233167301
    80     -6.507539244181     -0.306961553614      0.997569661614     -0.069676181199
    81     -7.342744965073      0.242976082659     -0.835205720892      0.549937636273
    82     -6.637992997280      0.952429861204      0.704751967793      0.709453778545
    83     -6.964266494049      1.897705273614     -0.326273496769      0.945275412410
    84     -6.951091098092      2.897618474318      0.013175395956      0.999913200704
    85     -6.035548252888      2.495398014129      0.915542845205     -0.402220460188
    86     -5.051384302080      2.672658607415      0.984163950807      0.177260593285
    87     -4.486301535962      1.847624385436      0.565082766118     -0.825034221979
    88     -4.397134388673      0.851607708947      0.089167147289     -0.996016676489
    89     -5.090976695771      0.131480738975     -0.693842307098     -0.720126969972
    90     -4.381101522981      0.835808247351      0.709875172791      0.704327508376
    91     -5.108884701409      0.150000952846     -0.727783178428     -0.685807294505
    92     -6.097401466814     -0.001110279410     -0.988516765405     -0.151111232256
    93     -5.265233885137      0.553413945494      0.832167581677      0.554524224904
    94     -4.500335094118     -0.090736533430      0.764898791019     -0.644150478924
    95     -4.776033171947     -1.051980815536     -0.275698077829     -0.961244282106
    96     -5.025618381842     -0.083627975399     -0.249585209895      0.968352840137
    97     -5.608375126939      0.729018673547     -0.582756745097      0.812646648946
    98     -4.973394732150      1.501546924314      0.634980394789      0.772528250767
    99     -5.660771427854      0.775245830963     -0.687376695703     -0.726301093352
   100     -6.125252922089      1.660828656854     -0.464481494235      0.885582825891
   101     -6.890597230509      2.304449732929     -0.765344308421      0.643621076075
   102     -5.919120737045      2.067313859123      0.971476493464     -0.237135873806
   103     -6.526630823077      2.861625822628     -0.607510086033      0.794311963506
   104     -7.452332498544      2.483371400264     -0.925701675467     -0.378254422364
   105     -7.463358332122      3.483310613914     -0.011025833578      0.999939213649
   106     -7.187091434443      2.522229659339      0.276266897680     -0.961080954575
   107     -8.054156485781      2.024034720838     -0.867065051338     -0.498194938501
   108     -7.768769206992      1.065622439455      0.285387278789     -0.958412281383
   109     -8.414749811981      0.302268617183     -0.645980604989     -0.763353822273
   110     -9.047981617697     -0.471693578425     -0.633231805716     -0.773962195607
   111     -9.913944698551     -0.971801509373     -0.865963080854     -0.500107930948
   112     -9.264061801570     -0.211767154747      0.649882896981      0.760034354626
   113     -9.887033432614      0.570477274389     -0.622971631044      0.782244429136
   114    -10.800842719696      0.164333719912     -0.913809287082     -0.406143554477
   115     -9.881735836783     -0.229674576679      0.919106882913     -0.394008296591
   116     -9.024262899941     -0.744203645423      0.857472936843     -0.514529068744
   117     -8.072307911359     -1.050441624311      0.951954988582     -0.306237978889
   118     -8.873658265181     -0.452246329755     -0.801350353822      0.598195294556
   119     -9.615530822108     -1.122787237737     -0.741872556927     -0.670540907982
   120     -9.685861494157     -2.120310970071     -0.070330672049     -0.997523732334
   121     -8.735843593895     -2.432506404345      0.950017900262     -0.312195434274
   122     -8.409733785726     -1.487174508651      0.326109808169      0.945331895694
   123     -8.733548223356     -0.541053897956     -0.323814437630      0.946120610695
   124     -8.796915920547     -1.539044145880     -0.063367697191     -0.997990247925
   125     -8.420938619686     -0.612415272362      0.375977300861      0.926628873518
   126     -8.317557300590     -1.607057068619      0.103381319095     -0.994641796257
   127     -8.387234013360     -0.609487444133     -0.069676712769      0.997569624486
   128     -7.417931461313     -0.363616415756      0.969302552047      0.245871028377
   129     -8.345945723162      0.008928252443     -0.928014261849      0.372544668200
   130     -8.621914728745      0.970094787419     -0.275969005583      0.961166534976
   131     -9.601166495540      0.767447366442     -0.979251766795     -0.202647420978
   132     -8.628324097498      0.535978861949      0.972842398042     -0.231468504493
   133     -9.623470557450      0.437573967529     -0.995146459952     -0.098404894420
   134     -8.693614912305      0.069649411142      0.929855645145     -0.367924556387
   135     -8.929518961611     -0.902126941483     -0.235904049306     -0.971776352625
   136     -8.192336858580     -0.226432819139      0.737182103032      0.675694122344
   137     -8.791894867288     -1.026764121909     -0.599558008708     -0.800331302770
   138     -7.806761503420     -1.198555435406      0.985133363869     -0.171791313497
   139     -8.237435867589     -0.296048043720     -0.430674364169      0.902507391686
   140     -7.593912586687     -1.061474582937      0.643523280902     -0.765426539217
   141     -8.266717916795     -1.801294147275     -0.672805330108     -0.739819564339
   142     -8.911873842968     -1.037243212505     -0.645155926174      0.764050934770
   143     -7.931472552589     -0.840232274174      0.980401290380      0.197010938331
   144     -7.294976110524     -0.068952636663      0.636496442065      0.771279637511
   145     -8.261733408461      0.186743133513     -0.966757297937      0.255695770176
   146     -8.600396381059      1.127650881908     -0.338662972598      0.940907748396
   147     -7.826446786592      1.760898088948      0.773949594467      0.633247207040
   148     -8.801776044981      1.981653242299     -0.975329258389      0.220755153350
   149     -8.915918789822      2.975117601901     -0.114142744842      0.993464359602
   150     -8.380470865540      3.819685846853      0.535447924282      0.844568244952
   151     -7.482000517442      4.258720052341      0.898470348098      0.439034205488
   152     -8.353945518355      4.748323887480     -0.871945000913      0.489603835139
   153     -8.408922213744      5.746811525343     -0.054976695389      0.998487637862
   154     -8.928320986502      6.601343511202     -0.519398772758      0.854531985860
   155     -9.916682164884      6.449217967429     -0.988361178381     -0.152125543773
   156    -10.406461331570      7.321064495139     -0.489779166687      0.871846527710
   157    -11.092711696985      8.048429902598     -0.686250365415      0.727365407459
   158    -11.618900951844      8.898797392611     -0.526189254859      0.850367490013
   159    -10.922956911397      8.180701373567      0.695944040447     -0.718096019044
   160    -11.044631714662      7.188131354752     -0.121674803264     -0.992570018815
   161    -10.184004422890      7.697366727304      0.860627291771      0.509235372552
   162     -9.363672788206      8.269254836235      0.820331634684      0.571888108931
   163     -9.075395439308      7.311707881714      0.288277348899     -0.957546954521
   164     -9.303743470988      8.285287450331     -0.228348031681      0.973579568617
   165     -9.790863473102      9.158622496885     -0.487120002114      0.873335046555
   166    -10.308124047551      8.302794536299     -0.517260574449     -0.855827960586
   167    -10.612382351028      7.350204968455     -0.304258303477     -0.952589567844
   168    -10.333709621632      8.310591093871      0.278672729397      0.960386125416
   169     -9.658813199547      7.572678619754      0.674896422084     -0.737912474117
   170     -8.969257819617      8.296911578138      0.689555379930      0.724232958384
   171     -8.872940983159      7.301560852506      0.096316836458     -0.995350725631
   172     -8.930098040396      6.303195653389     -0.057157057237     -0.998365199117
   173     -9.915359314292      6.132139457473     -0.985261273896     -0.171056195916
   174     -9.709362841899      7.110692191546      0.205996472393      0.978552734073
   175    -10.700621857698      6.978762044883     -0.991259015798     -0.131930146664
   176     -9.730096090549      7.219759421011      0.970525767148      0.240997376129
   177    -10.350940486480      6.435825599798     -0.620844395931     -0.783933821213
   178     -9.607436699079      5.767093876219      0.743503787401     -0.668731723579
   179    -10.535873854817      6.138583375192     -0.928437155737      0.371489498972
   180    -11.428280314393      5.687350939626     -0.892406459576     -0.451232435566
   181    -10.594750921928      5.134875825346      0.833529392464     -0.552475114279
   182     -9.903418987027      4.412338521267      0.691331934901     -0.722537304079
   183    -10.691889946463      3.797266536760     -0.788470959436     -0.615071984508
   184    -11.551852013254      4.307624493179     -0.859962066791      0.510357956419
   185    -12.475001609774      4.692065415095     -0.923149596521      0.384440921916
   186    -13.471470643639      4.776026504585     -0.996469033865      0.083961089490
   187    -14.097061710524      5.556177654706     -0.625591066885      0.780151150120
   188    -14.588724398429      4.685391916810     -0.491662687905     -0.870785737895
   189    -13.610886858167      4.476026817392      0.977837540262     -0.209365099418
   190    -12.727694915038      4.945038535362      0.883191943128      0.469011717970
   191    -12.824447421357      5.940347006401     -0.096752506318      0.995308471039
   192    -12.044266780405      6.565901294600      0.780180640951      0.625554288199
   193    -11.677146643029      5.635727759859      0.367120137376     -0.930173534741
   194    -11.022938625378      6.392042422973      0.654208017650      0.756314663114
   195    -10.023222760050      6.415879130202      0.999715865328      0.023836707228
   196     -9.040559814664      6.230478116812      0.982662945386     -0.185401013390
   197     -9.944507800674      6.658120535883     -0.903947986010      0.427642419071
   198    -10.777012623433      6.104102738259     -0.832504822759     -0.554017797623
   199     -9.982232616215      6.711000373883      0.794780007218      0.606897635624
   200     -9.831425756539      5.722437128019      0.150806859676     -0.988563245865
   201     -9.016609137204      6.302155919207      0.814816619334      0.579718791188
   202     -9.937027790332      5.911221777726     -0.920418653127     -0.390934141481
   203    -10.808439243584      5.420668947605     -0.871411453253     -0.490552830121
   204    -10.173108485175      4.648428811755      0.635330758410     -0.772240135850
   205    -10.566442333972      3.729033095325     -0.393333848798     -0.919395716430
   206    -11.363284549201      4.333220553014     -0.796842215229      0.604187457690
   207    -10.482719063690      4.807145046711      0.880565485511      0.473924493697
   208     -9.672720321684      5.393576660754      0.809998742006      0.586431614042
   209    -10.161801553207      6.265814901702     -0.489081231523      0.872238240948
   210    -11.160899862575      6.308271564513     -0.999098309368      0.042456662811
   211    -10.178061435263      6.492740059924      0.982838427312      0.184468495411
   212     -9.683605474352      5.623537377738      0.494455960911     -0.869202682186
   213     -8.723223191036      5.344851407706      0.960382283316     -0.278685970032
   214     -8.933988599977      4.367314737093     -0.210765408941     -0.977536670613
   215     -9.844068092936      4.781748467012     -0.910079492960      0.414433729919
   216     -9.026847543685      4.205423407795      0.817220549251     -0.576325059217
   217     -8.267211067950      4.855771333703      0.759636475735      0.650347925908
   218     -7.371280491007      5.299965436881      0.895930576943      0.444194103178
   219     -8.316490680186      5.626427836357     -0.945210189179      0.326462399476
   220     -7.350685947235      5.367157286913      0.965804732951     -0.259270549444
   221     -7.970518470499      4.582423164357     -0.619832523264     -0.784734122556
   222     -7.353414574525      3.795541482290      0.617103895975     -0.786881682067
   223     -6.517583391039      3.246554931715      0.835831183486     -0.548986550575
   224     -5.764137084257      2.589045492393      0.753446306781     -0.657509439322
   225     -6.694469505166      2.955762803964     -0.930332420909      0.366717311571
   226     -7.288497681684      2.151318570034     -0.594028176518     -0.804444233929
   227     -8.034175516415      2.817625231258     -0.745677834731      0.666306661224
   228     -8.730070496356      3.535768794129     -0.695894979941      0.718143562871
   229     -9.183826874988      2.644643018017     -0.453756378631     -0.891125776112
   230     -8.201256790344      2.458750498634      0.982570084644     -0.185892519383
   231     -7.818002538353      1.535107614002      0.383254251990     -0.923642884632
   232     -6.853879338955      1.269652426859      0.964123199399     -0.265455187144
   233     -7.836628691130      1.454594879527     -0.982749352175      0.184942452668
   234     -8.815763333885      1.251382302758     -0.979134642755     -0.203212576769
   235     -8.372836141089      2.147939887011      0.442927192796      0.896557584253
   236     -9.222095842511      1.619964547112     -0.849259701421     -0.527975339899
   237     -9.949666035970      2.305997792363     -0.727570193459      0.686033245251
   238    -10.949294690515      2.278747966472     -0.999628654546     -0.027249825891
   239    -10.085596354785      1.774738854594      0.863698335731     -0.504009111878
   240    -10.933754601395      2.304481800470     -0.848158246611      0.529742945877
   241    -11.926732093230      2.422785226924     -0.992977491834      0.118303426454
   242    -11.848822703867      3.419745670999      0.077909389363      0.996960444074
   243    -12.577818336586      4.104264018070     -0.728995632719      0.684518347071
   244    -11.783699969540      4.712027145547      0.794118367046      0.607763127477
   245    -12.398766758177      3.923552132933     -0.615066788637     -0.788475012613
   246    -11.599855747135      4.525001379699      0.798911011043      0.601449246766
   247    -11.331873210306      3.561577610034      0.267982536829     -0.963423769665
   248    -10.359076985059      3.793240088966      0.972796225247      0.231662478931
   249    -10.290979150162      4.790918737069      0.068097834897      0.997678648104
   250     -9.553630183722      5.466430766340      0.737348966440      0.675512029271
   251     -8.654590998318      5.904298946400      0.899039185404      0.437868180060
   252     -9.350561295443      6.622369517807     -0.695970297125      0.718070571406
   253     -9.266089554397      7.618795393105      0.084471741045      0.996425875299
   254    -10.238367377944      7.852624035146     -0.972277823547      0.233828642041
   255     -9.553020522400      7.124407249020      0.685346855544     -0.728216786126
   256     -8.757807825741      7.730737824756      0.795212696659      0.606330575736
   257     -9.701785177974      8.060748064706     -0.943977352233      0.330010239950
   258    -10.420600576265      8.755949059512     -0.718815398292      0.695200994806
   259     -9.424396850013      8.843001548286      0.996203726252      0.087052488774
   260     -8.523265575581      8.409455211384      0.901131274432     -0.433546336902
   261     -9.339352713334      7.831526337218     -0.816087137752     -0.577928874166
   262     -8.366876252385      7.598525193658      0.972476460949     -0.233001143560
   263     -9.056670888803      6.874520111101     -0.689794636418     -0.724005082557
   264     -9.765283239921      6.168922112349     -0.708612351118     -0.705597998752
   265    -10.550144103905      5.549250082815     -0.784860863984     -0.619672029534
   266    -11.346800404765      4.944817507335     -0.796656300860     -0.604432575479
   267    -10.593482013347      5.602473497312      0.753318391418      0.657655989976
   268     -9.617179703257      5.386062316195      0.976302310090     -0.216411181117
   269    -10.238501097269      6.169618137654     -0.621321394012      0.783555821459
   270     -9.536922072221      6.882209796048      0.701579025048      0.712591658394
   271    -10.232840902750      6.164089345625     -0.695918830529     -0.718120450423
   272    -10.856120501467      5.382090277964     -0.623279598717     -0.781999067661
   273    -11.425710112328      4.560161038188     -0.569589610861     -0.821929239776
   274    -10.558351860863      4.062476737032      0.867358251464     -0.497684301155
   275    -11.085413947962      4.912303517231     -0.527062087099      0.849826780199
   276    -10.146158086906      4.569085762051      0.939255861056     -0.343217755180
   277    -10.685382652670      5.411247781900     -0.539224565764      0.842162019849
   278     -9.811458954792      5.897310915954      0.873923697879      0.486063134054
   279     -9.656304560767      6.885201149742      0.155154394024      0.987890233789
   280    -10.180752543231      6.033758659794     -0.524447982464     -0.851442489949
   281    -11.180751688561      6.035066076817     -0.999999145330      0.001307417024
   282    -11.202162977374      5.035295324739     -0.021411288813     -0.999770752078
   283    -10.623641269803      4.219628337624      0.578521707571     -0.815666987115
   284    -11.258848737379      3.447286785502     -0.635207467577     -0.772341552123
   285    -11.589176804078      2.503420604122     -0.330328066698     -0.943866181379
   286    -12.111220226764      3.356339512829     -0.522043422686      0.852918908707
   287    -11.119805797701      3.487096653538      0.991414429063      0.130757140709
   288    -12.119037076466      3.447893955433     -0.999231278764     -0.039202698106
   289    -12.969999609811      2.922667559635     -0.850962533345     -0.525226395798
   290    -13.321009433173      3.859039336176     -0.351009823362      0.936371776541
   291    -12.929596977891      4.779254685891      0.391412455282      0.920215349715
   292    -12.816484474766      3.785672499236      0.113112503125     -0.993582186654
   293    -13.293098257805      4.664785291668     -0.476613783039      0.879112792432
   294    -13.949453341665      5.419237413337     -0.656355083860      0.754452121669
   295    -13.137897184459      4.834962988344      0.811556157206     -0.584274424993
   296    -12.296101921369      4.295166049637      0.841795263091     -0.539796938708
   297    -12.984460195406      5.020536911034     -0.688358274037      0.725370861397
   298    -12.041319040723      4.688144428654      0.943141154683     -0.332392482380
   299    -12.976349165399      4.333576147575     -0.935030124677     -0.354568281079
   300    -13.416785530151      3.435792315796     -0.440436364751     -0.897783831780
   301    -12.459542914747      3.146505995250      0.957242615404     -0.289286320545
   302    -13.252342862715      3.755987941251     -0.792799947969      0.609481946001
   303    -13.793017838025      2.914756361320     -0.540674975310     -0.841231579931
   304    -12.793636885059      2.949937476249      0.999380952967      0.035181114928
   305    -12.657813738085      3.940670574891      0.135823146974      0.990733098643
   306    -13.207158940078      3.105075069250     -0.549345201993     -0.835595505641
   307    -14.086898088612      2.629618414510     -0.879739148534     -0.475456654740
   308    -13.264996944246      2.059988263544      0.821901144366     -0.569630150966
   309    -13.918550850376      1.303108291698     -0.653553906130     -0.756879971846
   310    -14.892529694560      1.076469347377     -0.973978844184     -0.226638944320
   311    -14.869036267866      2.076193338738      0.023493426694      0.999723991361
   312    -14.474569839137      2.995103691605      0.394466428729      0.918910352867
   313    -13.608720234639      2.494799321855      0.865849604498     -0.500304369750
   314    -12.882375498548      1.807468743201      0.726344736091     -0.687330578654
   315    -11.933529603007      1.491729188321      0.948845895541     -0.315739554880
   316    -11.806123624363      0.499878535952      0.127405978645     -0.991850652369
   317    -10.807161912321      0.454320903493      0.998961712041     -0.045557632459
   318    -10.840072210007     -0.545137405946     -0.032910297686     -0.999458309439
   319    -10.550332349238     -1.502242840620      0.289739860769     -0.957105434674
   320    -10.493487228623     -0.503859831819      0.056845120615      0.998383008801
   321     -9.884260659053      0.289136376829      0.609226569570      0.792996208648
   322     -8.926016853223      0.575088835444      0.958243805830      0.285952458615
   323     -7.938035994036      0.729665101019      0.987980859188      0.154576265574
   324     -6.980256850649      0.442160122810      0.957779143386     -0.287504978208
   325     -6.243306509722     -0.233786764902      0.736950340927     -0.675946887712
   326     -6.888961690275      0.529842325577     -0.645655180553      0.763629090479
   327     -6.552297408463     -0.411782419930      0.336664281812     -0.941624745507
   328     -7.536084214897     -0.232440513263     -0.983786806434      0.179341906667
   329     -6.567100120690     -0.479563610472      0.968984094207     -0.247123097209
   330     -6.678075054578     -1.473386816102     -0.110974933888     -0.993823205630
   331     -5.705460723505     -1.240961854035      0.972614331073      0.232424962067
   332     -5.193006567209     -2.099676438571      0.512454156296     -0.858714584536
   333     -5.880844316645     -2.825540909703     -0.687837749436     -0.725864471132
   334     -5.584362265971     -1.870502484492      0.296482050674      0.955038425210
   335     -6.475223611483     -1.416227168112     -0.890861345512      0.454275316380
   336     -7.040493142177     -2.241133440163     -0.565269530694     -0.824906272051
   337     -6.153755212406     -2.703405918151      0.886737929771     -0.462272477988
   338     -6.186660014950     -3.702864408519     -0.032904802544     -0.999458490368
   339     -6.658016967710     -2.820921880298     -0.471356952760      0.881942528221
   340     -7.538261500671     -3.295442229907     -0.880244532961     -0.474520349609
   341     -6.615562572238     -2.909920910822      0.922698928433      0.385521319085
   342     -7.422258289309     -3.500887931949     -0.806695717071     -0.590967021127
   343     -7.085529778569     -4.442489710863      0.336728510741     -0.941601778914
   344     -6.550274742185     -3.597799207764      0.535255036383      0.844690503099
   345     -5.874976125646     -4.335343632528      0.675298616539     -0.737544424764
   346     -5.282753208873     -5.141117804892      0.592222916774     -0.805774172364
   347     -5.791140212651     -6.002246514429     -0.508387003779     -0.861128709537
   348     -4.833924079998     -6.291620451382      0.957216132653     -0.289373936953
   349     -5.749044300366     -6.694801530145     -0.915120220369     -0.403181078763
   350     -6.516106811041     -7.336373899187     -0.767062510675     -0.641572369041
   351     -6.685368424307     -6.350802741799     -0.169261613266      0.985571157388
   352     -7.445227118311     -5.700714466911     -0.759858694004      0.650088274888
   353     -6.486657035097     -5.985571265262      0.958570083214     -0.284856798351
   354     -5.862988645490     -5.203882235144      0.623668389607      0.781689030117
   355     -6.687263131439     -5.770072637583     -0.824274485949     -0.566190402439
   356     -7.678828853500     -5.899677494102     -0.991565722061     -0.129604856519
   357     -6.680652822613     -5.839306877390      0.998176030887      0.060370616712
   358     -6.188517462590     -4.968788188668      0.492135360023      0.870518688722
   359     -5.602561163910     -4.158445535195      0.585956298680      0.810342653472
   360     -6.575329670412     -3.926666690695     -0.972768506502      0.231778844500
   361     -5.983025587161     -3.120952179863      0.592304083250      0.805714510832
   362     -5.039440285605     -3.452081729566      0.943585301556     -0.331129549703
   363     -5.145251381006     -4.446467978511     -0.105811095401     -0.994386248945
   364     -4.664581498550     -3.569566351132      0.480669882457      0.876901627379
   365     -4.246517734211     -2.661148666943      0.418063764339      0.908417684189
   366     -4.224738070914     -1.661385871943      0.021779663297      0.999762795000
   367     -3.277530598203     -1.982007149529      0.947207472711     -0.320621277586
   368     -4.248157704297     -1.741418245137     -0.970627106094      0.240588904392
   369     -3.652881481692     -0.937897107393      0.595276222604      0.803521137744
   370     -3.683682597500     -1.937422640466     -0.030801115808     -0.999525533073
   371     -3.052936669932     -1.161433223750      0.630745927569      0.775989416716
   372     -2.806363277724     -0.192309102569      0.246573392208      0.969124121181
   373     -2.088202922709     -0.888186753083      0.718160355015     -0.695877650514
   374     -2.110391408689      0.111567052156     -0.022188485980      0.999753805239
   375     -3.101848399866      0.242001076267     -0.991456991177      0.130434024110
   376     -2.849828563759     -0.725720992412      0.252019836107     -0.967722068679
   377     -2.334084062321      0.131021448019      0.515744501438      0.856742440431
   378     -1.779111540773     -0.700847231718      0.554972521548     -0.831868679737
   379     -1.386054667887     -1.620361394021      0.393056872886     -0.919514162304
   380     -2.109985218868     -0.930488538086     -0.723930550981      0.689872855935
   381     -1.551576956166     -0.100922258549      0.558408262702      0.829566279538
   382     -1.678970224153      0.890930026457     -0.127393267987      0.991852285006
   383     -0.855256428409      1.457935831278      0.823713795745      0.567005804820
   384     -1.540702049043      0.729812008599     -0.685445620635     -0.728123822679
   385     -0.871312516052      1.472723613785      0.669389532992      0.742911605187
   386     -1.642091456691      2.109826293632     -0.770778940639      0.637102679846
   387     -1.058261337158      2.921702140991      0.583830119533      0.811875847360
   388     -1.654562590067      3.724462887278     -0.596301252910      0.802760746286
   389     -0.815949588154      3.179735218600      0.838613001913     -0.544727668677
   390      0.178210842565      3.071823041377      0.994160430719     -0.107912177223
   391      1.041784936066      2.567601081292      0.863574093502     -0.504221960086
   392      2.023147531332      2.375435900748      0.981362595266     -0.192165180543
   393      2.497238808013      1.494960198996      0.474091276681     -0.880475701752
   394      3.295313825340      0.892402096639      0.798075017328     -0.602558102358
   395      2.492767799208      1.488992304352     -0.802546026132      0.596590207713
   396      1.670989023300      0.919185632342     -0.821778775908     -0.569806672010
   397      2.284705479221      0.129659121240      0.613716455920     -0.789526511102
   398      2.188939217138      1.125062970462     -0.095766262082      0.995403849222
   399      1.293980336103      1.571211601812     -0.894958881036      0.446148631350
   400      0.557350790571      2.247508069827     -0.736629545532      0.676296468015
   401      1.033474426772      3.126886420169      0.476123636201      0.879378350342
   402      1.628090146779      2.322876379485      0.594615720007     -0.804010040684
   403      1.515964241045      1.329182371622     -0.112125905734     -0.993694007863
   404      2.455750577661      0.987419820264      0.939786336616     -0.341762551358
   405      2.455866133785      1.987419813587      0.000115556124      0.999999993323
   406      1.703096382042      2.645703719558     -0.752769751743      0.658283905971
   407      1.103574513772      3.446062095204     -0.599521868270      0.800358375645
   408      2.083949270417      3.643205029474      0.980374756645      0.197142934270
   409      2.498858579356      2.733342256658      0.414909308939     -0.909862772816
   410      3.240517253739      3.404119724013      0.741658674383      0.670777467355
   411      3.094065433379      2.414901919729     -0.146451820360     -0.989217804284
   412      2.452467446453      3.181943002835     -0.641597986927      0.767041083106
   413      1.894408282347      4.011744165377     -0.558059164106      0.829801162543
   414      1.062712102383      3.456513164591     -0.831696179964     -0.555231000786
   415      0.866040949497      2.476043655824     -0.196671152886     -0.980469508767
   416     -0.125990090402      2.602037369467     -0.992031039899      0.125993713643
   417      0.794283993283      2.210763027223      0.920274083685     -0.391274342243
   418      0.143452918756      2.969985598299     -0.650831074527      0.759222571075
   419      0.098070157455      3.968955269999     -0.045382761301      0.998969671700
   420      0.631125229943      4.815035815630      0.533055072488      0.846080545631
   421      1.484017309404      5.337123069633      0.852892079461      0.522087254003
   422      0.867048618006      4.550135373519     -0.616968691398     -0.786987696114
   423      0.705106371874      3.563335135924     -0.161942246133     -0.986800237595
   424      1.533109640085      3.002611863862      0.828003268211     -0.560723272062
   425      2.065731531553      2.156258556591      0.532621891468     -0.846353307271
   426      1.193938700617      2.646133295610     -0.871792830936      0.489874739019
   427      0.863698835181      1.702236250759     -0.330239865435     -0.943897044850
   428     -0.075238081021      1.358146920219     -0.938936916203     -0.344089330540
   429      0.204939514810      2.318095103609      0.280177595831      0.959948183390
   430     -0.761712075001      2.574190210777     -0.966651589811      0.256095107168
   431     -1.512237243709      1.913348345323     -0.750525168707     -0.660841865454
   432     -1.877713118734      0.982527532936     -0.365475875025     -0.930820812388
   433     -0.897067052892      0.786738632459      0.980646065841     -0.195788900476
   434      0.101076123048      0.725827218730      0.998143175941     -0.060911413729
   435     -0.390223950617     -0.145163158723     -0.491300073666     -0.870990377453
   436      0.328758597458     -0.840191284458      0.718982548076     -0.695028125735
   437      0.398669461576     -1.837744526685      0.069910864117     -0.997553242227
   438      1.091451686291     -1.116597669853      0.692782224715      0.721146856832
   439      0.648812716499     -2.013297587564     -0.442638969791     -0.896699917711
   440      1.404957710280     -1.358893470538      0.756144993781      0.654404117026
   441      2.400137755265     -1.456958133206      0.995180044985     -0.098064662668
   442      3.229918162708     -2.015048157686      0.829780407443     -0.558090024480
   443      2.762446143082     -2.899056025788     -0.467472019626     -0.884007868102
   444      2.382427169293     -1.974077334379     -0.380018973788      0.924978691409
   445      3.306144278536     -1.591002012684      0.923717109243      0.383075321695
   446      2.655819528758     -0.831345695771     -0.650324749778      0.759656316913
   447      2.907697503546      0.136413306159      0.251877974788      0.967759001930
   448      2.196198215892     -0.566273511469     -0.711499287654     -0.702686817628
   449      1.274869951442     -0.955059093923     -0.921328264451     -0.388785582454
   450      1.805061366916     -0.107181117468      0.530191415475      0.847877976455
   451      1.837401660336      0.892295798434      0.032340293420      0.999476915902
   452      2.095559482791      1.858398556274      0.258157822454      0.966102757840
   453      1.104706947832      1.993347635435     -0.990852534958      0.134949079162
   454      0.171259368370      2.352061471796     -0.933447579462      0.358713836360
   455     -0.824051306365      2.448791305659     -0.995310674735      0.096729833863
   456     -0.818147302860      3.448773876878      0.005904003504      0.999982571219
   457     -1.004367477361      4.431281915832     -0.186220174501      0.982508038954
   458     -1.970415127538      4.689645879238     -0.966047650177      0.258363963407
   459     -2.673491321763      3.978531356032     -0.703076194225     -0.711114523206
   460     -1.676425544256      4.055080917265      0.997065777507      0.076549561233
   461     -2.510636665917      4.606526113543     -0.834211121661      0.551445196278
   462     -2.395945726708      3.613124891245      0.114690939208     -0.993401222298
   463     -2.498815349828      2.618430043244     -0.102869623120     -0.994694848001
   464     -3.438125660186      2.275361331678     -0.939310310358     -0.343068711566
   465     -4.397465408161      2.557615203141     -0.959339747975      0.282253871463
   466     -3.642872359034      1.901422144499      0.754593049126     -0.656193058642
   467     -3.362448640883      0.941545830437      0.280423718151     -0.959876314063
   468     -2.633033893918      0.257474104001      0.729414746966     -0.684071726436
   469     -2.546314020066     -0.738758631598      0.086719873852     -0.996232735599
   470     -2.896389261774     -1.675480215177     -0.350075241708     -0.936721583579
   471     -3.577227110582     -2.407914392173     -0.680837848807     -0.732434176996
   472     -4.148823036031     -1.587379141248     -0.571595925449      0.820535250925
   473     -4.787738457068     -0.818102152927     -0.638915421037      0.769276988321
   474     -4.708098596561     -1.814925854801      0.079639860507     -0.996823701874
   475     -3.787551089954     -1.424295226099      0.920547506607      0.390630628702
   476     -4.360688605631     -0.604836021426     -0.573137515677      0.819459204673
   477     -3.877930234791     -1.480589614273      0.482758370840     -0.875753592847
   478     -2.901834644061     -1.263247952930      0.976095590731      0.217341661343
   479     -1.917682290593     -1.440572923434      0.984152353468     -0.177324970504
   480     -2.762684107345     -1.975336356820     -0.845001816752     -0.534763433386
   481     -3.759789470661     -2.051368550301     -0.997105363316     -0.076032193482
   482     -3.786106295236     -3.051022202695     -0.026316824576     -0.999653652394
   483     -3.066259691240     -3.745155379193      0.719846603996     -0.694133176498
   484     -2.296501929869     -3.106819269601      0.769757761371      0.638336109592
   485     -3.115987409425     -2.533719322998     -0.819485479556      0.573099946603
   486     -3.701291372747     -1.722905367445     -0.585303963322      0.810813955553
   487     -4.454812152642     -1.065481277328     -0.753520779895      0.657424090117
   488     -3.723965602981     -1.748023086193      0.730846549661     -0.682541808864
   489     -3.616542398310     -2.742236471286      0.107423204671     -0.994213385093
   490     -4.592247843651     -2.961322947206     -0.975705445341     -0.219086475920
   491     -5.122547085487     -3.809133488606     -0.530299241836     -0.847810541400
   492     -6.039201426078     -4.208814386168     -0.916654340591     -0.399680897562
   493     -5.482973392760     -5.039844093791      0.556228033318     -0.831029707622
   494     -5.017476276230     -4.154794697145      0.465497116530      0.885049396645
   495     -4.752116349139     -3.190645274548      0.265359927090      0.964149422597
   496     -5.221002106994     -4.073904096231     -0.468885757855     -0.883258821683
   497     -5.818741364688     -4.875594672334     -0.597739257694     -0.801690576103
   498     -5.933090267534     -5.869035324017     -0.114348902846     -0.993440651684
   499     -5.189716371185     -5.200159214244      0.743373896350      0.668876109774
   500     -6.118920348183     -4.830591941437     -0.929203976999      0.369567272806
   501     -5.628321848427     -5.701977683825      0.490598499756     -0.871385742388
   502     -4.640377832227     -5.856789249459      0.987944016200     -0.154811565634
   503     -3.659923052087     -6.053533815078      0.980454780140     -0.196744565618
   504     -4.577875804069     -6.450223549162     -0.917952751982     -0.396689734084
   505     -4.175099337985     -5.534925172474      0.402776466084      0.915298376688
   506     -3.336469372803     -6.079626725160      0.838629965182     -0.544701552687
   507     -2.457738102695     -5.602309896487      0.878731270108      0.477316828674
   508     -2.117211145818     -4.662075143013      0.340526956877      0.940234753474
   509     -2.972072169683     -5.180932184863     -0.854861023864     -0.518857041850
   510     -2.823081650027     -4.192093560490      0.148990519655      0.988838624374
   511     -2.033414860608     -4.805629510283      0.789666789419     -0.613535949793
   512     -1.038040115485     -4.709561218061      0.995374745123      0.096068292221
   513     -0.760164328319     -5.670178231708      0.277875787166     -0.960617013646
   514      0.185126998891     -5.343950846742      0.945291327210      0.326227384966
   515      0.411649085128     -6.317956875700      0.226522086236     -0.974006028958
   516      1.072706502843     -7.068292194397      0.661057417716     -0.750335318696
   517      1.829814539588     -7.721581885648      0.757108036745     -0.653289691252
   518      2.178727041459     -6.784426580462      0.348912501871      0.937155305186
   519      3.084458647449     -6.360574887165      0.905731605990      0.423851693297
   520      2.316500739443     -5.720074573715     -0.767957908007      0.640500313450
   521      1.650034872650     -4.974539029022     -0.666465866793      0.745535544693
   522      1.639333162562     -5.974481764083     -0.010701710088     -0.999942735061
   523      0.903514710119     -6.651660621582     -0.735818452443     -0.677178857499
   524      1.607775671442     -5.941719427992      0.704260961323      0.709941193591
   525      1.060563380202     -5.104725575974     -0.547212291240      0.836993852018
   526      0.470455040952     -4.297401509723     -0.590108339249      0.807324066251
   527     -0.434675807975     -3.872268417245     -0.905130848927      0.425133092478
   528     -1.285253283678     -3.346418668907     -0.850577475703      0.525849748338
   529     -1.452450477157     -4.332342143875     -0.167197193479     -0.985923474968
   530     -2.031212591915     -3.516845721736     -0.578762114758      0.815496422139
   531     -1.111754619923     -3.910034019809      0.919457971992     -0.393188298073
   532     -0.182939863686     -4.280578414716      0.928814756237     -0.370544394907
   533      0.808358680924     -4.412211220102      0.991298544610     -0.131632805386
   534      1.518948882671     -5.115817335184      0.710590201747     -0.703606115082
   535      0.756467693933     -4.468806951326     -0.762481188738      0.647010383858
   536     -0.042899625543     -3.867964302578     -0.799367319476      0.600842648748
   537      0.828803314907     -4.357998978506      0.871702940449     -0.490034675928
   538      0.285355554180     -5.197441967256     -0.543447760726     -0.839442988750
   539     -0.323919198986     -4.404482778423     -0.609274753167      0.792959188832
   540     -0.537736198589     -5.381356511656     -0.213816999603     -0.976873733233
   541     -0.454072404317     -6.377850550539      0.083663794272     -0.996494038882
   542     -1.246622983984     -5.768044369307     -0.792550579667      0.609806181232
   543     -0.618697764457     -6.546318047830      0.627925219527     -0.778273678523
   544     -0.877633260870     -5.580423432099     -0.258935496413      0.965894615731
   545     -1.615198650736     -6.255699150359     -0.737565389866     -0.675275718260
   546     -0.616122075004     -6.212734096847      0.999076575732      0.042965053512
   547     -0.462308140524     -7.200833926601      0.153813934480     -0.988099829754
   548      0.219767906625     -6.469552677077      0.682076047149      0.731281249524
   549     -0.569872007315     -5.855982138090     -0.789639913940      0.613570538987
   550      0.127790757602     -6.572408454223      0.697662764917     -0.716426316133
   551     -0.706388218501     -7.123902276336     -0.834178976102     -0.551493822113
   552     -1.706275323187     -7.138928183364     -0.999887104686     -0.015025907028
   553     -0.709478808768     -7.058948755739      0.996796514418      0.079979427625
   554     -0.584469882538     -8.051104372748      0.125008926231     -0.992155617009
   555      0.310184277848     -8.497863741207      0.894654160385     -0.446759368459
   556      1.299906927690     -8.354863474111      0.989722649842      0.143000267096
   557      2.232111489765     -7.992931637371      0.932204562075      0.361931836740
   558      1.260997260493     -7.754316563024     -0.971114229272      0.238615074347
   559      0.317461940741     -8.085588506266     -0.943535319752     -0.331271943243
   560      0.645858897109     -7.141048703480      0.328396956369      0.944539802786
   561      0.171573094377     -8.021419635148     -0.474285802732     -0.880370931668
   562      0.564913667935     -8.940812474577      0.393340573558     -0.919392839429
   563     -0.411834247575     -8.726421454368     -0.976747915510      0.214391020210
   564     -1.383136386137     -8.488572435821     -0.971302138563      0.237849018547
   565     -2.370195884008     -8.648926879671     -0.987059497871     -0.160354443850
   566     -1.899929261713     -7.766402486833      0.470266622295      0.882524392838
   567     -1.094796498813     -8.359497111750      0.805132762900     -0.593094624917
   568     -2.068781857385     -8.132886164778     -0.973985358572      0.226610946972
   569     -2.877875630886     -8.720565725152     -0.809093773501     -0.587679560374
   570     -2.584180684398     -9.676464924025      0.293694946489     -0.955899198873
   571     -1.775250220457    -10.264369256812      0.808930463940     -0.587904332787
   572     -0.783537062239    -10.392841089587      0.991713158218     -0.128471832775
   573      0.191977405035    -10.172905816975      0.975514467274      0.219935272611
   574      0.719642011982     -9.323453015122      0.527664606946      0.849452801853
   575      0.005178916267    -10.023126142276     -0.714463095715     -0.699673127154
   576      1.002842974599    -10.091437391079      0.997664058332     -0.068311248803
   577      1.548421402483    -10.929497161637      0.545578427884     -0.838059770558
   578      1.029244866008    -11.784164186843     -0.519176536475     -0.854667025206
   579      0.732199436164    -10.829300839233     -0.297045429844      0.954863347610
   580     -0.009873125863    -10.158981279107     -0.742072562027      0.670319560126
   581      0.694383949749     -9.449036230917      0.704257075612      0.709945048191
   582      1.293186818692    -10.249932681243      0.598802868943     -0.800896450327
   583      0.645913549626    -11.012190718362     -0.647273269066     -0.762258037119
   584      1.128914279073    -10.136570769210      0.483000729447      0.875619949152
   585      2.060895977319    -10.499076099011      0.931981698246     -0.362505329802
   586      2.860514824251     -9.898568230928      0.799618846933      0.600507868083
   587      3.204959497286     -8.959761612280      0.344444673035      0.938806618648
   588      2.218646710489     -8.794876541397     -0.986312786797      0.164885070883
   589      2.668654646432     -7.901851985414      0.450007935944      0.893024555982
   590      1.725002303492     -8.232790432355     -0.943652342940     -0.330938446940
   591      0.786810750953     -7.886673962444     -0.938191552539      0.346116469911
   592      0.687447847101     -8.881725224107     -0.099362903852     -0.995051261663
   593      1.670461977721     -8.698195338255      0.983014130620      0.183529885852
   594      1.069182564806     -7.899156498395     -0.601279412915      0.799038839860
   595      1.509439800709     -8.797028185350      0.440257235902     -0.897871686955
   596      1.593650754094     -9.793476134482      0.084210953385     -0.996447949132
   597      2.593611062106     -9.784566454331      0.999960308012      0.008909680151
   598      2.673627382699    -10.781360007901      0.080016320593     -0.996793553570
   599      2.550462493112    -11.773746228066     -0.123164889586     -0.992386220165
   600      1.599319749515    -12.082497716001     -0.951142743597     -0.308751487935
   601      0.842908984217    -12.736594615658     -0.756410765298     -0.654096899657
   602      0.094904835538    -13.400288666829     -0.748004148679     -0.663694051171
   603      0.713865987056    -12.614867064814      0.618961151518      0.785421602014
   604      1.667022394109    -12.312389191749      0.953156407053      0.302477873065
   605      2.466507229292    -12.913075464535      0.799484835183     -0.600686272786
   606      1.738514704931    -13.598660531813     -0.727992524361     -0.685585067278
   607      1.025282379785    -14.299588238761     -0.713232325146     -0.700927706947
   608      0.919092875803    -15.293934149017     -0.106189503982     -0.994345910257
   609      0.995201894031    -14.296834646789      0.076109018229      0.997099502228
   610      1.540512350059    -15.135068806524      0.545310456028     -0.838234159735
   611      0.743781724502    -15.739403407799     -0.796730625557     -0.604334601276
   612      1.449505075024    -15.030915897305      0.705723350523      0.708487510495
   613      0.528052046903    -15.419405687346     -0.921453028121     -0.388489790042
   614     -0.471868393922    -15.406791726023     -0.999920440825      0.012613961323
   615     -0.059405112936    -14.495817499253      0.412463280986      0.910974226770
   616     -0.316578467974    -15.462182784981     -0.257173355038     -0.966365285727
   617      0.588762661729    -15.037497679440      0.905341129703      0.424685105540
   618     -0.330487539645    -15.431171487654     -0.919250201374     -0.393673808214
   619     -1.282928480936    -15.126448247071     -0.952440941292      0.304723240584
   620     -0.855607461283    -14.222348282375      0.427321019653      0.904099964696
   621     -0.574656914837    -15.182070528888      0.280950546447     -0.959722246513
   622      0.425185947542    -15.164343415455      0.999842862379      0.017727113432
   623      0.265422766240    -14.177188044756     -0.159763181302      0.987155370699
   624      1.128544653545    -14.682183695880      0.863121887306     -0.504995651124
   625      1.814209825408    -13.954266618120      0.685665171863      0.727917077759
   626      0.848119893878    -13.696060800611     -0.966089931530      0.258205817510
   627      0.739164354294    -12.702014176758     -0.108955539584      0.994046623853
   628      1.666837285700    -13.075407980048      0.927672931406     -0.373393803291
   629      1.813484255774    -12.086219086981      0.146646970073      0.989188893068
   630      2.671565567232    -11.572705247902      0.858081311458      0.513513839079
   631      2.081614577439    -10.765266191599     -0.589950989793      0.807439056302
   632      2.541364011076     -9.877217511475      0.459749433637      0.888048680124
   633      1.892689090995     -9.116151911111     -0.648674920081      0.761065600364
   634      2.621576432246     -8.431518254501      0.728887341252      0.684633656610
   635      3.491712688835     -7.938707038141      0.870136256589      0.492811216360
   636      3.685667846120     -8.919717434091      0.193955157285     -0.981010395950
   637      4.267166008568     -9.733265150620      0.581498162448     -0.813547716529
   638      4.944669215778     -8.997745331567      0.677503207210      0.735519819054
   639      5.185541066670     -9.968302260061      0.240871850892     -0.970556928494
   640      4.308905905125     -9.487146574714     -0.876635161546      0.481155685347
   641      4.047785761319    -10.452452883871     -0.261120143805     -0.965306309157
   642      4.536307602979     -9.579901217652      0.488521841659      0.872551666219
   643      5.411412569356     -9.095968063361      0.875104966377      0.483933154291
   644      6.336191639956     -9.476472558182      0.924779070600     -0.380504494821
   645      7.291236205837     -9.772934827589      0.955044565881     -0.296462269407
   646      6.294100899557     -9.848573316274     -0.997135306280     -0.075638488685
   647      6.850207001224     -9.017462009836      0.556106101667      0.831111306438
   648      7.687773479763     -9.563797432474      0.837566478538     -0.546335422638
   649      8.095331110739     -8.650617944403      0.407557630976      0.913179488071
   650      8.423576244646     -7.706025369762      0.328245133907      0.944592574641
   651      7.553601897537     -7.212928386023     -0.869974347108      0.493096983740
   652      7.732090835946     -6.228986467581      0.178488938409      0.983941918441
   653      6.866929829254     -5.727492267716     -0.865161006693      0.501494199866
   654      7.536705336576     -6.470055914679      0.669775507323     -0.742563646963
   655      8.399629066695     -5.964721732183      0.862923730119      0.505334182495
   656      7.506341134389     -5.515236838113     -0.893287932306      0.449484894070
   657      6.857087641102     -4.754664749844     -0.649253493287      0.760572088269
   658      6.839103402870     -5.754503020354     -0.017984238232     -0.999838270509
   659      7.774623045715     -6.107777697978      0.935519642845     -0.353274677625
   660      6.774825216918     -6.127884948742     -0.999797828797     -0.020107250763
   661      6.189444458518     -6.938643462538     -0.585380758401     -0.810758513797
   662      6.317814618366     -7.930369786713      0.128370159848     -0.991726324174
   663      5.845879342164     -8.812002984293     -0.471935276202     -0.881633197581
   664      5.931532363333     -7.815677957023      0.085653021169      0.996325027270
   665      5.503354884509     -6.911983292533     -0.428177478824      0.903694664490
   666      5.213781100765     -5.954827597900     -0.289573783744      0.957155694633
   667      4.327225947829     -5.492204683637     -0.886555152937      0.462622914263
   668      3.727153203551     -4.692259247014     -0.600072744278      0.799945436623
   669      3.357595566785     -5.621467056445     -0.369557636766     -0.929207809431
   670      3.185077634746     -6.606473433645     -0.172517932039     -0.985006377200
   671      2.248265195916     -6.956305471133     -0.936812438830     -0.349832037488
   672      1.273543693443     -6.732882122720     -0.974721502473      0.223423348413
   673      1.543787130363     -5.770090096995      0.270243436921      0.962792025726
   674      0.934694093732     -4.976991318325     -0.609093036632      0.793098778669
   675      0.836880767254     -5.972196097837     -0.097813326478     -0.995204779512
   676      1.329243598128     -5.101806045749      0.492362830875      0.870390052087
   677      0.586820045377     -4.431875252070     -0.742423552751      0.669930793680
   678      0.833347823542     -3.462739526491      0.246527778165      0.969135725579
   679      0.932717653825     -4.457790096477      0.099369830282     -0.995050569986
   680      0.304552211357     -3.679710295371     -0.628165442468      0.778079801106
   681      1.000288917067     -4.398007195216      0.695736705710     -0.718296899845
   682      1.672212084361     -3.657386335901      0.671923167294      0.740620859316
   683      0.998918567609     -4.396761639991     -0.673293516753     -0.739375304090
   684      1.502477550251     -5.260722490378      0.503558982642     -0.863960850386
   685      2.500174582590     -5.328550446718      0.997697032339     -0.067827956340
   686      3.176702163618     -6.064967741537      0.676527581028     -0.736417294819
   687      4.028581491254     -5.541229628406      0.851879327636      0.523738113131
   688      3.517990685313     -4.681405792444     -0.510590805941      0.859823835962
   689      4.153821329288     -3.909577189590      0.635830643974      0.771828602854
   690      4.295784915204     -4.899449070327      0.141963585917     -0.989871880737
   691      5.145807778310     -5.426194864992      0.850022863105     -0.526745794666
   692      4.153222843143     -5.547747925343     -0.992584935166     -0.121553060350
   693      4.786152314408     -4.773538467635      0.632929471265      0.774209457708
   694      3.790535733216     -4.867067197204     -0.995616581192     -0.093528729569
   695      4.739911645799     -4.552924910003      0.949375912583      0.314142287201
   696      5.677206502074     -4.901462357632      0.937294856275     -0.348537447630
   697      6.660802814796     -4.721078617789      0.983596312722      0.180383739843
   698      7.658841323633     -4.658475623633      0.998038508838      0.062602994156
   699      7.746457454446     -5.654629935786      0.087616130812     -0.996154312153
   700      7.249540631187     -6.522428109766     -0.496916823258     -0.867798173980
   701      6.295597679653     -6.822416184892     -0.953942951534     -0.299988075126
   702      5.919492965565     -7.748993350616     -0.376104714088     -0.926577165724
   703      6.665114503242     -8.415363009703      0.745621537677     -0.666369659087
   704      6.305339770434     -7.482323813510     -0.359774732808      0.933039196193
   705      7.152771005812     -6.951418641839      0.847431235378      0.530905171670
   706      6.186432912117     -7.208694153063     -0.966338093694     -0.257275511224
   707      6.907579539252     -7.901476616880      0.721146627135     -0.692782463817
   708      7.623271095662     -8.599893108726      0.715691556410     -0.698416491847
   709      7.902124474637     -9.560226797105      0.278853378974     -0.960333688378
   710      6.930031111866     -9.325632479062     -0.972093362770      0.234594318042
   711      7.609297043070    -10.059524701875      0.679265931204     -0.733892222813
   712      7.333345413622     -9.098353178054     -0.275951629448      0.961171523821
   713      6.333364229139     -9.092218793013     -0.999981184483      0.006134385042
   714      7.284001233154     -9.402523943790      0.950637004014     -0.310305150777
   715      6.601553479009    -10.133458320367     -0.682447754145     -0.730934376578
   716      6.875312169523     -9.171659911464      0.273758690514      0.961798408903
   717      7.249879734356     -8.244460289282      0.374567564834      0.927199622182
   718      6.907649651474     -9.184076471758     -0.342230082883     -0.939616182476
   719      7.012088848685    -10.178607745317      0.104439197211     -0.994531273559
   720      6.920938106845    -11.174444851606     -0.091150741840     -0.995837106289
   721      6.028730669018    -10.722819024303     -0.892207437827      0.451625827303
   722      5.031770933716    -10.644900565726     -0.996959735302      0.077918458577
   723      4.101221583931    -11.011067068309     -0.930549349785     -0.366166502583
   724      3.539497564489    -11.838391748216     -0.561724019441     -0.827324679907
   725      2.987869529941    -12.672481978047     -0.551628034548     -0.834090229831
   726      2.242106215960    -13.338692965288     -0.745763313981     -0.666210987241
   727      1.465034776869    -12.709280557920     -0.777071439091      0.629412407368
   728      1.076946189214    -11.787658483460     -0.388088587655      0.921622074460
   729      2.076634077568    -11.812640994930      0.999687888353     -0.024982511471
   730      1.515200359845    -12.640162704980     -0.561433717723     -0.827521710050
   731      0.902803250011    -11.849612403060     -0.612397109834      0.790550301921
   732      0.417995041494    -12.724232892732     -0.484808208517     -0.874620489672
   733      1.101019036859    -13.454628827658      0.683023995364     -0.730395934926
   734      1.477082708892    -12.528035003711      0.376063672033      0.926593823947
   735      1.352494685805    -11.535826444736     -0.124588023087      0.992208558975
   736      0.583807253401    -12.175451046564     -0.768687432404     -0.639624601828
   737      1.583074147447    -12.213735174661      0.999266894046     -0.038284128096
   738      0.585705452114    -12.286231281930     -0.997368695333     -0.072496107270
   739      0.355224546896    -11.313154433819     -0.230480905218      0.973076848111
   740      0.424405121841    -12.310758587805      0.069180574945     -0.997604153986
   741      1.046324685924    -11.527677458029      0.621919564083      0.783081129776
   742      0.278269585187    -12.168061219716     -0.768055100737     -0.640383761687
   743      0.893982217718    -11.380090437173      0.615712632530      0.787970782544
   744      1.490584989596    -10.577553751041      0.596602771878      0.802536686132
   745      0.494049222804    -10.494388460774     -0.996535766792      0.083165290267
   746      1.091380964224     -9.692394202258      0.597331741420      0.801994258516
   747      0.117034771624     -9.467339771141     -0.974346192600      0.225054431117
   748      1.010359985501     -9.017928976598      0.893325213877      0.449410794544
   749      1.986594605062     -8.801212646873      0.976234619562      0.216716329724
   750      1.558505857191     -7.897475946310     -0.428088747872      0.903736700564
   751      2.268254252611     -8.601931207627      0.709748395421     -0.704455261317
   752      1.290910708929     -8.813590361984     -0.977343543682     -0.211659154357
   753      0.415962554070     -9.297806972922     -0.874948154859     -0.484216610938
   754      0.893034806258    -10.176671050121      0.477072252188     -0.878864077200
   755      1.262591301822    -11.105879313422      0.369556495564     -0.929208263301
   756      2.025102475552    -10.458904267585      0.762511173730      0.646975045838
   757      2.436386952703    -11.370411304779      0.411284477151     -0.911507037194
   758      2.860366254649    -10.464739426270      0.423979301946      0.905671878509
   759      3.168090034606     -9.513263690768      0.307723779956      0.951475735502
   760      2.271640646489     -9.956409823039     -0.896449388116     -0.443146132270
   761      2.462520556066    -10.938023219504      0.190879909576     -0.981613396465
   762      3.182423126890    -11.632098351259      0.719902570824     -0.694075131755
   763      2.203249876292    -11.835124815826     -0.979173250597     -0.203026464567
   764      1.237238906560    -11.576623739704     -0.966010969733      0.258501076122
   765      2.138438123350    -12.010028829264      0.901199216791     -0.433405089560
   766      1.878687893966    -11.044352994247     -0.259750229384      0.965675835017
   767      2.298680739158    -10.136825578690      0.419992845192      0.907527415557
   768      3.285970571869     -9.977895448676      0.987289832711      0.158930130014
   769      3.056963952299     -9.004470583474     -0.229006619570      0.973424865202
   770      3.781870663176     -8.315623531854      0.724906710877      0.688847051620
   771      3.419326465299     -7.383656952740     -0.362544197876      0.931966579114
   772      3.275770189902     -6.394014797315     -0.143556275398      0.989642155425
   773      2.952640563638     -5.447660083357     -0.323129626264      0.946354713958
   774      3.443594586273     -6.318845567430      0.490954022635     -0.871185484072
   775      4.090382398872     -5.556175569676      0.646787812599      0.762669997753
   776      3.517804421249     -6.376025836213     -0.572577977623     -0.819850266537
   777      4.441177046866     -5.992120907537      0.923372625617      0.383904928676
   778      4.884967110622     -5.095990125056      0.443790063756      0.896130782482
   779      4.207854166363     -4.360111017650     -0.677112944259      0.735879107406
   780      3.463387308728     -5.027770435231     -0.744466857634     -0.667659417581
   781      4.052933060188     -5.835505420814      0.589545751460     -0.807734985584
   782      4.529022081987     -4.956108330006      0.476089021799      0.879397090808
   783      4.146393326916     -4.032206151313     -0.382628755071      0.923902178693
   784      3.353006150745     -4.640923482006     -0.793387176172     -0.608717330693
   785      4.172766341068     -4.068216549656      0.819760190323      0.572706932350
   786      3.691131567116     -4.944588585108     -0.481634773951     -0.876372035451
   787      4.160561079951     -5.827558535038      0.469429512834     -0.882969949930
   788      4.817424799879     -6.581567854239      0.656863719929     -0.754009319200
   789      5.646722043925     -6.022760122529      0.829297244045      0.558807731710
   790      5.292947588468     -6.958090884701     -0.353774455456     -0.935330762173
   791      4.822902843213     -6.075448297094     -0.470044745256      0.882642587607
   792      4.751667488110     -5.077988761984     -0.071235355103      0.997459535111
   793      3.768467678286     -4.895456206090     -0.983199809825      0.182532555894
   794      3.117982982089     -5.654975567275     -0.650484696196     -0.759519361185
   795      2.406997853246     -6.358182611156     -0.710985128843     -0.703207043881
   796      2.594035303537     -7.340535395133      0.187037450291     -0.982352783978
   797      1.929779808736     -8.088041005565     -0.664255494801     -0.747505610432
   798      0.984710894434     -8.414912153298     -0.945068914302     -0.326871147733
   799      1.826482367697     -7.875078116949      0.841771473263      0.539834036349
   800      2.727149548472     -7.440568474392      0.900667180775      0.434509642557
   801      1.744619778550     -7.626673958506     -0.982529769922     -0.186105484113
   802      1.751167934915     -8.626652519100      0.006548156365     -0.999978560594
   803      1.557246620210     -9.607669605446     -0.193921314705     -0.981017086346
   804      2.415250008298    -10.121313632014      0.858003388088     -0.513644026568
   805      3.277921692262    -10.627077970107      0.862671683964     -0.505764338093
   806      2.821588610633    -11.516887005019     -0.456333081630     -0.889809034912
   807      3.294473448979    -12.398011246918      0.472884838347     -0.881124241899
   808      3.147329182874    -13.387126288231     -0.147144266105     -0.989115041313
   809      2.775275722860    -12.458914985298     -0.372053460014      0.928211302932
   810      2.316349292143    -13.347389256839     -0.458926430718     -0.888474271540
   811      2.717404081904    -14.263443324899      0.401054789761     -0.916054068060
   812      1.865685142622    -13.739444423689     -0.851718939282      0.523998901209
   813      2.332454276955    -14.623823626992      0.466769134333     -0.884379203303
   814      3.066087287715    -15.303369508830      0.733633010760     -0.679545881838
   815      3.912795336603    -15.835427287599      0.846708048888     -0.532057778769
   816      3.260512763206    -15.077451401147     -0.652282573397      0.757975886452
   817      2.494540476740    -14.434577808311     -0.765972286466      0.642873592836
   818      2.638971299251    -13.445062908217      0.144430822511      0.989514900094
   819      3.499632854651    -13.954240369479      0.860661555400     -0.509177461262
   820      3.180199224357    -13.006631718274     -0.319433630293      0.947608651205
   821      2.347374567927    -13.560168611030     -0.832824656430     -0.553536892756
   822      3.164265311120    -14.136961046561      0.816890743193     -0.576792435531
   823      2.565093781608    -13.336340363452     -0.599171529512      0.800620683109
   824      3.258809005552    -14.056589756418      0.693715223944     -0.720249392966
   825      2.527664283376    -13.374367362156     -0.731144722177      0.682222394262
   826      3.018808266245    -12.503288956907      0.491143982869      0.871078405249
   827      3.616352498280    -13.305124906938      0.597544232035     -0.801835950031
   828      2.744939971044    -12.814573984630     -0.871412527235      0.490550922308
   829      1.856271066936    -13.273123413667     -0.888668904109     -0.458549429037
   830      1.148239506054    -12.566942623220     -0.708031560881      0.706180790447
   831      1.456282154012    -11.615570074195      0.308042647957      0.951372549026
   832      1.553826541930    -12.610801249543      0.097544387918     -0.995231175349
   833      0.666024937065    -13.071027618192     -0.887801604865     -0.460226368648
   834     -0.153381157752    -12.497814174721     -0.819406094817      0.573213443471
   835     -1.120026941762    -12.241697154091     -0.966645784010      0.256117020629
   836     -0.425837843587    -11.521904478403      0.694189098175      0.719792675688
   837     -0.899757543368    -12.402472544006     -0.473919699781     -0.880568065603
   838      0.023353243098    -12.017938441603      0.923110786466      0.384534102402
   839     -0.738523613950    -11.370216545498     -0.761876857048      0.647721896106
   840      0.057520524814    -10.764977973413      0.796044138764      0.605238572085
   841      0.710285640910    -10.007417610664      0.652765116096      0.757560362749
   842      1.581715741572    -10.497937314305      0.871430100662     -0.490519703641
   843      2.575198082498    -10.611923446221      0.993482340926     -0.113986131916
   844      2.274201048497     -9.658298370249     -0.300997034001      0.953625075972
   845      2.646096988478    -10.586572796173      0.371895939981     -0.928274425924
   846      2.915805686953    -11.549514755985      0.269708698475     -0.962941959812
   847      3.705946288251    -12.162440387836      0.790140601298     -0.612925631851
   848      3.924559176118    -13.138252052687      0.218612887867     -0.975811664851
   849      4.101928738908    -14.122396370455      0.177369562790     -0.984144317768
   850      4.268517644986    -15.108422808423      0.166588906077     -0.986026437968
   851      5.264843424500    -15.022778537892      0.996325779515      0.085644270531
   852      6.032003071496    -15.664234753094      0.767159646996     -0.641456215202
   853      5.060906507133    -15.902921708500     -0.971096564364     -0.238686955406
   854      5.841566009782    -16.527878299731      0.780659502649     -0.624956591231
   855      6.804172120138    -16.798783220887      0.962606110355     -0.270904921156
   856      5.879649203199    -16.417656764110     -0.924522916939      0.381126456777
   857      6.187603807459    -15.466255712127      0.307954604260      0.951401051983
   858      5.298996217020    -15.924923947580     -0.888607590439     -0.458668235453
   859      6.288515103353    -16.069327457196      0.989518886333     -0.144403509616
   860      6.697673788495    -16.981790700495      0.409158685142     -0.912463243300
   861      5.779468291733    -17.377895062647     -0.918205496762     -0.396104362151
   862      5.768689508759    -18.377836969878     -0.010778782973     -0.999941907231
   863      6.464040686642    -17.659166851244      0.695351177882      0.718670118634
   864      7.164494727961    -16.945469341091      0.700454041320      0.713697510153
   865      6.338333068909    -16.382036192340     -0.826161659053      0.563433148751
   866      7.212564473199    -15.896526715859      0.874231404291      0.485509476480
   867      8.182116590463    -15.651641657294      0.969552117264      0.244885058565
   868      7.189480843206    -15.772779072102     -0.992635747258     -0.121137414808
   869      7.657107691871    -16.656705047740      0.467626848666     -0.883925975638
   870      8.627106937334    -16.899812973982      0.969999245463     -0.243107926242
   871      9.148096321155    -16.046249817593      0.520989383821      0.853563156390
   872      9.907145309770    -16.697283328929      0.759048988615     -0.651033511336
   873     10.297317872320    -17.618025079602      0.390172562550     -0.920741750673
   874     11.278417836107    -17.424523500646      0.981099963786      0.193501578956
   875     10.907726722931    -16.495767290108     -0.370691113176      0.928756210538
   876     10.916215346281    -17.495731261096      0.008488623350     -0.999963970988
   877     10.249407361683    -18.240960830877     -0.666807984598     -0.745229569781
   878      9.254389136484    -18.141267643937     -0.995018225199      0.099693186940
   879      9.277487336927    -17.141534442960      0.023098200443      0.999733200977
   880     10.233587099508    -17.434575812041      0.956099762581     -0.293041369081
   881      9.321735839090    -17.845096553143     -0.911851260418     -0.410520741102
   882      8.577146501459    -18.512619375438     -0.744589337632     -0.667522822295
   883      8.602135912718    -19.512307091340      0.024989411259     -0.999687715902
   884      8.667204784725    -18.514426315949      0.065068872007      0.997880775391
   885      7.904312855422    -17.867900288472     -0.762891929303      0.646526027477
   886      7.133701964061    -18.505206222946     -0.770610891361     -0.637305934474
   887      7.628547272208    -19.374187305022      0.494845308146     -0.868981082076
   888      7.417293440238    -18.396756070368     -0.211253831970      0.977431234654
   889      8.275789751087    -17.883936331806      0.858496310849      0.512819738562
   890      8.892316353910    -18.671270408301      0.616526602823     -0.787334076496
   891      9.182963580187    -17.714440125619      0.290647226277      0.956830282682
   892      8.480317406108    -18.425979551127     -0.702646174079     -0.711539425508
   893      9.480044854513    -18.449325405275      0.999727448405     -0.023345854148
   894     10.357563461316    -18.928867994326      0.877518606804     -0.479542589051
   895     11.345634916036    -18.774871889282      0.988071454719      0.153996105043
   896     12.221080685414    -19.258188250352      0.875445769378     -0.483316361069
   897     11.564593814519    -18.503850800438     -0.656486870895      0.754337449914
   898     12.417120024675    -19.026535276004      0.852526210156     -0.522684475566
   899     13.417116781740    -19.023988541106      0.999996757065      0.002546734899
   900     14.140557225805    -19.714375334064      0.723440444065     -0.690386792958
   901     14.351759848859    -20.691817635182      0.211202623054     -0.977442301118
   902     14.380512975446    -21.691404178564      0.028753126587     -0.999586543383
   903     14.269169661734    -22.685186180057     -0.111343313713     -0.993782001493
   904     13.337870468581    -23.049441328040     -0.931299193153     -0.364255147983
   905     12.515281715507    -23.618078069129     -0.822588753074     -0.568636741089
   906     12.445186120778    -22.620537790444     -0.070095594729      0.997540278685
   907     13.397064472836    -22.927013895356      0.951878352059     -0.306476104912
   908     14.121105023910    -23.616771302276      0.724040551074     -0.689757406919
   909     13.666150617092    -24.507286034168     -0.454954406818     -0.890514731892
   910     14.451547254501    -25.126278862840      0.785396637408     -0.618992828672
   911     14.961812362518    -25.986296025192      0.510265108017     -0.860017162352
   912     15.883350401792    -25.598007933473      0.921538039274      0.388288091719
   913     15.979115478335    -24.602603970193      0.095765076543      0.995403963281
   914     15.189962176349    -23.988407693776     -0.789153301986      0.614196276417
   915     15.896029646245    -23.280263126647      0.706067469896      0.708144567129
   916     15.352598323772    -22.440809496150     -0.543431322473      0.839453630498
   917     14.484910425244    -21.943700141231     -0.867687898528      0.497109354919
   918     14.491923618676    -22.943675548487      0.007013193432     -0.999975407257
   919     13.585203987235    -23.365409481150     -0.906719631441     -0.421733932663
   920     12.708921109926    -23.847206449733     -0.876282877309     -0.481796968583
   921     12.521883311322    -22.864853732073     -0.187037798604      0.982352717660
   922     12.523129106977    -21.864854508077      0.001245795655      0.999999223996
   923     12.881581045936    -20.931306326430      0.358451938959      0.933548181647
   924     13.871457436754    -21.073238461272      0.989876390818     -0.141932134842
   925     14.864685912386    -21.189415891064      0.993228475632     -0.116177429792
   926     13.916114553725    -21.505979277334     -0.948571358662     -0.316563386270
   927     14.479622073624    -20.679868343490      0.563507519899      0.826110933844
   928     15.276523847637    -21.283977243090      0.796901774012     -0.604108899600
   929     14.947725407209    -20.339577123664     -0.328798440428      0.944400119426
   930     15.557151196835    -21.132420239885      0.609425789626     -0.792843116221
   931     16.108039941616    -20.297841549243      0.550888744782      0.834578690642
   932     15.108927651639    -20.339967930716     -0.999112289977     -0.042126381473
   933     15.924896019222    -19.761871379002      0.815968367583      0.578096551714
   934     15.015735636232    -20.178317531586     -0.909160382990     -0.416446152583
   935     15.919828134540    -19.750980715357      0.904092498307      0.427336816228
   936     16.503366328746    -18.938895020432      0.583538194206      0.812085694925
   937     16.425735481512    -19.935877192568     -0.077630847234     -0.996982172136
   938     16.957706878377    -19.089114868821      0.531971396865      0.846762323747
   939     17.660422444738    -19.800585762671      0.702715566361     -0.711470893849
   940     16.796196817114    -19.297481335580     -0.864225627624      0.503104427091
   941     17.029578953499    -18.325096237784      0.233382136385      0.972385097796
   942     17.422670440614    -19.244595603068      0.393091487115     -0.919499365284
   943     17.188050700066    -18.272508375837     -0.234619740548      0.972087227231
   944     16.330993516544    -18.787729672150     -0.857057183522     -0.515221296313
   945     15.964919502749    -17.857143933798     -0.366074013795      0.930585738352
   946     16.481974915542    -18.713095860077      0.517055412792     -0.855951926280
   947     16.631796866023    -17.724382866760      0.149821950482      0.988712993317
   948     17.487840220872    -17.207478838319      0.856043354849      0.516904028442
   949     16.585110392387    -17.637686761030     -0.902729828485     -0.430207922712
   950     15.858670282768    -18.324916538569     -0.726440109619     -0.687229777539
   951     14.995872597426    -18.830465897354     -0.862797685342     -0.505549358785
   952     14.978664559370    -17.830613966604     -0.017208038055      0.999851930751
   953     14.023643468825    -17.534076082660     -0.955021090545      0.296537883943
   954     14.254481472496    -18.507068279988      0.230838003671     -0.972992197328
   955     13.443116194081    -17.922528815980     -0.811365278415      0.584539464008
   956     13.041278518691    -17.006817899459     -0.401837675390      0.915710916522
   957     14.034100607004    -16.887217310172      0.992822088313      0.119600589287
   958     13.034102391040    -16.889106243322     -0.999998215964     -0.001888933150
   959     14.007379127587    -17.118741593598      0.973276736547     -0.229635350275
   960     13.861986974439    -18.108115699689     -0.145392153148     -0.989374106091
   961     13.478787029941    -19.031781116675     -0.383199944498     -0.923665416986
   962     12.984720771324    -18.162356863449     -0.494066258616      0.869424253226
   963     12.615173714349    -17.233144846372     -0.369547056975      0.929212017077
   964     13.372394931411    -16.579986344604      0.757221217062      0.653158501768
   965     12.903015417900    -17.462982874777     -0.469379513511     -0.882996530172
   966     12.560781199605    -16.523368198524     -0.342234218294      0.939614676252
   967     12.840035968926    -15.563151153367      0.279254769321      0.960217045158
   968     12.542129244531    -14.608556169324     -0.297906724395      0.954594984043
   969     11.825406271248    -15.305914168896     -0.716722973283     -0.697357999573
   970     10.909481206351    -14.904564850355     -0.915925064897      0.401349318541
   971     11.904150052635    -15.007685586542      0.994668846284     -0.103120736187
   972     11.910210426190    -14.007703950775      0.006060373555      0.999981635768
   973     10.918743205236    -13.877347708987     -0.991467220954      0.130356241788
   974     11.484214849763    -14.702115445525      0.565471644528     -0.824767736539
   975     12.218905173884    -14.023712816076      0.734690324120      0.678402629449
   976     12.332003190320    -13.030128980319      0.113098016436      0.993583835757
   977     12.924212843726    -12.224345059895      0.592209653406      0.805783920423
   978     12.296058880467    -11.446255991444     -0.628153963258      0.778089068451
   979     12.949586169132    -12.203158946235      0.653527288665     -0.756902954791
   980     12.110335392865    -11.659414397264     -0.839250776266      0.543744548971
   981     11.297633687906    -12.242094359813     -0.812701704959     -0.582679962550
   982     10.308523974925    -12.094914280704     -0.989109712981      0.147180079109
   983     10.900734954697    -11.289131335093      0.592210979772      0.805782945611
   984     11.729618154533    -10.729709632770      0.828883199836      0.559421702323
   985     12.484651158811    -11.385396419620      0.755033004278     -0.655686786850
   986     12.919309885448    -12.285991662423      0.434658726637     -0.900595242802
   987     13.208074255204    -13.243391860229      0.288764369755     -0.957400197806
   988     14.079450758428    -13.734006769937      0.871376503225     -0.490614909708
   989     13.358244538275    -14.426727195514     -0.721206220154     -0.692720425577
   990     13.770393303673    -13.515610630425      0.412148765398      0.911116565090
   991     12.888419550976    -13.986909155304     -0.881973752697     -0.471298524879
   992     12.114838945989    -14.620607070394     -0.773580604986     -0.633697915090
   993     11.148357743156    -14.877344454833     -0.966481202834     -0.256737384440
   994     11.569797380820    -13.970487998824      0.421439637664      0.906856456009
   995     11.340487639972    -14.943841502312     -0.229309740848     -0.973353503488
   996     11.299060098735    -15.942983013224     -0.041427541236     -0.999141510912
   997     12.046681302179    -16.607108405121      0.747621203443     -0.664125391897
   998     11.618948780818    -15.703203050468     -0.427732521361      0.903905354653
   999     12.378637227530    -16.353490266959      0.759688446712     -0.650287216491
  1000     11.393373673086    -16.524533326696     -0.985263554444     -0.171043059737
