# File chua thong tin toa do tai lan chay thu 26
##########################################################################################
#  Step                   x                   y            delta_x            delta_y
     1      0.000000000000      0.000000000000      0.000000000000      0.000000000000
     2     -0.661095622441     -0.750301657994     -0.661095622441     -0.750301657994
     3      0.173248661520     -1.301545357115      0.834344283961     -0.551243699121
     4     -0.659254046305     -0.747524381463     -0.832502707825      0.554020975653
     5     -1.488265734312     -0.188293104487     -0.829011688007      0.559231276976
     6     -2.423883802166      0.164720820317     -0.935618067854      0.353013924804
     7     -1.685359403738      0.838947572179      0.738524398428      0.674226751862
     8     -2.281113001871      0.035780310451     -0.595753598133     -0.803167261728
     9     -3.133560463899     -0.487032585796     -0.852447462028     -0.522812896246
    10     -2.609011092390     -1.338412616598      0.524549371509     -0.851380030803
    11     -2.741642217458     -2.329578084451     -0.132631125068     -0.991165467853
    12     -3.281684804208     -3.171215776392     -0.540042586750     -0.841637691941
    13     -4.035548226488     -3.828246932844     -0.753863422280     -0.657031156452
    14     -3.041720523657     -3.717312280527      0.993827702831      0.110934652317
    15     -3.715313399614     -4.456414869792     -0.673592875958     -0.739102589266
    16     -3.531987298381     -5.439467025381      0.183326101233     -0.983052155588
    17     -4.523888894641     -5.312458272382     -0.991901596259      0.127008752999
    18     -3.628346282150     -5.757434034884      0.895542612490     -0.444975762502
    19     -2.880307659904     -6.421089231223      0.748038622246     -0.663655196339
    20     -2.032349591966     -6.951152543497      0.847958067938     -0.530063312274
    21     -2.449231092731     -6.042191700380     -0.416881500765      0.908960843117
    22     -2.588785128702     -7.032406157477     -0.139554035972     -0.990214457097
    23     -2.238276980774     -7.968965839630      0.350508147928     -0.936559682154
    24     -2.760151691316     -7.115943690741     -0.521874710542      0.853022148890
    25     -2.125667669355     -7.888879668604      0.634484021961     -0.772935977864
    26     -1.582417508146     -8.728450548487      0.543250161209     -0.839570879882
    27     -1.011285276163     -9.549308620013      0.571132231983     -0.820858071526
    28     -0.093839180885     -9.151448516134      0.917446095278      0.397860103879
    29      0.206193858254     -8.197519705674      0.300033039139      0.953928810460
    30      0.920099276821     -7.497277566597      0.713905418568      0.700242139078
    31      0.967512677881     -6.498402214313      0.047413401060      0.998875352284
    32     -0.018888995192     -6.662754699414     -0.986401673073     -0.164352485101
    33      0.562841485567     -5.849373086789      0.581730480759      0.813381612625
    34     -0.366119896411     -5.479196438696     -0.928961381978      0.370176648093
    35      0.404041522529     -6.117045471599      0.770161418940     -0.637849032903
    36      1.257625938807     -5.596090920523      0.853584416278      0.520954551076
    37      0.781260453761     -4.716843557913     -0.476365485046      0.879247362610
    38      0.104186241034     -5.452758301929     -0.677074212727     -0.735914744016
    39     -0.506935440372     -4.661221637892     -0.611121681406      0.791536664038
    40      0.022194048883     -3.812680546605      0.529129489254      0.848541091286
    41     -0.651547645480     -4.551647480424     -0.673741694362     -0.738966933819
    42     -0.717653201381     -5.549460115882     -0.066105555901     -0.997812635458
    43     -1.612428267312     -5.995977283959     -0.894775065931     -0.446517168077
    44     -0.866824567397     -5.329587666188      0.745603699915      0.666389617771
    45     -1.326692228970     -4.441600203529     -0.459867661573      0.887987462659
    46     -1.956612486796     -5.218260018880     -0.629920257826     -0.776659815351
    47     -2.047123381770     -6.214155484223     -0.090510894974     -0.995895465343
    48     -1.541110497990     -7.076681403514      0.506012883779     -0.862525919291
    49     -2.108085061159     -7.900416703668     -0.566974563169     -0.823735300154
    50     -2.974160064933     -8.400330784125     -0.866075003773     -0.499914080457
    51     -3.467602373175     -9.270109312508     -0.493442308243     -0.869778528383
    52     -4.265888205401     -9.872388093528     -0.798285832226     -0.602278781020
    53     -3.864956110456     -8.956280318622      0.400932094945      0.916107774906
    54     -3.064818386663     -8.356463994267      0.800137723794      0.599816324355
    55     -2.872198161319     -9.337737375537      0.192620225344     -0.981273381270
    56     -3.785102620506     -9.745910682352     -0.912904459187     -0.408173306815
    57     -4.756381916784     -9.983852962373     -0.971279296278     -0.237942280021
    58     -4.016123950810    -10.656175908443      0.740257965974     -0.672322946070
    59     -3.915566186444     -9.661244686686      0.100557764366      0.994931221756
    60     -4.685109589779     -9.022650174979     -0.769543403335      0.638594511708
    61     -4.050702265498     -9.795649105701      0.634407324282     -0.772998930722
    62     -3.171261603062     -9.319640575047      0.879440662435      0.476008530654
    63     -3.456309188668    -10.278153941642     -0.285047585606     -0.958513366594
    64     -3.619338740357     -9.291532755331     -0.163029551689      0.986621186310
    65     -4.469959845085     -9.817311925888     -0.850621104728     -0.525779170557
    66     -4.291720273911    -10.801299047383      0.178239571175     -0.983987121495
    67     -3.293102192667    -10.748745000790      0.998618081244      0.052554046593
    68     -3.717586619039     -9.843309761931     -0.424484426372      0.905435238859
    69     -3.845784249914    -10.835058403190     -0.128197630875     -0.991748641258
    70     -3.557410491672    -11.792576327595      0.288373758242     -0.957517924405
    71     -2.570514871030    -11.631216376065      0.986895620642      0.161359951529
    72     -3.098559722826    -12.480432858767     -0.528044851796     -0.849216482702
    73     -2.122282654219    -12.696957881139      0.976277068606     -0.216525022372
    74     -1.536062763330    -11.886805895691      0.586219890890      0.810151985448
    75     -2.102823665520    -12.710688217232     -0.566760902190     -0.823882321542
    76     -1.927563539836    -11.726166054788      0.175260125684      0.984522162445
    77     -1.212147114929    -11.027467737218      0.715416424906      0.698698317570
    78     -0.553653241524    -11.780053824445      0.658493873405     -0.752586087227
    79     -1.508783139144    -11.483866588610     -0.955129897620      0.296187235835
    80     -0.836816332893    -12.224447854438      0.671966806251     -0.740581265829
    81     -0.467497243558    -11.295145207152      0.369319089335      0.929302647286
    82      0.058868934443    -12.145403195446      0.526366178001     -0.850257988293
    83      0.904813708293    -11.612132682858      0.845944773850      0.533270512588
    84     -0.078673550895    -11.793110059938     -0.983487259188     -0.180977377081
    85     -1.051915321500    -11.563326561947     -0.973241770605      0.229783497991
    86     -2.051240160987    -11.600067073451     -0.999324839486     -0.036740511503
    87     -1.482955026662    -12.422898773196      0.568285134325     -0.822831699745
    88     -0.671051631593    -11.839106963492      0.811903395068      0.583791809703
    89     -1.480877580578    -11.252436756007     -0.809825948985      0.586670207485
    90     -1.914941292094    -10.351554580390     -0.434063711515      0.900882175618
    91     -2.684444357323     -9.712911462049     -0.769503065229      0.638643118340
    92     -3.101032007189    -10.622007018071     -0.416587649866     -0.909095556022
    93     -3.974313023092    -10.134790159513     -0.873281015903      0.487216858558
    94     -4.844721926163    -10.627119664474     -0.870408903071     -0.492329504960
    95     -5.121737245762    -11.587985166356     -0.277015319599     -0.960865501882
    96     -5.757796562442    -12.359625332278     -0.636059316681     -0.771640165922
    97     -6.277703633518    -11.505402505701     -0.519907071076      0.854222826577
    98     -6.266759983483    -12.505342622169      0.010943650035     -0.999940116469
    99     -7.012217157577    -11.838789097243     -0.745457174094      0.666553524926
   100     -7.015215592888    -12.838784601926     -0.002998435311     -0.999995504683
   101     -7.833591851847    -12.264101820931     -0.818376258959      0.574682780995
   102     -7.498561570328    -13.206309181582      0.335030281519     -0.942207360651
   103     -8.126483054488    -12.428032489313     -0.627921484160      0.778276692270
   104     -7.888450420321    -11.456775332288      0.238032634167      0.971257157025
   105     -8.116074348402    -10.483026212974     -0.227623928081      0.973749119314
   106     -9.049614588359    -10.841498834496     -0.933540239957     -0.358472621522
   107     -8.240949640319    -10.253229336892      0.808664948040      0.588269497604
   108     -8.979685297303    -10.927224610688     -0.738735656984     -0.673995273797
   109     -8.648203170220    -11.870686109333      0.331482127083     -0.943461498645
   110     -9.464367789247    -11.292866661193     -0.816164619027      0.577819448140
   111     -8.702524305001    -11.940627809697      0.761843484246     -0.647761148505
   112     -7.705232741405    -11.867078253756      0.997291563597      0.073549555941
   113     -8.601470005549    -11.423503269837     -0.896237264145      0.443574983919
   114     -9.456281873938    -11.942441290859     -0.854811868389     -0.518938021022
   115     -8.476696388758    -12.143469341700      0.979585485180     -0.201028050841
   116     -7.644661992937    -11.588745298440      0.832034395821      0.554724043260
   117     -8.249028402941    -12.385451795500     -0.604366410005     -0.796706497060
   118     -9.064112656481    -12.964794232778     -0.815084253540     -0.579342437278
   119     -8.430700851426    -12.190979341983      0.633411805056      0.773814890795
   120     -7.547809931241    -12.660557475052      0.882890920184     -0.469578133069
   121     -6.684402158837    -13.165064183186      0.863407772404     -0.504506708134
   122     -6.004118228272    -13.898012867484      0.680283930565     -0.732948684298
   123     -6.962023133735    -14.185098555197     -0.957904905463     -0.287085687713
   124     -6.198821016249    -13.538938723681      0.763202117486      0.646159831516
   125     -7.168073345645    -13.292869786264     -0.969252329395      0.246068937417
   126     -8.161006676770    -13.411543287686     -0.992933331126     -0.118673501423
   127     -7.174149348789    -13.249949308192      0.986857327982      0.161593979494
   128     -6.480187845194    -13.969961413318      0.693961503595     -0.720012105126
   129     -6.356926633469    -12.977587152424      0.123261211725      0.992374260894
   130     -5.633425655012    -12.287263797632      0.723500978457      0.690323354792
   131     -5.701983614166    -11.289616662500     -0.068557959154      0.997647135132
   132     -4.702797931879    -11.249268523609      0.999185682287      0.040348138892
   133     -4.503836315946    -10.269261240276      0.198961615933      0.980007283333
   134     -5.051453226621    -11.105990419367     -0.547616910675     -0.836729179091
   135     -4.201496507928    -11.632842937961      0.849956718693     -0.526852518593
   136     -3.958090820354    -10.662918368081      0.243405687574      0.969924569880
   137     -4.949612228231    -10.792861808552     -0.991521407877     -0.129943440472
   138     -3.977187207603    -11.026077543992      0.972425020628     -0.233215735439
   139     -3.013076539209    -10.760576848909      0.964110668394      0.265500695083
   140     -2.348964569682    -10.012943722348      0.664111969527      0.747633126560
   141     -2.818811494784    -10.895691629155     -0.469846925102     -0.882747906807
   142     -3.597599022698    -10.268403827292     -0.778787527914      0.627287801863
   143     -4.090727675959    -11.138360223517     -0.493128653261     -0.869956396225
   144     -3.470741131729    -10.353747780987      0.619986544231      0.784612442530
   145     -2.670008975190    -10.952770329382      0.800732156539     -0.599022548395
   146     -2.269752952907    -11.869173688512      0.400256022283     -0.916403359131
   147     -2.166409877026    -10.874527918065      0.103343075881      0.994645770447
   148     -1.924913151696    -11.844929552264      0.241496725330     -0.970401634198
   149     -2.863283588854    -12.190560746845     -0.938370437158     -0.345631194581
   150     -3.004797294215    -11.200624450311     -0.141513705361      0.989936296534
   151     -4.002596465797    -11.266932920276     -0.997799171583     -0.066308469965
   152     -4.627044370492    -10.485866460669     -0.624447904695      0.781066459607
   153     -5.275960014360    -11.246726820487     -0.648915643868     -0.760860359818
   154     -5.908530007995    -12.021230018126     -0.632569993635     -0.774503197639
   155     -6.890457852199    -11.831974347729     -0.981927844204      0.189255670398
   156     -6.638823848601    -12.799796815040      0.251634003598     -0.967822467312
   157     -7.631694416026    -12.680599347194     -0.992870567425      0.119197467847
   158     -7.664423321804    -11.681135081336     -0.032728905778      0.999464265858
   159     -7.281947220939    -12.605100466114      0.382476100865     -0.923965384778
   160     -7.722953102117    -11.707596252883     -0.441005881178      0.897504213231
   161     -8.282470707280    -12.536414718840     -0.559517605164     -0.828818465957
   162     -8.390209384388    -11.542235470689     -0.107738677107      0.994179248152
   163     -8.230975675791    -10.554994554779      0.159233708597      0.987240915910
   164     -9.106435680158    -11.038285130679     -0.875460004367     -0.483290575900
   165     -8.106445811471    -11.042786521978      0.999989868687     -0.004501391299
   166     -9.078151803827    -10.806592820918     -0.971705992356      0.236193701060
   167     -8.443534119539    -11.579419059337      0.634617684288     -0.772826238419
   168     -7.533796006397    -11.994601628211      0.909738113142     -0.415182568874
   169     -8.266427355128    -12.675227301290     -0.732631348732     -0.680625673080
   170     -7.437719304947    -12.115546171034      0.828708050181      0.559681130256
   171     -8.424077333169    -11.950931954873     -0.986358028222      0.164614216161
   172     -8.428177461914    -12.950923549309     -0.004100128745     -0.999991594437
   173     -9.144971556495    -12.253638653465     -0.716794094581      0.697284895845
   174     -9.881238255361    -11.576947181565     -0.736266698866      0.676691471899
   175    -10.034114335519    -12.565192547917     -0.152876080158     -0.988245366352
   176     -9.714078809428    -11.617787005375      0.320035526091      0.947405542542
   177    -10.616011188385    -11.185909726753     -0.901932378957      0.431877278622
   178     -9.941323822256    -10.447806103956      0.674687366129      0.738103622797
   179    -10.585457373731    -11.212719149905     -0.644133551475     -0.764913045949
   180    -10.829622774218    -10.242985548752     -0.244165400487      0.969733601153
   181    -11.791689167989     -9.970170127677     -0.962066393771      0.272815421075
   182    -10.887375452523     -9.543301642052      0.904313715466      0.426868485625
   183    -11.844629404272     -9.254052835899     -0.957253951749      0.289248806153
   184    -12.629478748946     -9.873739455219     -0.784849344674     -0.619686619320
   185    -13.253072240613    -10.655488236575     -0.623593491667     -0.781748781355
   186    -12.421119182750    -11.210334259821      0.831953057863     -0.554846023246
   187    -13.209568546679    -10.595234592677     -0.788449363929      0.615099667143
   188    -13.687781753473    -11.473478367974     -0.478213206794     -0.878243775297
   189    -13.068902501601    -10.687992230858      0.618879251872      0.785486137116
   190    -12.403291448235    -11.434291048784      0.665611053365     -0.746298817926
   191    -12.133027557870    -10.471504764313      0.270263890365      0.962786284471
   192    -13.130898303652    -10.536727265892     -0.997870745782     -0.065222501579
   193    -13.987788297247    -10.021227955634     -0.856889993595      0.515499310258
   194    -14.888872172903    -10.454872797681     -0.901083875655     -0.433644842047
   195    -14.326885916430    -11.282019367241      0.561986256473     -0.827146569560
   196    -14.980258165809    -12.039056158778     -0.653372249380     -0.757036791537
   197    -14.704431228645    -11.077848844649      0.275826937165      0.961207314129
   198    -15.029761166477    -12.023449411247     -0.325329937832     -0.945600566598
   199    -15.661683249555    -11.248417488731     -0.631922083078      0.775031922516
   200    -16.260160594028    -12.049557219460     -0.598477344473     -0.801139730729
   201    -15.360491761566    -11.612984210793      0.899668832462      0.436573008667
   202    -15.448029020593    -10.616822964667     -0.087537259027      0.996161246125
   203    -14.454811853771    -10.500548893909      0.993217166822      0.116274070758
   204    -13.842732612749     -9.709752458213      0.612079241022      0.790796435696
   205    -14.720471804882     -9.230613740728     -0.877739192134      0.479138717484
   206    -13.783834345772     -9.580913997923      0.936637459111     -0.350300257195
   207    -14.766689716603     -9.765292196277     -0.982855370831     -0.184378198354
   208    -14.898500613260    -10.756567076178     -0.131810896657     -0.991274879901
   209    -13.946579673804    -10.450223274175      0.951920939456      0.306343802002
   210    -13.538558691218     -9.537250723783      0.408020982586      0.912972550392
   211    -14.359102419252     -8.965666967554     -0.820543728033      0.571583756229
   212    -13.430713187468     -9.337276217047      0.928389231783     -0.371609249493
   213    -12.458272540686     -9.104125646631      0.972440646783      0.233150570416
   214    -13.107083603952     -9.865075187786     -0.648811063266     -0.760949541155
   215    -13.865947798822     -9.213826284720     -0.758864194870      0.651248903066
   216    -13.026362014498     -8.670599158409      0.839585784324      0.543227126312
   217    -13.982506041361     -8.377702248396     -0.956144026863      0.292896910012
   218    -14.769257310046     -7.760432095852     -0.786751268686      0.617270152544
   219    -13.989687774762     -7.134116408953      0.779569535284      0.626315686899
   220    -13.229728351044     -6.484145890927      0.759959423718      0.649970518026
   221    -14.113124058684     -6.952773700307     -0.883395707640     -0.468627809379
   222    -13.820456390402     -5.996559479568      0.292667668282      0.956214220738
   223    -14.786482392631     -5.738114585987     -0.966026002229      0.258444893582
   224    -13.812219923997     -5.512697988965      0.974262468633      0.225416597021
   225    -13.399604911679     -4.601792477066      0.412615012318      0.910905511900
   226    -12.400156853405     -4.635012633779      0.999448058274     -0.033220156713
   227    -13.301285658431     -4.201461164225     -0.901128805026      0.433551469553
   228    -12.565798716513     -3.523922266252      0.735486941918      0.677538897974
   229    -12.147251346488     -2.615727298722      0.418547370025      0.908194967529
   230    -11.758307663981     -1.694465765911      0.388943682507      0.921261532811
   231    -12.087096332975     -2.638869287263     -0.328788668995     -0.944403521351
   232    -12.262326311691     -1.654341758668     -0.175229978715      0.984527528594
   233    -11.336932152869     -1.275335623073      0.925394158822      0.379006135595
   234    -11.724385968590     -2.197224738251     -0.387453815721     -0.921889115178
   235    -10.833422917609     -2.651300548866      0.890963050982     -0.454075810615
   236    -11.637348393245     -2.056570501178     -0.803925475636      0.594730047688
   237    -11.088094606497     -1.220914903612      0.549253786748      0.835655597566
   238    -11.003408786897     -0.224507199929      0.084685819600      0.996407703683
   239    -10.621662844430      0.699760096587      0.381745942467      0.924267296517
   240    -10.795812135655      1.684479358289     -0.174149291225      0.984719261701
   241    -10.321079754970      2.564609557026      0.474732380685      0.880130198737
   242     -9.677679515427      1.799079589124      0.643400239543     -0.765529967902
   243    -10.520147652844      1.260333417503     -0.842468137418     -0.538746171621
   244    -11.368906251312      1.789113940524     -0.848758598468      0.528780523021
   245    -10.457774843706      2.201229892743      0.911131407606      0.412115952219
   246    -11.164068158648      1.493310580061     -0.706293314942     -0.707919312682
   247    -12.146285371075      1.305562483898     -0.982217212427     -0.187748096163
   248    -11.279574595111      0.806751466749      0.866710775963     -0.498811017149
   249    -10.669591606773      0.014336957835      0.609982988339     -0.792414508914
   250     -9.670333530225     -0.024176630090      0.999258076547     -0.038513587925
   251    -10.207799620176      0.819108732140     -0.537466089951      0.843285362231
   252    -10.875855483173      0.074997608775     -0.668055862996     -0.744111123366
   253    -11.427487415555     -0.759090043199     -0.551631932383     -0.834087651974
   254    -10.429523594119     -0.822872572969      0.997963821437     -0.063782529770
   255    -11.365988387948     -0.472110987389     -0.936464793829      0.350761585580
   256    -11.845868948428     -1.349444816483     -0.479880560480     -0.877333829094
   257    -11.126658010196     -0.654653030171      0.719210938233      0.694791786312
   258    -10.158367705623     -0.404825317398      0.968290304573      0.249827712774
   259    -10.870160964595     -1.107214352393     -0.711793258972     -0.702389034996
   260    -11.381024322043     -1.966876280139     -0.510863357449     -0.859661927746
   261    -12.179673930826     -2.568672593181     -0.798649608783     -0.601796313042
   262    -12.869389443768     -3.292753052252     -0.689715512942     -0.724080459070
   263    -13.802022887188     -3.653578301110     -0.932633443420     -0.360825248859
   264    -13.214656675921     -2.844257021357      0.587366211267      0.809321279753
   265    -12.915369772243     -1.890093854343      0.299286903678      0.954163167014
   266    -13.856481696812     -2.228189026497     -0.941111924569     -0.338095172154
   267    -13.532167343258     -3.174138390934      0.324314353554     -0.945949364437
   268    -14.479242694558     -3.495149728678     -0.947075351300     -0.321011337744
   269    -15.436476953004     -3.205835756571     -0.957234258447      0.289313972107
   270    -16.080188202162     -3.971104224304     -0.643711249158     -0.765268467733
   271    -16.871072787820     -3.359138888547     -0.790884585658      0.611965335757
   272    -17.103708900315     -4.331702736921     -0.232636112495     -0.972563848374
   273    -16.207885492866     -3.887292540519      0.895823407450      0.444410196401
   274    -16.069766385576     -4.877708166507      0.138119107290     -0.990415625988
   275    -16.395286145555     -3.932172928738     -0.325519759979      0.945535237769
   276    -16.884262540194     -4.804469945520     -0.488976394639     -0.872297016782
   277    -17.753871277931     -4.310728471415     -0.869608737737      0.493741474105
   278    -17.053966612128     -3.596492194831      0.699904665802      0.714236276584
   279    -16.071810616694     -3.408424120370      0.982155995435      0.188068074462
   280    -15.364648955815     -4.115476017605      0.707161660878     -0.707051897235
   281    -14.616200278327     -4.778668732557      0.748448677489     -0.663192714952
   282    -13.895610573789     -5.472030454687      0.720589704537     -0.693361722130
   283    -13.577352792464     -6.420034665978      0.318257781325     -0.948004211291
   284    -14.229885206691     -7.177795478096     -0.652532414227     -0.757760812119
   285    -15.007358263585     -6.548879231046     -0.777473056894      0.628916247050
   286    -14.205205310213     -7.145997845223      0.802152953372     -0.597118614177
   287    -15.025118182112     -6.573509520019     -0.819912871899      0.572488325204
   288    -14.439982405948     -7.384444858658      0.585135776164     -0.810935338639
   289    -15.159614457230     -8.078800466950     -0.719632051282     -0.694355608292
   290    -16.158240066281     -8.131211276407     -0.998625609051     -0.052410809457
   291    -17.060404946365     -7.699819888985     -0.902164880085      0.431391387422
   292    -17.577305281046     -8.555865474224     -0.516900334681     -0.856045585239
   293    -18.206229313339     -7.778398715060     -0.628924032292      0.777466759164
   294    -18.523194262711     -8.726835967001     -0.316964949372     -0.948437251941
   295    -19.515817294676     -8.605594404767     -0.992623031965      0.121241562234
   296    -18.860700343766     -9.361121889793      0.655116950910     -0.755527485026
   297    -19.160742120573    -10.315047952007     -0.300041776808     -0.953926062213
   298    -18.191084148192    -10.070582378568      0.969657972382      0.244465573439
   299    -18.737337732109    -10.908202233907     -0.546253583917     -0.837619855339
   300    -19.201997481840    -11.793691543260     -0.464659749732     -0.885489309353
   301    -19.835554314534    -12.567387697928     -0.633556832693     -0.773696154668
   302    -19.063548322270    -13.203002949404      0.772005992264     -0.635615251476
   303    -19.621322949800    -12.373010500713     -0.557774627530      0.829992448691
   304    -19.324181743216    -11.418176953256      0.297141206584      0.954833547457
   305    -18.907344284267    -12.327157994212      0.416837458949     -0.908981040956
   306    -18.067815837983    -11.783842259228      0.839528446284      0.543315734983
   307    -17.184464826201    -11.315130204782      0.883351011782      0.468712054446
   308    -16.260193743376    -11.696866979869      0.924271082825     -0.381736775087
   309    -16.813228036137    -12.530025470812     -0.553034292761     -0.833158490943
   310    -16.237209267387    -13.347461938097      0.576018768751     -0.817436467285
   311    -16.644154565414    -12.434009408179     -0.406945298028      0.913452529918
   312    -17.364042416715    -13.128099806867     -0.719887851300     -0.694090398688
   313    -16.630109816484    -13.807322110916      0.733932600231     -0.679222304049
   314    -17.355931776438    -14.495204718959     -0.725821959954     -0.687882608043
   315    -18.340245846705    -14.318779632668     -0.984314070268      0.176425086291
   316    -17.340333379799    -14.332010601057      0.999912466907     -0.013230968389
   317    -16.541669465369    -13.730233273645      0.798663914430      0.601777327412
   318    -17.482611858014    -14.068799978627     -0.940942392646     -0.338566704982
   319    -18.029281506499    -14.906148350230     -0.546669648485     -0.837348371602
   320    -17.376847860478    -14.148302496814      0.652433646021      0.757845853416
   321    -18.376789485502    -14.137497565293     -0.999941625024      0.010804931520
   322    -19.295441974650    -14.532564147253     -0.918652489149     -0.395066581959
   323    -19.593048933606    -13.577875665086     -0.297606958955      0.954688482166
   324    -19.140870858355    -14.469803346158      0.452178075251     -0.891927681072
   325    -18.151959826133    -14.321294187011      0.988911032222      0.148509159147
   326    -19.136165060305    -14.144262955219     -0.984205234171      0.177031231792
   327    -18.366379187713    -13.505960745950      0.769785872592      0.638302209269
   328    -18.199952574536    -14.492014589524      0.166426613177     -0.986053843574
   329    -18.986635296261    -15.109372099675     -0.786682721725     -0.617357510151
   330    -19.037075538586    -16.108099180490     -0.050440242325     -0.998727080815
   331    -18.390033470724    -15.345644878635      0.647042067862      0.762454301855
   332    -17.652189389764    -14.670673685034      0.737844080961      0.674971193601
   333    -18.628024976293    -14.889179767474     -0.975835586529     -0.218506082440
   334    -19.486508607910    -15.402020731367     -0.858483631617     -0.512840963892
   335    -20.072096966229    -14.591412148510     -0.585588358319      0.810608582857
   336    -19.491111406958    -15.405326013682      0.580985559271     -0.813913865172
   337    -18.621187793764    -15.898512496878      0.869923613194     -0.493186483196
   338    -17.684783978501    -16.249436840235      0.936403815263     -0.350924343357
   339    -18.035643257686    -15.313008644264     -0.350859279185      0.936428195971
   340    -18.776161941264    -15.985044416580     -0.740518683577     -0.672035772316
   341    -17.939636021227    -15.437117062722      0.836525920037      0.547927353858
   342    -18.541607524107    -16.235634632798     -0.601971502880     -0.798517570076
   343    -17.780101795884    -15.587476453120      0.761505728224      0.648158179677
   344    -16.792075291954    -15.433192210461      0.988026503929      0.154284242660
   345    -17.481798920439    -14.709119481855     -0.689723628484      0.724072728605
   346    -17.905273929091    -15.615027268027     -0.423475008652     -0.905907786172
   347    -18.152266704808    -16.584044589206     -0.246992775717     -0.969017321178
   348    -19.017537913868    -17.085348623472     -0.865271209060     -0.501304034266
   349    -19.730409343414    -17.786643372444     -0.712871429546     -0.701294748973
   350    -20.727545521940    -17.862270361516     -0.997136178525     -0.075626989072
   351    -20.696750632368    -18.861796086436      0.030794889572     -0.999525724920
   352    -20.489990515782    -17.883404419367      0.206760116586      0.978391667069
   353    -19.649723445231    -18.425577131839      0.840267070551     -0.542172712471
   354    -19.056945511431    -17.620211177008      0.592777933800      0.805365954830
   355    -19.171997603840    -16.626851717380     -0.115052092409      0.993359459628
   356    -20.120993179519    -16.942141104043     -0.948995575679     -0.315289386663
   357    -20.936881815797    -17.520350177987     -0.815888636279     -0.578209073944
   358    -21.441785003595    -16.657174198855     -0.504903187798      0.863175979133
   359    -22.418771700785    -16.443873956207     -0.976986697190      0.213300242648
   360    -22.010668397176    -15.530938200755      0.408103303610      0.912935755452
   361    -23.010607470592    -15.519899656679     -0.999939073416      0.011038544076
   362    -23.443660471298    -16.421268115512     -0.433053000706     -0.901368458833
   363    -22.940310624858    -17.285350826882      0.503349846439     -0.864082711371
   364    -22.360391606883    -18.100024953506      0.579919017976     -0.814674126624
   365    -22.847752774388    -18.973225441601     -0.487361167505     -0.873200488094
   366    -21.851803234535    -18.883311515716      0.995949539852      0.089913925885
   367    -21.620661489651    -19.856231601731      0.231141744885     -0.972920086015
   368    -22.144477180427    -19.004399973945     -0.523815690777      0.851831627786
   369    -21.542998413813    -19.803288760519      0.601478766614     -0.798888786573
   370    -21.626568594422    -20.799790654603     -0.083570180608     -0.996501894084
   371    -21.835914684758    -19.821949044494     -0.209346090336      0.977841610109
   372    -22.039005180295    -20.801109016420     -0.203090495538     -0.979159971926
   373    -22.095224669294    -19.802690582567     -0.056219488999      0.998418433853
   374    -23.015238721869    -20.194575952369     -0.920014052575     -0.391885369802
   375    -22.209878283792    -19.601790523415      0.805360438077      0.592785428954
   376    -21.459473708401    -20.262769322798      0.750404575390     -0.660978799383
   377    -22.113110152189    -19.505960628772     -0.653636443788      0.756808694026
   378    -21.732871805257    -18.581072095206      0.380238346932      0.924888533566
   379    -20.813736831954    -18.187129331787      0.919134973304      0.393942763419
   380    -20.268557806955    -19.025448978880      0.545179024998     -0.838319647093
   381    -19.340215227302    -18.653723199840      0.928342579653      0.371725779040
   382    -18.426484687065    -19.060043885798      0.913730540237     -0.406320685959
   383    -19.301065398164    -19.544923850091     -0.874580711099     -0.484879964293
   384    -19.880503911588    -20.359939806476     -0.579438513424     -0.815015956385
   385    -18.889228805129    -20.491748999306      0.991275106459     -0.131809192831
   386    -18.025260286835    -19.988203172795      0.863968518294      0.503545826512
   387    -18.646299594052    -20.771982592588     -0.621039307216     -0.783779419794
   388    -18.070615424305    -21.589654737584      0.575684169747     -0.817672144996
   389    -18.701154998777    -22.365811838321     -0.630539574472     -0.776157100737
   390    -18.048307726242    -21.608322274866      0.652847272535      0.757489563455
   391    -18.999220010553    -21.298861732072     -0.950912284311      0.309460542794
   392    -19.615310770583    -20.511186560821     -0.616090760030      0.787675171251
   393    -18.858690214575    -19.857332346010      0.756620556008      0.653854214811
   394    -19.222533918345    -18.925872331180     -0.363843703770      0.931460014830
   395    -19.927703162850    -18.216833307850     -0.705169244505      0.709039023330
   396    -19.241663968677    -17.489268723735      0.686039194173      0.727564584115
   397    -18.388293495428    -16.967963788609      0.853370473249      0.521304935126
   398    -17.652253069412    -17.644901371604      0.736040426016     -0.676937582994
   399    -17.227207400062    -16.739729465849      0.425045669349      0.905171905755
   400    -18.215844614509    -16.890050649358     -0.988637214447     -0.150321183509
   401    -17.479529096839    -16.213412298066      0.736315517670      0.676638351291
   402    -18.477247800242    -16.280920733681     -0.997718703403     -0.067508435614
   403    -19.459717346360    -16.094497583425     -0.982469546118      0.186423150255
   404    -19.630711658989    -17.079769599190     -0.170994312629     -0.985272015765
   405    -20.598787026488    -17.330428895527     -0.968075367500     -0.250659296337
   406    -20.883333911392    -16.371766770328     -0.284546884903      0.958662125199
   407    -20.963801140833    -15.375009515533     -0.080467229441      0.996757254795
   408    -21.713955571796    -16.036272193829     -0.750154430963     -0.661262678296
   409    -22.283462264438    -16.858258888999     -0.569506692642     -0.821986695170
   410    -23.176457128092    -17.308325743463     -0.892994863654     -0.450066854464
   411    -23.898377668748    -18.000301706180     -0.721920540657     -0.691975962717
   412    -24.372182320594    -18.880931680624     -0.473804651846     -0.880629974444
   413    -25.119698988157    -19.545174732312     -0.747516667563     -0.664243051688
   414    -25.652429484015    -20.391459683604     -0.532730495858     -0.846284951292
   415    -26.482089730854    -19.833191043239     -0.829660246839      0.558268640365
   416    -26.743506698965    -18.867965075507     -0.261416968111      0.965225967732
   417    -27.716794063170    -18.638374773711     -0.973287364205      0.229590301796
   418    -28.557580769625    -19.179741298579     -0.840786706456     -0.541366524868
   419    -27.674411042178    -19.648794848315      0.883169727448     -0.469053549736
   420    -28.525221692884    -19.123322454517     -0.850810650707      0.525472393798
   421    -28.948893329460    -20.029138299135     -0.423671636575     -0.905815844618
   422    -29.456208420333    -20.890898937928     -0.507315090874     -0.861760638792
   423    -28.746391344197    -20.186512880126      0.709817076136      0.704386057802
   424    -27.922546124220    -20.753327711903      0.823845219976     -0.566814831777
   425    -28.500502228082    -21.569395565705     -0.577956103862     -0.816067853802
   426    -28.739192206463    -22.540491387043     -0.238689978381     -0.971095821338
   427    -27.773394928739    -22.281193067842      0.965797277724      0.259298319201
   428    -28.237477848170    -21.395401306821     -0.464082919431      0.885791761021
   429    -29.012601463037    -20.763591698098     -0.775123614867      0.631809608724
   430    -28.041875192593    -21.003780182147      0.970726270444     -0.240188484049
   431    -27.907322562785    -21.994686630714      0.134552629809     -0.990906448567
   432    -28.862937032636    -21.700066561792     -0.955614469851      0.294620068921
   433    -29.347253465107    -20.825173657925     -0.484316432472      0.874892903868
   434    -30.132241058573    -21.444685141358     -0.784987593466     -0.619511483433
   435    -29.455010789168    -20.708914006968      0.677230269405      0.735771134390
   436    -29.214717766135    -19.738213608759      0.240293023033      0.970700398208
   437    -29.760458932138    -18.900259803512     -0.545741166004      0.837953805248
   438    -30.674427657434    -19.306044437501     -0.913968725296     -0.405784633989
   439    -30.033879923782    -20.073962793131      0.640547733652     -0.767918355630
   440    -30.779204709275    -20.740664348649     -0.745324785493     -0.666701555518
   441    -31.277714632138    -21.607548341353     -0.498509922862     -0.866883992705
   442    -31.748459133927    -22.489817922624     -0.470744501789     -0.882269581271
   443    -32.199795372750    -21.597463957246     -0.451336238823      0.892353965378
   444    -32.631974772644    -22.499251607587     -0.432179399894     -0.901787650341
   445    -33.413174612524    -23.123532642196     -0.781199839880     -0.624281034608
   446    -34.350349041585    -22.774671510062     -0.937174429061      0.348861132133
   447    -33.721653601801    -21.997019888837      0.628695439784      0.777651621226
   448    -32.721712899762    -21.986129874830      0.999940702039      0.010890014007
   449    -33.072616056372    -21.049718119948     -0.350903156610      0.936411754882
   450    -33.446214602062    -21.977308615079     -0.373598545690     -0.927590495132
   451    -34.147930577013    -22.689765414119     -0.701715974952     -0.712456799040
   452    -34.353959700142    -21.711219553966     -0.206029123129      0.978545860153
   453    -34.601878461298    -20.742438728461     -0.247918761156      0.968780825505
   454    -35.538439301850    -20.391933675794     -0.936560840552      0.350505052667
   455    -35.161114586857    -19.465852653715      0.377324714993      0.926081022079
   456    -35.326484451597    -18.479621033944     -0.165369864740      0.986231619771
   457    -34.911215591654    -17.569922306913      0.415268859942      0.909698727031
   458    -34.195136862441    -18.267941829253      0.716078729213     -0.698019522341
   459    -33.438116429142    -17.614550626705      0.757020433299      0.653391202549
   460    -33.456270945935    -18.614385819884     -0.018154516793     -0.999835193179
   461    -33.994780944697    -17.771766699976     -0.538509998761      0.842619119908
   462    -33.313938037662    -17.039337224914      0.680842907034      0.732429475063
   463    -34.229127756082    -16.636313926208     -0.915189718419      0.403023298706
   464    -35.222660995460    -16.749855558439     -0.993533239379     -0.113541632231
   465    -34.418011927803    -17.343606245106      0.804649067657     -0.593750686668
   466    -35.380073255548    -17.616439530570     -0.962061327745     -0.272833285464
   467    -34.437317967940    -17.949924864109      0.942755287609     -0.333485333539
   468    -35.412977838239    -17.730635517610     -0.975659870299      0.219289346499
   469    -36.305999306153    -17.280621453558     -0.893021467914      0.450014064052
   470    -35.784256699748    -16.427518498070      0.521742606405      0.853102955488
   471    -36.086324214148    -17.380805032510     -0.302067514400     -0.953286534440
   472    -35.136577859912    -17.693825579144      0.949746354236     -0.313020546634
   473    -36.078886613327    -17.359080581813     -0.942308753415      0.334744997331
   474    -35.485497753779    -18.163996516160      0.593388859547     -0.804915934347
   475    -35.602991318375    -17.170922872224     -0.117493564596      0.993073643935
   476    -36.132216358020    -18.019404373150     -0.529225039645     -0.848481500925
   477    -36.482408142690    -18.956082393576     -0.350191784670     -0.936678020426
   478    -36.568890376136    -17.959829000459     -0.086482233447      0.996253393117
   479    -35.875963756426    -18.680837113933      0.692926619711     -0.721008113475
   480    -35.213615780735    -17.931640771779      0.662347975691      0.749196342155
   481    -35.502063737966    -18.889136346687     -0.288447957231     -0.957495574908
   482    -34.561742613924    -18.548847963576      0.940321124042      0.340288383111
   483    -34.399259663186    -17.562136612309      0.162482950738      0.986711351267
   484    -35.257263127912    -18.075780510860     -0.858003464726     -0.513643898551
   485    -35.017512108345    -19.046614919303      0.239751019567     -0.970834408443
   486    -34.247891168743    -19.685115983771      0.769620939602     -0.638501064467
   487    -33.695491520338    -20.518695391171      0.552399648404     -0.833579407401
   488    -34.538118887143    -19.980198296739     -0.842627366804      0.538497094433
   489    -35.522810207153    -19.805891084335     -0.984691320011      0.174307212403
   490    -34.722271361385    -19.206610218283      0.800538845768      0.599280866052
   491    -33.937168210084    -19.825975249438      0.785103151301     -0.619365031155
   492    -34.615983296101    -20.560284502407     -0.678815086017     -0.734309252969
   493    -35.452506697527    -20.012353303380     -0.836523401426      0.547931199027
   494    -35.002444152820    -19.119356267634      0.450062544707      0.892997035746
   495    -35.712724602792    -18.415437463801     -0.710280449971      0.703918803832
   496    -35.901655289959    -19.397427889135     -0.188930687167     -0.981990425333
   497    -35.302516311064    -18.596782846704      0.599138978895      0.800645042430
   498    -34.635831060564    -17.851443476507      0.666685250500      0.745339370197
   499    -33.636963042225    -17.803875820061      0.998868018339      0.047567656446
   500    -33.111890777038    -18.654933465777      0.525072265187     -0.851057645716
   501    -32.570025529430    -19.495398844858      0.541865247608     -0.840465379082
   502    -33.569262101451    -19.534466390660     -0.999236572021     -0.039067545802
   503    -32.638836499777    -19.900947222013      0.930425601674     -0.366480831353
   504    -32.134902863942    -20.764689597189      0.503933635835     -0.863742375176
   505    -32.795506575411    -21.515424394833     -0.660603711469     -0.750734797644
   506    -31.796524071186    -21.560523798973      0.998982504224     -0.045099404141
   507    -31.686155431330    -20.566633078956      0.110368639856      0.993890720017
   508    -32.310404578995    -21.347858399616     -0.624249147664     -0.781225320660
   509    -32.186586161444    -22.340163292013      0.123818417550     -0.992304892397
   510    -33.056773800280    -21.847442810181     -0.870187638836      0.492720481832
   511    -33.295318380517    -20.876311262326     -0.238544580237      0.971131547855
   512    -32.339570896462    -20.582122977851      0.955747484055      0.294188284475
   513    -31.724120189588    -21.370298356436      0.615450706874     -0.788175378585
   514    -32.550661433025    -21.933174517680     -0.826541243438     -0.562876161244
   515    -33.472231456220    -21.544962343285     -0.921570023195      0.388212174395
   516    -33.849705995000    -20.618942379908     -0.377474538780      0.926019963377
   517    -34.772418755569    -20.233454168046     -0.922712760568      0.385488211862
   518    -35.721997187278    -19.919924580874     -0.949578431709      0.313529587172
   519    -35.839983525750    -18.926909362494     -0.117986338472      0.993015218380
   520    -36.178031774037    -17.985780581811     -0.338048248287      0.941128780683
   521    -35.486056534818    -17.263859347668      0.691975239220      0.721921234143
   522    -34.630696469861    -16.745825411253      0.855360064956      0.518033936415
   523    -34.320253258881    -17.696417338820      0.310443210980     -0.950591927567
   524    -33.747972628116    -16.876359487415      0.572280630764      0.820057851406
   525    -34.483752763722    -16.199138997435     -0.735780135605      0.677220489980
   526    -34.210643649668    -17.161122059562      0.273109114054     -0.961983062128
   527    -33.477914991205    -16.480601146535      0.732728658463      0.680520913027
   528    -33.559871672767    -15.483965253971     -0.081956681561      0.996635892564
   529    -33.012344595202    -14.647177288395      0.547527077565      0.836787965576
   530    -33.242915941709    -13.674121866453     -0.230571346507      0.973055421942
   531    -32.391645274627    -13.149395031455      0.851270667082      0.524726834998
   532    -32.912866466911    -12.295973407219     -0.521221192284      0.853421624236
   533    -32.189463218073    -12.986399174098      0.723403248838     -0.690425766879
   534    -31.422155591767    -12.345119978574      0.767307626306      0.641279195524
   535    -31.946657529306    -11.493710724738     -0.524501937539      0.851409253836
   536    -30.980051864120    -11.749979115356      0.966605665186     -0.256268390617
   537    -30.528692920047    -12.642321596472      0.451358944073     -0.892342481117
   538    -31.099407158813    -13.463470339192     -0.570714238766     -0.821148742719
   539    -30.336957778854    -12.816422471565      0.762449379959      0.647047867626
   540    -30.182705241676    -13.804453925910      0.154252537178     -0.988031454344
   541    -30.558448408249    -12.877730087448     -0.375743166574      0.926723838462
   542    -29.956745264073    -12.079010282831      0.601703144176      0.798719804618
   543    -30.541091785700    -11.267506035977     -0.584346521627      0.811504246854
   544    -30.949500658731    -12.180305133494     -0.408408873031     -0.912799097518
   545    -31.574979848023    -11.400064283652     -0.625479189292      0.780240849842
   546    -30.964523569073    -12.192114238826      0.610456278950     -0.792049955174
   547    -30.366447963302    -12.993553924505      0.598075605771     -0.801439685679
   548    -30.958374925762    -12.187562317158     -0.591926962459      0.805991607347
   549    -31.548013568461    -12.995229495540     -0.589638642699     -0.807667178382
   550    -32.194169033117    -12.232023680904     -0.646155464656      0.763205814637
   551    -31.394662426099    -11.631366386488      0.799506607018      0.600657294416
   552    -32.296198711284    -11.198662877726     -0.901536285185      0.432703508762
   553    -32.938256579775    -11.965319054580     -0.642057868491     -0.766656176854
   554    -33.837850066651    -12.402047297736     -0.899593486876     -0.436728243155
   555    -34.233028942669    -11.483443108790     -0.395178876018      0.918604188946
   556    -33.793170952075    -10.585375768268      0.439857990594      0.898067340521
   557    -33.215000587576     -9.769459700517      0.578170364498      0.815916067752
   558    -34.206265214466     -9.637571719721     -0.991264626889      0.131887980795
   559    -33.208499878628     -9.704387396032      0.997765335838     -0.066815676311
   560    -32.283882171148     -9.323490959958      0.924617707480      0.380896436074
   561    -31.436118042868     -8.793117522839      0.847764128280      0.530373437119
   562    -32.107272792662     -8.051800248099     -0.671154749794      0.741317274741
   563    -32.168002620316     -9.049954488701     -0.060729827654     -0.998154240603
   564    -32.484705452998     -8.101429678392     -0.316702832682      0.948524810309
   565    -31.815434087961     -7.358411616740      0.669271365037      0.743018061653
   566    -31.007385172544     -7.947527013155      0.808048915417     -0.589115396415
   567    -30.918098204521     -6.951521070732      0.089286968023      0.996005942423
   568    -30.388180850880     -7.799570360756      0.529917353641     -0.848049290024
   569    -31.079138085509     -8.522465996317     -0.690957234629     -0.722895635561
   570    -32.001949194503     -8.137213277808     -0.922811108993      0.385252718509
   571    -32.993847137557     -8.010175997597     -0.991897943055      0.127037280211
   572    -33.492755669154     -7.143521350635     -0.498908531596      0.866654646962
   573    -32.495316930678     -7.071995390391      0.997438738475      0.071525960244
   574    -31.685958746827     -7.659310748809      0.809358183851     -0.587315358418
   575    -31.579112198794     -6.665035226042      0.106846548033      0.994275522767
   576    -31.128372212079     -7.557690514703      0.450739986716     -0.892655288662
   577    -32.118251001365     -7.415775108489     -0.989878789286      0.141915406214
   578    -32.605317598313     -6.542410276281     -0.487066596948      0.873364832208
   579    -33.270147604959     -5.795415589377     -0.664830006646      0.746994686904
   580    -33.639210225439     -6.724820120335     -0.369062620480     -0.929404530958
   581    -34.223922657673     -5.913579483044     -0.584712432234      0.811240637290
   582    -33.380933572670     -6.451510150107      0.842989085003     -0.537930667063
   583    -33.673727529301     -5.495334591457     -0.292793956630      0.956175558651
   584    -34.354266807264     -6.228046193077     -0.680539277963     -0.732711601620
   585    -33.477069837715     -6.708176880091      0.877196969550     -0.480130687014
   586    -33.942086771458     -5.822875094635     -0.465016933744      0.885301785456
   587    -34.481917160700     -4.981101282468     -0.539830389242      0.841773812167
   588    -35.477577232610     -5.074165890161     -0.995660071910     -0.093064607693
   589    -36.421546640682     -4.744132927224     -0.943969408072      0.330032962936
   590    -37.350836126499     -4.374780721938     -0.929289485817      0.369352205287
   591    -38.262445527233     -4.785838261088     -0.911609400735     -0.411057539150
   592    -38.478048644321     -3.809357182980     -0.215603117088      0.976481078108
   593    -37.899007752790     -2.994058681856      0.579040891531      0.815298501124
   594    -37.192079558247     -3.701344004595      0.706928194543     -0.707285322738
   595    -38.137617667481     -4.026855423730     -0.945538109233     -0.325511419135
   596    -37.139488301481     -3.965718129643      0.998129366000      0.061137294087
   597    -36.778209385231     -4.898175927441      0.361278916249     -0.932457797798
   598    -36.532052818816     -3.928945849075      0.246156566416      0.969230078367
   599    -35.732935181979     -3.327771163566      0.799117636836      0.601174685509
   600    -36.732694219077     -3.305819677465     -0.999759037097      0.021951486100
   601    -35.854410143539     -2.827680489931      0.878284075538      0.478139187534
   602    -35.376681384385     -1.949173100846      0.477728759154      0.878507389085
   603    -34.705240706596     -1.208114792606      0.671440677789      0.741058308239
   604    -35.301270784773     -0.405152685214     -0.596030078177      0.802962107393
   605    -36.170412528347      0.089410384148     -0.869141743574      0.494563069362
   606    -36.105509555352     -0.908481195181      0.064902972996     -0.997891579329
   607    -35.198409764838     -0.487565562245      0.907099790514      0.420915632936
   608    -35.838623820761      0.280631002833     -0.640214055923      0.768196565078
   609    -35.397972964997      1.178309577443      0.440650855764      0.897678574610
   610    -34.399055791560      1.224833556333      0.998917173437      0.046523978890
   611    -33.895350064711      2.088708860263      0.503705726849      0.863875303930
   612    -34.272094666963      1.162391687436     -0.376744602253     -0.926317172827
   613    -34.806155718997      0.316945773909     -0.534061052034     -0.845445913527
   614    -34.352619336313      1.208183536563      0.453536382684      0.891237762655
   615    -35.058200221331      0.499554144922     -0.705580885017     -0.708629391641
   616    -35.338267230150      1.459534598145     -0.280067008819      0.959980453223
   617    -35.167655465754      2.444872928796      0.170611764396      0.985338330651
   618    -35.657008462324      1.572787127542     -0.489352996570     -0.872085801254
   619    -34.831929792913      1.007769261203      0.825078669411     -0.565017866339
   620    -35.612563042752      1.632758644509     -0.780633249839      0.624989383306
   621    -35.057398540746      2.464499214466      0.555164502006      0.831740569957
   622    -34.939475548737      1.471476471547      0.117922992008     -0.993022742920
   623    -34.112859200958      0.908710611189      0.826616347780     -0.562765860357
   624    -33.747309175155      1.839502305735      0.365550025803      0.930791694546
   625    -34.066782054822      2.787097725288     -0.319472879668      0.947595419553
   626    -33.348785857279      2.091050700789      0.717996197543     -0.696047024499
   627    -34.343562502787      2.193126288234     -0.994776645508      0.102075587445
   628    -35.072099323942      1.508119645769     -0.728536821155     -0.685006642465
   629    -36.071395961851      1.470619919586     -0.999296637909     -0.037499726183
   630    -37.044972095281      1.242257242216     -0.973576133430     -0.228362677371
   631    -37.703563397899      1.994758070200     -0.658591302618      0.752500827984
   632    -37.372094266083      2.938224134588      0.331469131816      0.943466064389
   633    -36.474509438484      2.497382352013      0.897584827599     -0.440841782575
   634    -37.434320400559      2.778029669975     -0.959810962076      0.280647317963
   635    -38.429998434607      2.870901907562     -0.995678034048      0.092872237587
   636    -37.464090089530      3.129786184624      0.965908345077      0.258884277062
   637    -37.041014002846      2.223692025679      0.423076086684     -0.906094158946
   638    -36.287976086078      2.881669149833      0.753037916767      0.657977124155
   639    -37.282934601796      2.781381802677     -0.994958515718     -0.100287347156
   640    -36.288536219188      2.675684798623      0.994398382608     -0.105697004054
   641    -35.660861477815      3.454160500904      0.627674741373      0.778475702281
   642    -34.892964045815      4.094733317942      0.767897432000      0.640572817038
   643    -34.154291306009      3.420669089944      0.738672739806     -0.674064227999
   644    -35.041220404536      2.958763499820     -0.886929098526     -0.461905590123
   645    -34.584078444340      3.848157241775      0.457141960195      0.889393741955
   646    -35.579888966827      3.756716532548     -0.995810522487     -0.091440709227
   647    -35.780384000314      2.777021814002     -0.200495033487     -0.979694718546
   648    -34.920447857455      2.266620177833      0.859936142859     -0.510401636170
   649    -34.140706568307      2.892722024178      0.779741289149      0.626101846345
   650    -33.553786175165      3.702366669756      0.586920393142      0.809644645579
   651    -32.620804048527      4.062289371701      0.932982126637      0.359922701944
   652    -32.084113157841      4.906068304748      0.536690890686      0.843778933047
   653    -31.085132568175      4.951210097703      0.998980589666      0.045141792954
   654    -31.957474786376      4.462314347726     -0.872342218200     -0.488895749977
   655    -31.283316945319      5.200901651531      0.674157841056      0.738587303805
   656    -30.952248343035      4.257294964091      0.331068602284     -0.943606687440
   657    -30.226638664176      4.945401492141      0.725609678860      0.688106528050
   658    -29.774893658754      4.053254390999      0.451745005422     -0.892147101142
   659    -28.945720196591      4.612245777020      0.829173462162      0.558991386021
   660    -27.966602060114      4.815537869391      0.979118136478      0.203292092371
   661    -28.753735431048      5.432320696942     -0.787133370934      0.616782827551
   662    -28.276185126486      4.553716288455      0.477550304562     -0.878604408487
   663    -28.281937856934      5.553699741364     -0.005752730448      0.999983452909
   664    -28.025353964184      4.587177777836      0.256583892749     -0.966521963528
   665    -28.000889129947      5.586878468986      0.024464834237      0.999700691150
   666    -27.022617659107      5.379550397223      0.978271470840     -0.207328071763
   667    -27.880742444768      4.866109210490     -0.858124785661     -0.513441186733
   668    -28.777011185156      5.309620591409     -0.896268740387      0.443511380919
   669    -28.027255595242      5.971335450992      0.749755589914      0.661714859583
   670    -27.316931610342      6.675210323733      0.710323984900      0.703874872741
   671    -28.005236336496      5.949788650529     -0.688304726154     -0.725421673204
   672    -27.652335224252      6.885449275423      0.352901112244      0.935660624894
   673    -28.179059490094      6.035413071621     -0.526724265842     -0.850036203801
   674    -27.547037027671      5.260463004202      0.632022462423     -0.774950067419
   675    -26.995763453650      4.426138459085      0.551273574021     -0.834324545118
   676    -27.970080776186      4.200959075025     -0.974317322536     -0.225179384060
   677    -27.164697569450      3.608204580898      0.805383206737     -0.592754494126
   678    -26.360793124908      3.013446105510      0.803904444541     -0.594758475389
   679    -25.684417193499      2.276889522884      0.676375931409     -0.736556582626
   680    -24.753130983756      1.912601181673      0.931286209743     -0.364288341211
   681    -23.914202444815      1.368359593266      0.838928538940     -0.544241588406
   682    -23.481141310020      0.466995042416      0.433061134795     -0.901364550850
   683    -22.586654139582      0.914088658924      0.894487170438      0.447093616508
   684    -22.543465119654      1.913155577883      0.043189019928      0.999066918959
   685    -23.466301255343      1.527962812287     -0.922836135689     -0.385192765595
   686    -24.117727135569      0.769250533112     -0.651425880226     -0.758712279175
   687    -23.661974743376      1.659357131790      0.455752392193      0.890106598678
   688    -24.656356562718      1.553504416373     -0.994381819342     -0.105852715417
   689    -24.476743623701      0.569767057045      0.179612939017     -0.983737359328
   690    -23.759255988883     -0.126804184023      0.717487634818     -0.696571241068
   691    -23.208707654782     -0.961607473319      0.550548334101     -0.834803289296
   692    -22.680959320165     -1.811008259349      0.527748334617     -0.849400786030
   693    -23.650155564399     -1.564718510955     -0.969196244233      0.246289748394
   694    -24.208491662774     -0.735103659804     -0.558336098375      0.829614851152
   695    -25.130992969593     -1.121097622083     -0.922501306820     -0.385993962279
   696    -26.125653384049     -1.017895587635     -0.994660414456      0.103202034448
   697    -26.288922581397     -2.004477144931     -0.163269197348     -0.986581557296
   698    -26.998544619061     -1.299894599262     -0.709622037664      0.704582545669
   699    -27.876960034382     -0.821996746027     -0.878415415321      0.477897853236
   700    -27.183779169365     -1.542760430166      0.693180865017     -0.720763684140
   701    -26.189301005922     -1.647704140953      0.994478163444     -0.104943710787
   702    -26.098679878570     -2.643589581794      0.090621127351     -0.995885440840
   703    -26.481781490533     -3.567295787744     -0.383101611963     -0.923706205950
   704    -26.684649373624     -4.546501905990     -0.202867883090     -0.979206118246
   705    -25.878116095309     -3.955313212787      0.806533278314      0.591188693203
   706    -24.909544772572     -4.204049202886      0.968571322737     -0.248735990100
   707    -25.552238362488     -3.437925877644     -0.642693589916      0.766123325243
   708    -26.184251868427     -2.662968505712     -0.632013505939      0.774957371932
   709    -25.279891937232     -2.236197941065      0.904359931195      0.426770564647
   710    -25.649327795381     -3.165454174143     -0.369435858150     -0.929256233077
   711    -25.941670080522     -4.121767924080     -0.292342285141     -0.956313749937
   712    -25.096585195184     -4.656400074789      0.845084885338     -0.534632150710
   713    -24.122497484751     -4.882570657279      0.974087710433     -0.226170582489
   714    -24.676031809747     -4.049744294193     -0.553534324996      0.832826363086
   715    -23.814835805456     -4.558017293863      0.861196004291     -0.508272999670
   716    -24.459611426617     -5.322389191801     -0.644775621160     -0.764371897938
   717    -25.064230074745     -6.118904282892     -0.604618648129     -0.796515091091
   718    -24.708796784152     -7.053605933654      0.355433290593     -0.934701650762
   719    -25.372169569126     -7.801895014261     -0.663372784975     -0.748289080607
   720    -25.227609641538     -8.791391061416      0.144559927588     -0.989496047155
   721    -25.122187134874     -7.796963540131      0.105422506664      0.994427521285
   722    -24.123108999487     -7.839892311277      0.999078135387     -0.042928771146
   723    -23.384944680475     -7.165271352414      0.738164319012      0.674620958863
   724    -24.081736614543     -6.447998042846     -0.696791934068      0.717273309568
   725    -23.962174474082     -5.455171323540      0.119562140461      0.992826719306
   726    -23.376490665907     -4.644631702767      0.585683808175      0.810539620772
   727    -22.402309117228     -4.870397754715      0.974181548680     -0.225766051948
   728    -21.407728285925     -4.974363951169      0.994580831303     -0.103966196454
   729    -22.196823235157     -5.588635195081     -0.789094949232     -0.614271243912
   730    -23.147121996399     -5.899974663157     -0.950298761242     -0.311339468076
   731    -22.569340438259     -5.083783220496      0.577781558140      0.816191442661
   732    -23.252323108123     -4.353348642546     -0.682982669864      0.730434577950
   733    -24.247481417873     -4.255063656225     -0.995158309750      0.098284986321
   734    -25.206788677770     -4.537427926466     -0.959307259897     -0.282364270241
   735    -25.971330823177     -5.182001667707     -0.764542145407     -0.644573741240
   736    -25.352473478386     -5.967505064771      0.618857344790     -0.785503397064
   737    -25.558381093304     -4.988933629402     -0.205907614917      0.978571435368
   738    -25.078536160520     -5.866286945052      0.479844932784     -0.877353315650
   739    -25.822818212845     -5.198421519546     -0.744282052326      0.667865425506
   740    -25.940013558454     -6.191530401274     -0.117195345609     -0.993108881728
   741    -26.690296465028     -6.852647304781     -0.750282906574     -0.661116903507
   742    -27.399064520455     -6.147205710028     -0.708768055427      0.705441594752
   743    -26.501565388304     -6.588221931712      0.897499132151     -0.441016221683
   744    -25.515291650980     -6.753340419668      0.986273737324     -0.165118487956
   745    -24.603970039863     -6.341645239818      0.911321611117      0.411695179850
   746    -23.694460698825     -6.757328723450      0.909509341038     -0.415683483632
   747    -22.699004166868     -6.662111639985      0.995456531957      0.095217083465
   748    -22.585914830089     -5.668526816275      0.113089336778      0.993584823710
   749    -23.121798379206     -6.512818721831     -0.535883549116     -0.844291905556
   750    -23.691745244665     -5.691137171257     -0.569946865459      0.821681550574
   751    -24.147712127967     -6.581133913572     -0.455966883303     -0.889996742315
   752    -24.719296974011     -7.401676882448     -0.571584846044     -0.820542968877
   753    -25.653609753244     -7.758131129950     -0.934312779233     -0.356454247502
   754    -26.486107212522     -7.204102267619     -0.832497459278      0.554028862331
   755    -26.335953716815     -6.215439570979      0.150153495707      0.988662696640
   756    -26.570388595452     -7.187571397265     -0.234434878637     -0.972131826286
   757    -26.940904914671     -8.116397353616     -0.370516319219     -0.928825956351
   758    -27.848017489725     -8.537285433965     -0.907112575054     -0.420888080348
   759    -27.978123244968     -7.545785311699     -0.130105755243      0.991500122266
   760    -28.970482937451     -7.422406866519     -0.992359692483      0.123378445180
   761    -29.774954208827     -8.016398426669     -0.804471271377     -0.593991560150
   762    -30.606784993378     -7.461369106837     -0.831830784551      0.555029319832
   763    -31.330227269111     -6.770984233247     -0.723442275733      0.690384873590
   764    -30.701242453274     -7.548401818233      0.628984815837     -0.777417584987
   765    -29.701647374778     -7.576856678025      0.999595078496     -0.028454859791
   766    -28.808776366060     -8.027169193720      0.892871008717     -0.450312515696
   767    -27.809602001507     -8.067796637880      0.999174364554     -0.040627444160
   768    -27.060871358114     -8.730671002782      0.748730643393     -0.662874364902
   769    -27.930673864546     -9.224071043119     -0.869802506432     -0.493400040337
   770    -28.115384944448    -10.206863908865     -0.184711079902     -0.982792865746
   771    -27.477386781200    -10.976901793447      0.637998163248     -0.770037884583
   772    -26.484052921616    -10.861628885074      0.993333859584      0.115272908373
   773    -27.467431116813    -10.680059820498     -0.983378195197      0.181569064576
   774    -27.456439852818    -11.679999414732      0.010991263995     -0.999939594233
   775    -26.489366018608    -11.425503443869      0.967073834211      0.254495970863
   776    -27.199909845659    -12.129156390881     -0.710543827051     -0.703652947012
   777    -26.465234501306    -11.450737539138      0.734675344353      0.678418851743
   778    -25.839498660624    -10.670702502948      0.625735840683      0.780035036191
   779    -26.697461397944    -10.156990578452     -0.857962737321      0.513711924496
   780    -27.646635752894     -9.842239813710     -0.949174354950      0.314750764742
   781    -28.348111732405    -10.554932910470     -0.701475979510     -0.712693096760
   782    -28.743519625358    -11.473438543654     -0.395407892954     -0.918505633184
   783    -28.031422544512    -12.175519555681      0.712097080847     -0.702081012027
   784    -27.050537929370    -12.370109822085      0.980884615141     -0.194590266404
   785    -26.848727953326    -13.349534517286      0.201809976045     -0.979424695201
   786    -27.716095104941    -12.851865727528     -0.867367151615      0.497668789758
   787    -28.643439978641    -12.477657917318     -0.927344873700      0.374207810209
   788    -29.617327576880    -12.250627201345     -0.973887598239      0.227030715974
   789    -28.719343798528    -11.810598641118      0.897983778353      0.440028560227
   790    -28.888357348017    -10.824984913490     -0.169013549489      0.985613727628
   791    -29.606509311368    -11.520871224272     -0.718151963352     -0.695886310782
   792    -29.271150831891    -10.578780628712      0.335358479477      0.942090595560
   793    -30.265536954610    -10.684592910346     -0.994386122719     -0.105812281634
   794    -29.757214102119    -11.545759489839      0.508322852490     -0.861166579493
   795    -29.202410936225    -10.713777851151      0.554803165894      0.831981638688
   796    -28.233496061290    -10.466383499703      0.968914874935      0.247394351449
   797    -29.171823649350    -10.812131005094     -0.938327588060     -0.345747505392
   798    -30.154391785044    -10.626228184462     -0.982568135694      0.185902820633
   799    -29.969082522364     -9.643547932719      0.185309262680      0.982680251743
   800    -30.880529569110     -9.232130527914     -0.911447046747      0.411417404805
   801    -30.075993322209     -8.638226977308      0.804536246901      0.593903550606
   802    -29.624158339549     -7.746125442479      0.451834982660      0.892101534829
   803    -30.261018341246     -8.517104909286     -0.636860001697     -0.770979466807
   804    -30.828106638811     -9.340761914820     -0.567088297564     -0.823657005534
   805    -30.122043341787     -8.632613187083      0.706063297024      0.708148727737
   806    -29.122208352670     -8.614447435309      0.999834989117      0.018165751774
   807    -29.135752237140     -9.614355712700     -0.013543884470     -0.999908277390
   808    -28.700598475423     -8.713999558912      0.435153761717      0.900356153788
   809    -28.118212121756     -7.901087426476      0.582386353667      0.812912132436
   810    -28.439684342246     -6.954168416500     -0.321472220491      0.946919009975
   811    -28.929574647973     -6.082384332936     -0.489890305727      0.871784083564
   812    -29.929473531957     -6.068163861515     -0.999898883984      0.014220471422
   813    -29.361651949176     -5.245012204693      0.567821582781      0.823151656821
   814    -28.703324553485     -4.492280486162      0.658327395691      0.752731718531
   815    -28.729444890616     -5.491939291949     -0.026120337131     -0.999658805787
   816    -27.938493725088     -4.880060011576      0.790951165528      0.611879280373
   817    -28.149252127173     -3.902521830250     -0.210758402084      0.977538181326
   818    -28.267003689526     -2.909478744798     -0.117751562353      0.993043085452
   819    -27.539324901025     -3.595396801686      0.727678788501     -0.685918056888
   820    -26.957877666023     -4.408980917134      0.581447235002     -0.813584115448
   821    -26.292723830543     -3.662274565784      0.665153835479      0.746706351350
   822    -25.530463036503     -3.015004543406      0.762260794040      0.647270022378
   823    -26.270949196938     -2.342932935462     -0.740486160435      0.672071607944
   824    -25.308036877987     -2.073118432490      0.962912318950      0.269814502972
   825    -24.523545021006     -1.452979313962      0.784491856982      0.620139118528
   826    -24.541114522910     -0.453133669573     -0.017569501905      0.999845644389
   827    -25.096949087793      0.378159261036     -0.555834564883      0.831292930609
   828    -25.739082375361      1.144752269742     -0.642133287568      0.766593008706
   829    -25.023726290386      1.843512365690      0.715356084976      0.698760095947
   830    -25.964343414370      1.504043035605     -0.940617123984     -0.339469330085
   831    -24.966811414477      1.433829723546      0.997531999893     -0.070213312059
   832    -25.849720329226      1.903374022049     -0.882908914749      0.469544298504
   833    -25.108791411963      2.574957478936      0.740928917263      0.671583456886
   834    -24.109026197622      2.553289156574      0.999765214341     -0.021668322362
   835    -23.241880918514      2.055233873577      0.867145279108     -0.498055282997
   836    -22.787843509133      1.164251252600      0.454037409381     -0.890982620977
   837    -23.711016083347      1.548636994036     -0.923172574214      0.384385741435
   838    -24.482351758360      2.185065526120     -0.771335675013      0.636428532085
   839    -25.167219165151      1.456397813706     -0.684867406791     -0.728667712415
   840    -25.479617844794      0.506446728145     -0.312398679643     -0.949951085560
   841    -26.159554584729      1.239717503293     -0.679936739936      0.733270775148
   842    -27.032704282123      1.727169660885     -0.873149697394      0.487452157592
   843    -27.952072628556      1.333771842415     -0.919368346433     -0.393397818470
   844    -28.471250975794      0.479105917179     -0.519178347237     -0.854665925236
   845    -29.449277508811      0.687586373613     -0.978026533017      0.208480456434
   846    -29.573532071025     -0.304663999916     -0.124254562215     -0.992250373529
   847    -30.329653284665      0.349767593364     -0.756121213640      0.654431593280
   848    -29.587206063688     -0.320136970035      0.742447220978     -0.669904563399
   849    -29.914593402257      0.624753251390     -0.327387338569      0.944890221425
   850    -30.391472799947     -0.254215485289     -0.476879397690     -0.878968736679
   851    -31.351330307014     -0.534703570823     -0.959857507067     -0.280488085534
   852    -31.869498216756     -1.389982482824     -0.518167909742     -0.855278912001
   853    -32.640625880369     -0.753301929948     -0.771127663613      0.636680552876
   854    -31.815257311818     -1.317896232124      0.825368568550     -0.564594302175
   855    -32.810765446386     -1.223220184420     -0.995508134568      0.094676047704
   856    -33.690374353746     -1.698917746000     -0.879608907360     -0.475697561581
   857    -34.470721113254     -2.324264797584     -0.780346759508     -0.625347051584
   858    -33.475141751699     -2.230340706715      0.995579361555      0.093924090869
   859    -32.758623258113     -2.927908802566      0.716518493586     -0.697568095851
   860    -33.365270537302     -3.722879920692     -0.606647279188     -0.794971118125
   861    -34.332982239831     -3.974939558053     -0.967711702530     -0.252059637362
   862    -34.372308415212     -4.974165984811     -0.039326175380     -0.999226426757
   863    -33.724708443038     -5.736146480651      0.647599972174     -0.761980495840
   864    -32.751529807123     -5.506095741466      0.973178635915      0.230050739185
   865    -33.106231824758     -4.571116341326     -0.354702017634      0.934979400140
   866    -33.297784204592     -5.552598733312     -0.191552379834     -0.981482391987
   867    -32.635304077382     -4.803519244171      0.662480127210      0.749079489141
   868    -32.672035680541     -5.802844411136     -0.036731603159     -0.999325166965
   869    -33.048070023903     -4.876238684512     -0.376034343362      0.926605726624
   870    -32.247036603714     -5.474858313107      0.801033420190     -0.598619628595
   871    -33.110811402991     -5.978736369917     -0.863774799277     -0.503878056809
   872    -32.332678760737     -5.350636384994      0.778132642254      0.628099984922
   873    -31.350202802156     -5.164247032266      0.982475958581      0.186389352728
   874    -32.244404732450     -4.716583198727     -0.894201930294      0.447663833539
   875    -32.958797366376     -5.416328269872     -0.714392633926     -0.699745071145
   876    -32.654679115526     -6.368962559356      0.304118250850     -0.952634289484
   877    -33.610242891016     -6.074178111036     -0.955563775490      0.294784448320
   878    -32.610684151006     -6.044474150523      0.999558740010      0.029703960513
   879    -32.745609087265     -5.053618327723     -0.134924936259      0.990855822799
   880    -33.321757935298     -4.236273538231     -0.576148848033      0.817344789492
   881    -34.108581756064     -3.619095869260     -0.786823820765      0.617177668971
   882    -34.815790181636     -4.326100991448     -0.707208425572     -0.707005122188
   883    -35.440968533271     -5.106582912216     -0.625178351636     -0.780481920768
   884    -35.842923678780     -4.190923553612     -0.401955145509      0.915659358604
   885    -34.844278323602     -4.242956760144      0.998645355178     -0.052033206532
   886    -34.149404092475     -3.523825476639      0.694874231127      0.719131283505
   887    -34.979713244697     -4.081128546554     -0.830309152222     -0.557303069915
   888    -34.325133086292     -3.325135943268      0.654580158405      0.755992603286
   889    -33.367729879105     -3.036381551325      0.957403207188      0.288754391943
   890    -33.202925503980     -4.022707824898      0.164804375124     -0.986326273573
   891    -34.179982410721     -3.809729419915     -0.977056906741      0.212978404983
   892    -35.179981867446     -3.810771797397     -0.999999456724     -0.001042377482
   893    -35.241114095123     -2.812642121082     -0.061132227677      0.998129676314
   894    -34.241776474658     -2.776250908892      0.999337620464      0.036391212190
   895    -33.836320616225     -1.862136284317      0.405455858433      0.914114624575
   896    -34.803888008512     -1.609523257368     -0.967567392286      0.252613026949
   897    -34.988842897632     -2.592270269060     -0.184954889121     -0.982747011692
   898    -35.787761973896     -1.990831735558     -0.798919076264      0.601438533503
   899    -35.044774853156     -2.660137449274      0.742987120741     -0.669305713716
   900    -35.331067985755     -3.618279527583     -0.286293132599     -0.958142078309
   901    -35.267510826729     -2.620301327653      0.063557159026      0.997978199931
   902    -35.953215709761     -1.892421658074     -0.685704883032      0.727879669579
   903    -34.981104792566     -2.126943223541      0.972110917196     -0.234521565467
   904    -34.812305835538     -3.112593725548      0.168798957028     -0.985650502007
   905    -35.523664555997     -2.409764606326     -0.711358720459      0.702829119222
   906    -34.545139751922     -2.615893711040      0.978524804075     -0.206129104715
   907    -33.983793316472     -3.443474631198      0.561346435450     -0.827580920157
   908    -34.715837413339     -2.762217381517     -0.732044096867      0.681257249681
   909    -34.737479891475     -3.761983155656     -0.021642478136     -0.999765774139
   910    -35.492966358107     -3.106818902407     -0.755486466632      0.655164253249
   911    -35.488875741396     -2.106827269014      0.004090616711      0.999991633392
   912    -34.890317246122     -2.907906371061      0.598558495274     -0.801079102046
   913    -35.890090335934     -2.929208222805     -0.999773089812     -0.021301851744
   914    -34.893853663330     -2.842533588916      0.996236672604      0.086674633889
   915    -34.913986397887     -1.842736272957     -0.020132734557      0.999797315959
   916    -35.886229713833     -1.608764192144     -0.972243315945      0.233972080813
   917    -36.739121168448     -1.086675917382     -0.852891454615      0.522088274762
   918    -36.820126976911     -0.089962288000     -0.081005808463      0.996713629382
   919    -36.284457730696      0.754465600371      0.535669246216      0.844427888371
   920    -37.261375967015      0.968079175657     -0.976918236319      0.213613575286
   921    -38.076090471397      0.388216884806     -0.814714504381     -0.579862290851
   922    -37.417253081170      1.140502264991      0.658837390226      0.752285380185
   923    -38.249647680595      0.586318874002     -0.832394599425     -0.554183390989
   924    -38.808150693885      1.415821365949     -0.558503013289      0.829502491947
   925    -37.854679488704      1.114337268703      0.953471205180     -0.301484097246
   926    -38.192250272395      0.173037122098     -0.337570783691     -0.941300146605
   927    -37.774421600187      1.081562961401      0.417828672208      0.908525839303
   928    -38.316863411832      0.241469585056     -0.542441811645     -0.840093376345
   929    -39.285653423779      0.489352446005     -0.968790011947      0.247882860949
   930    -38.367604357688      0.092885660196      0.918049066091     -0.396466785809
   931    -39.245671114689     -0.385652499463     -0.878066757001     -0.478538159659
   932    -39.113944101600     -1.376938529841      0.131727013089     -0.991286030378
   933    -39.655386941425     -0.536200966031     -0.541442839825      0.840737563811
   934    -38.656475678522     -0.582851677121      0.998911262903     -0.046650711091
   935    -39.290083577732      0.190802657875     -0.633607899210      0.773654334996
   936    -38.374812099999      0.593640245557      0.915271477733      0.402837587682
   937    -39.022240257728      1.355766731502     -0.647428157729      0.762126485946
   938    -39.449712340034      2.259795281300     -0.427472082306      0.904028549798
   939    -38.535543801327      2.665129566598      0.914168538707      0.405334285298
   940    -37.626913621917      2.247527845976      0.908630179409     -0.417601720622
   941    -37.180311253722      3.142260389657      0.446602368195      0.894732543681
   942    -38.125867195017      3.467720006019     -0.945555941295      0.325459616362
   943    -38.649925928268      4.319402132228     -0.524058733251      0.851682126209
   944    -38.756199264289      3.325065178248     -0.106273336021     -0.994336953980
   945    -38.065443118859      4.048152965139      0.690756145430      0.723087786891
   946    -37.266668359238      3.446522776906      0.798774759621     -0.601630188232
   947    -36.391935171190      2.961917938170      0.874733188048     -0.484604838736
   948    -36.740405687568      3.899237680422     -0.348470516378      0.937319742252
   949    -37.248572023471      4.760496628157     -0.508166335904      0.861258947735
   950    -37.319962243438      5.757945091234     -0.071390219966      0.997448463076
   951    -37.204556603006      4.764626643727      0.115405640431     -0.993318447506
   952    -36.229187268291      4.544048628286      0.975369334716     -0.220578015441
   953    -35.521337761345      3.837685353817      0.707849506945     -0.706363274468
   954    -34.521342554933      3.834589041170      0.999995206413     -0.003096312647
   955    -34.275320460274      4.803853261566      0.246022094659      0.969264220396
   956    -34.104723007016      5.789194070090      0.170597453258      0.985340808524
   957    -33.859396062710      6.758634470732      0.245326944305      0.969440400642
   958    -34.832923117171      6.530062656561     -0.973527054460     -0.228571814172
   959    -33.839408396600      6.643766218552      0.993514720571      0.113703561992
   960    -34.628909278591      7.257515644080     -0.789500881991      0.613749425527
   961    -35.311570372693      6.526780513818     -0.682661094102     -0.730735130262
   962    -36.244601762564      6.166985536759     -0.933031389870     -0.359794977059
   963    -35.356938865400      6.627479381450      0.887662897164      0.460493844692
   964    -35.880165039023      7.479673239229     -0.523226173623      0.852193857779
   965    -36.565279635751      8.208108541332     -0.685114596728      0.728435302103
   966    -37.349021391924      8.829195378764     -0.783741756173      0.621086837432
   967    -36.782031342816      8.005470737751      0.566990049108     -0.823724641013
   968    -37.541241277685      7.354624922834     -0.759209934870     -0.650845814917
   969    -38.524526703552      7.172554136384     -0.983285425867     -0.182070786450
   970    -38.193630423503      8.116221266176      0.330896280049      0.943667129792
   971    -39.138922648064      7.789996481429     -0.945292224562     -0.326224784747
   972    -38.555665961790      6.977708578086      0.583256686274     -0.812287903343
   973    -39.346556515093      7.589666201371     -0.790890553303      0.611957623285
   974    -38.391167051222      7.294317302062      0.955389463872     -0.295348899309
   975    -39.384755416799      7.407375516226     -0.993588365577      0.113058214163
   976    -38.442537031683      7.742374791970      0.942218385116      0.334999275745
   977    -38.945222593626      8.606844123881     -0.502685561943      0.864469331910
   978    -37.966481250186      8.811942594478      0.978741343440      0.205098470598
   979    -36.968671566382      8.878092688263      0.997809683804      0.066150093784
   980    -36.618666414704      9.814840463173      0.350005151678      0.936747774910
   981    -37.617425900568      9.864634934722     -0.998759485864      0.049794471550
   982    -37.151822838479     10.749628600560      0.465603062090      0.884993665838
   983    -37.445272426362      9.793654051018     -0.293449587884     -0.955974549541
   984    -36.839685667014     10.589433340082      0.605586759348      0.795779289063
   985    -37.837568085559     10.524389672001     -0.997882418546     -0.065043668080
   986    -36.862483455147     10.746222860532      0.975084630412      0.221833188531
   987    -37.009780764670      9.757130598603     -0.147297309523     -0.989092261929
   988    -37.644808759008     10.529619722415     -0.635027994338      0.772489123812
   989    -38.445580746769      9.930650421351     -0.800771987761     -0.598969301064
   990    -37.797136579605      9.169388204982      0.648444167164     -0.761262216369
   991    -37.571486625364     10.143596651954      0.225649954241      0.974208446972
   992    -36.829094814333     10.813562620429      0.742391811031      0.669965968475
   993    -37.481245494902     10.055473252456     -0.652150680569     -0.758089367973
   994    -37.259512844872     11.030580750074      0.221732650030      0.975107497618
   995    -37.880379148923     11.814497220428     -0.620866304052      0.783916470355
   996    -37.959790102559     10.817655256804     -0.079410953636     -0.996841963624
   997    -38.794145748455     11.368881758490     -0.834355645896      0.551226501686
   998    -38.169501958158     10.587971946000      0.624643790297     -0.780909812490
   999    -39.020983780877     10.063587825741     -0.851481822719     -0.524384120259
  1000    -38.738249177161     11.022786003315      0.282734603716      0.959198177574
