# File chua thong tin toa do tai lan chay thu 6
##########################################################################################
#  Step                   x                   y            delta_x            delta_y
     1      0.000000000000      0.000000000000      0.000000000000      0.000000000000
     2     -0.151453173123     -0.988464433529     -0.151453173123     -0.988464433529
     3     -0.900381712035     -1.651115203998     -0.748928538912     -0.662650770469
     4     -1.762072113100     -1.143680821331     -0.861690401065      0.507434382667
     5     -1.082404596997     -0.410160496081      0.679667516102      0.733520325250
     6     -0.178993068083      0.018614047736      0.903411528914      0.428774543817
     7      0.219421836425      0.935819348563      0.398414904508      0.917205300827
     8     -0.604756861162      0.369489520244     -0.824178697587     -0.566329828319
     9      0.040547170302      1.133415371997      0.645304031464      0.763925851753
    10      1.039158058223      1.186105926418      0.998610887921      0.052690554421
    11      2.039130481992      1.193532345558      0.999972423769      0.007426419140
    12      2.918304795419      1.670032635811      0.879174313427      0.476500290253
    13      3.313365407394      2.588687692328      0.395060611976      0.918655056518
    14      2.320321422407      2.470943716344     -0.993043984987     -0.117743975984
    15      1.890193451000      1.568175790345     -0.430127971407     -0.902767926000
    16      1.794864739311      2.563621638559     -0.095328711690      0.995445848215
    17      0.859230517359      2.916592746035     -0.935634221952      0.352971107476
    18      1.558338753404      3.631608602009      0.699108236045      0.715015855974
    19      2.218993125572      4.382298818100      0.660654372168      0.750690216091
    20      1.882991427777      3.440437438130     -0.336001697795     -0.941861379970
    21      2.875369425945      3.317206318876      0.992377998168     -0.123231119255
    22      3.474152879569      4.118117285005      0.598783453624      0.800910966129
    23      3.230957342694      5.088094568679     -0.243195536875      0.969977283674
    24      2.899399620490      4.144659633536     -0.331557722204     -0.943434935142
    25      2.407665262355      5.015404901126     -0.491734358135      0.870745267589
    26      3.005301801004      4.213637748099      0.597636538649     -0.801767153026
    27      2.005696213361      4.185554494143     -0.999605587643     -0.028083253956
    28      2.628532656240      3.403202421594      0.622836442880     -0.782352072549
    29      3.505890011167      2.923364874338      0.877357354926     -0.479837547256
    30      3.504716064689      3.923364185263     -0.001173946478      0.999999310925
    31      4.393669393914      4.381361978335      0.888953329225      0.457997793072
    32      4.652508567893      5.347282410883      0.258839173979      0.965920432548
    33      4.108077263395      6.186087844034     -0.544431304498      0.838805433150
    34      4.888988419380      6.810729954732      0.780911155985      0.624642110699
    35      4.262761768862      7.590371014567     -0.626226650518      0.779641059835
    36      5.234793206136      7.355520242904      0.972031437274     -0.234850771663
    37      6.234682943800      7.370369906724      0.999889737663      0.014849663819
    38      6.117755074897      6.377229496976     -0.116927868903     -0.993140409748
    39      6.286439371479      7.362899628453      0.168684296583      0.985670131477
    40      5.320372082753      7.104609106650     -0.966067288726     -0.258290521804
    41      4.765151754113      6.272905802181     -0.555220328640     -0.831703304469
    42      5.498583370672      6.952669043193      0.733431616559      0.679763241013
    43      4.678222860605      6.380822356114     -0.820360510067     -0.571846687079
    44      5.262836265735      5.569510352911      0.584613405130     -0.811312003203
    45      4.436431344697      5.006434064577     -0.826404921038     -0.563076288334
    46      3.864328380529      5.826615872708     -0.572102964168      0.820181808131
    47      3.915890958612      4.827946107200      0.051562578083     -0.998669765509
    48      3.341690236938      4.009231546911     -0.574200721674     -0.818714560289
    49      2.464315138388      4.489036649472     -0.877375098550      0.479805102561
    50      1.636133290679      5.049496128050     -0.828181847708      0.560459478577
    51      0.811277490151      5.614839305539     -0.824855800529      0.565343177490
    52      1.701613769643      5.159535770060      0.890336279492     -0.455303535479
    53      2.684905321869      4.977498072535      0.983291552226     -0.182037697525
    54      3.589883613440      5.402955816367      0.904978291571      0.425457743831
    55      3.462382312451      6.394794219659     -0.127501300989      0.991838403293
    56      3.304583974538      5.407322860808     -0.157798337913     -0.987471358851
    57      3.836744432728      4.560679342709      0.532160458191     -0.846643518099
    58      4.395485055836      3.731336882630      0.558740623108     -0.829342460079
    59      4.951663476511      4.562399795035      0.556178420675      0.831062912405
    60      4.001138026168      4.873046488643     -0.950525450343      0.310646693608
    61      4.540003701688      5.715438193105      0.538865675520      0.842391704462
    62      4.825588923014      4.757084875503      0.285585221326     -0.958353317603
    63      3.981660342450      5.293540419708     -0.843928580563      0.536455544205
    64      4.483148055784      4.428375653102      0.501487713333     -0.865164766606
    65      5.473927806660      4.563858069869      0.990779750877      0.135482416767
    66      4.515705506308      4.849882584742     -0.958222300352      0.286024514872
    67      4.448828372830      3.852121366304     -0.066877133478     -0.997761218437
    68      5.424474528576      4.071471722534      0.975646155746      0.219350356229
    69      6.377912240208      3.769881719319      0.953437711632     -0.301590003214
    70      7.344397879932      3.513161038020      0.966485639724     -0.256720681299
    71      7.965610465931      4.296803126602      0.621212585999      0.783642088582
    72      7.340476522458      5.077320616937     -0.625133943472      0.780517490335
    73      8.292825837016      5.382330097219      0.952349314558      0.305009480282
    74      9.227981963008      5.736565922651      0.935156125992      0.354235825433
    75      8.319032104139      5.319660472864     -0.908949858869     -0.416905449788
    76      7.389922510456      4.949855980022     -0.929109593683     -0.369804492842
    77      8.388712352148      4.900674152752      0.998789841692     -0.049181827270
    78      9.210620776696      5.470293799232      0.821908424549      0.569619646480
    79      8.324831135837      5.006206833086     -0.885789640859     -0.464086966145
    80      9.267336992048      5.340396466389      0.942505856211      0.334189633303
    81      9.578826730544      4.390146950308      0.311489738496     -0.950249516081
    82      9.641869748991      5.388157760784      0.063043018447      0.998010810475
    83     10.351320394895      4.683402639464      0.709450645904     -0.704755121319
    84      9.841956316286      5.543953762538     -0.509364078609      0.860551123074
    85     10.585931972268      6.212160484523      0.743975655982      0.668206721985
    86     10.613351557969      5.212536472046      0.027419585701     -0.999624012477
    87     11.275395457494      5.962001531340      0.662043899525      0.749465059294
    88     10.614876226683      5.211192403979     -0.660519230811     -0.750809127361
    89     10.410834528082      6.190154602040     -0.204041698601      0.978962198061
    90     10.512126236328      7.185011370545      0.101291708247      0.994856768505
    91     10.370920158381      6.195031146727     -0.141206077947     -0.989980223818
    92     10.536641713036      5.208858562276      0.165721554655     -0.986172584451
    93     10.078598320948      6.097788396945     -0.458043392088      0.888929834669
    94     10.737404849932      5.345475990183      0.658806528984     -0.752312406762
    95      9.998151599814      6.018903515749     -0.739253250118      0.673427525566
    96     10.849760490289      5.494725780946      0.851608890476     -0.524177734803
    97      9.874477298614      5.273767196512     -0.975283191676     -0.220958584434
    98     10.623566263717      5.936236608908      0.749088965103      0.662469412397
    99     10.000943014807      5.153714858465     -0.622623248910     -0.782521750443
   100     10.359903932181      4.220362267106      0.358960917374     -0.933352591360
   101      9.372091165412      4.376009103915     -0.987812766769      0.155646836810
   102      8.749846814898      3.593186027956     -0.622244350514     -0.782823075959
   103      9.050646792075      2.639498776427      0.300799977177     -0.953687251530
   104      8.546139124259      1.776091564785     -0.504507667816     -0.863407211642
   105      8.296166298176      0.807838712365     -0.249972826084     -0.968252852420
   106      9.044463546617      1.471202283850      0.748297248442      0.663363571486
   107      9.518929942798      2.351475899776      0.474466396181      0.880273615926
   108     10.515838420945      2.272904364221      0.996908478147     -0.078571535555
   109     11.370262426143      2.792480748732      0.854424005198      0.519576384511
   110     11.820696458906      3.685290460893      0.450434032764      0.892809712161
   111     12.815466839813      3.583153840275      0.994770380906     -0.102136620618
   112     12.328800411018      4.456741721993     -0.486666428795      0.873587881718
   113     12.764269902071      5.356945211411      0.435469491054      0.900203489419
   114     13.629890137688      5.857646327539      0.865620235617      0.500701116127
   115     14.117934873833      4.984827712063      0.488044736145     -0.872818615476
   116     15.114903419149      5.062633365136      0.996968545316      0.077805653074
   117     15.101237205102      6.062539978073     -0.013666214046      0.999906612936
   118     14.448570361138      6.820185007615     -0.652666843964      0.757645029542
   119     13.806825640593      7.587103330288     -0.641744720545      0.766918322674
   120     13.626294432614      6.603534073476     -0.180531207979     -0.983569256812
   121     13.445005023689      7.586963862638     -0.181289408925      0.983429789162
   122     12.460531298226      7.762495865055     -0.984473725463      0.175532002417
   123     12.656199516692      6.781825712414      0.195668218467     -0.980670152642
   124     11.822631441641      6.229408963704     -0.833568075051     -0.552416748710
   125     11.595333364715      7.203234196600     -0.227298076926      0.973825232896
   126     11.361230004006      6.231022482772     -0.234103360709     -0.972211713828
   127     11.297119223110      5.233079694947     -0.064110780896     -0.997942787825
   128     10.535937444914      5.881618283269     -0.761181778195      0.648538588322
   129     11.276808868310      6.553265165191      0.740871423396      0.671646881922
   130     11.841913682713      5.728246044965      0.565104814403     -0.825019120226
   131     12.729687423736      6.188526160493      0.887773741023      0.460280115528
   132     13.605212500769      6.671698841308      0.875525077033      0.483172680815
   133     12.705623812226      6.234960714456     -0.899588688543     -0.436738126851
   134     13.382964712737      6.970630004624      0.677340900511      0.735669290168
   135     14.333588027115      6.660282918023      0.950623314378     -0.310347086601
   136     13.395964801817      6.312629804443     -0.937623225298     -0.347653113580
   137     13.611644181471      5.336165567929      0.215679379654     -0.976464236515
   138     14.535735287897      4.953993320083      0.924091106426     -0.382172247846
   139     14.995539585282      4.065973045480      0.459804297385     -0.888020274603
   140     15.710046654719      4.765601266554      0.714507069437      0.699628221075
   141     16.204031349865      3.896130668453      0.493984695145     -0.869470598101
   142     15.433680555856      3.258510362809     -0.770350794009     -0.637620305644
   143     16.161121726814      2.572340308964      0.727441170959     -0.686170053845
   144     17.140990744537      2.771981757837      0.979869017722      0.199641448873
   145     16.855373445360      3.730325515792     -0.285617299176      0.958343757955
   146     17.348154627684      4.600478781802      0.492781182324      0.870153266010
   147     18.171880926687      5.167466422171      0.823726299003      0.566987640369
   148     19.015043311490      5.705125415263      0.843162384803      0.537658993092
   149     19.281606593970      4.741307996644      0.266563282479     -0.963817418619
   150     19.422961840461      3.751349060985      0.141355246492     -0.989958935658
   151     20.040687499295      4.537742734929      0.617725658834      0.786393673943
   152     19.611636854909      5.441023170094     -0.429050644386      0.903280435165
   153     19.547686811480      4.443070069019     -0.063950043429     -0.997953101075
   154     20.316281017184      3.803333445900      0.768594205704     -0.639736623118
   155     21.126282212496      4.389761671339      0.810001195313      0.586428225439
   156     20.519959194101      5.184980130233     -0.606323018395      0.795218458893
   157     19.576645487882      4.853077657118     -0.943313706219     -0.331902473114
   158     19.912670124755      5.794930853436      0.336024636873      0.941853196318
   159     20.274103796777      4.862533030225      0.361433672021     -0.932397823211
   160     21.177638373459      4.434017839433      0.903534576682     -0.428515190792
   161     21.505281701963      5.378819326142      0.327643328504      0.944801486708
   162     20.804348909733      4.665591998583     -0.700932792230     -0.713227327559
   163     21.686934221171      4.195439716834      0.882585311438     -0.470152281749
   164     22.493726068280      3.604603939787      0.806791847109     -0.590835777047
   165     21.990226881043      4.468599639111     -0.503499187238      0.863995699324
   166     22.750749306942      3.819287973034      0.760522425899     -0.649311666077
   167     23.745185367845      3.924629896197      0.994436060903      0.105341923163
   168     23.557712900156      4.906899754158     -0.187472467689      0.982269857961
   169     23.455690872899      5.901681894103     -0.102022027257      0.994782139945
   170     24.412140573552      6.193579085115      0.956449700653      0.291897191011
   171     23.840796398557      5.372868518777     -0.571344174995     -0.820710566338
   172     24.330392601618      4.500919232437      0.489596203061     -0.871949286340
   173     24.726872460791      5.418962652581      0.396479859173      0.918043420144
   174     24.761868799461      6.418350093107      0.034996338670      0.999387440525
   175     24.140080865707      7.201535745068     -0.621787933754      0.783185651961
   176     24.223066055855      8.198086525619      0.082985190148      0.996550780551
   177     24.907667836514      8.927003806192      0.684601780659      0.728917280573
   178     24.209248340702      9.642692431133     -0.698419495812      0.715688624940
   179     23.209730145606      9.611654105284     -0.999518195096     -0.031038325849
   180     23.579264020479      8.682436845801      0.369533874873     -0.929217259483
   181     23.814621765373      7.710528037363      0.235357744894     -0.971908808437
   182     23.399702659281      6.800669732241     -0.414919106092     -0.909858305122
   183     22.880566616171      7.655361354257     -0.519136043110      0.854691622016
   184     22.786981141638      8.650972603167     -0.093585474533      0.995611248910
   185     23.747614669863      8.928791293055      0.960633528225      0.277818689888
   186     23.282791765257      8.043387618252     -0.464822904606     -0.885403674803
   187     23.923290455394      7.275428356355      0.640498690137     -0.767959261897
   188     24.768433977329      7.809967809839      0.845143521935      0.534539453484
   189     24.815635305778      8.808853205965      0.047201328449      0.998885396125
   190     25.462268893168      9.571653968719      0.646633587390      0.762800762755
   191     25.474774196916      8.571732163087      0.012505303748     -0.999921805632
   192     25.149848459919      9.517471696700     -0.324925736997      0.945739533612
   193     24.930054874697     10.493018097387     -0.219793585223      0.975546400688
   194     24.559096580405     11.421667624333     -0.370958294292      0.928649526945
   195     23.560031308934     11.378440510831     -0.999065271470     -0.043227113502
   196     23.060207562051     12.244567650489     -0.499823746883      0.866127139658
   197     22.319646663161     12.916556902661     -0.740560898890      0.671989252172
   198     21.361279254246     13.202094832767     -0.958367408915      0.285537930106
   199     22.049132718096     13.927944412411      0.687853463850      0.725849579644
   200     22.662821543809     13.138396424512      0.613688825713     -0.789547987898
   201     22.460917730730     14.117801779952     -0.201903813080      0.979405355440
   202     22.045393246347     15.027383773441     -0.415524484383      0.909581993488
   203     22.872687192153     14.465614490521      0.827293945807     -0.561769282919
   204     23.187329240575     15.414824889413      0.314642048422      0.949210398892
   205     24.185349465166     15.477718699186      0.998020224591      0.062893809773
   206     24.010739189791     14.493081074609     -0.174610275376     -0.984637624577
   207     23.495258625805     15.349982345557     -0.515480563986      0.856901270948
   208     22.653217294234     15.889395356085     -0.842041331571      0.539413010528
   209     21.998726384305     15.133325485755     -0.654490909929     -0.756069870330
   210     22.495988877569     16.000925631440      0.497262493264      0.867600145685
   211     23.494843800164     16.048767491858      0.998854922595      0.047841860418
   212     22.844878999221     16.808731805189     -0.649964800942      0.759964313331
   213     22.100137370419     17.476084715071     -0.744741628802      0.667352909883
   214     21.235294125389     17.978126706866     -0.864843245030      0.502041991795
   215     20.570208169708     17.231359894831     -0.665085955681     -0.746766812035
   216     20.172593905075     16.313807227918     -0.397614264633     -0.917552666914
   217     19.205525914277     16.568325402464     -0.967067990798      0.254518174546
   218     19.810166011533     17.364824211496      0.604640097256      0.796498809033
   219     20.661052114294     17.890174418623      0.850886102761      0.525350207127
   220     21.633132323303     18.124823235482      0.972080209009      0.234648816859
   221     21.010431773025     17.342362997078     -0.622700550278     -0.782460238404
   222     21.635670088981     16.561929112460      0.625238315956     -0.780433884618
   223     22.631171813729     16.467185690400      0.995501724748     -0.094743422060
   224     23.413760394770     15.844646444389      0.782588581041     -0.622539246011
   225     22.431097461315     15.659245367765     -0.982662933455     -0.185401076623
   226     22.090396940146     14.719073492587     -0.340700521169     -0.940171875178
   227     21.768086129755     15.665707393050     -0.322310810392      0.946633900462
   228     20.971953294725     15.060585497075     -0.796132835030     -0.605121895974
   229     19.976804660096     15.158968396990     -0.995148634629      0.098382899915
   230     20.850325962727     15.645754318982      0.873521302631      0.486785921992
   231     20.207513994697     16.411778322363     -0.642811968030      0.766024003382
   232     20.425404198200     17.387751610531      0.217890203503      0.975973288168
   233     20.557587831978     16.396526365211      0.132183633778     -0.991225245321
   234     20.066871963390     17.267846017414     -0.490715868588      0.871319652203
   235     19.883663393105     18.250920083685     -0.183208570285      0.983074066271
   236     19.200581192107     17.520578583645     -0.683082200998     -0.730341500040
   237     18.623973564609     18.337599785274     -0.576607627499      0.817021201629
   238     17.751347597093     18.825988893278     -0.872625967515      0.488389108005
   239     17.965333162303     19.802825715824      0.213985565209      0.976836822546
   240     18.433738327604     20.686339496769      0.468405165301      0.883513780945
   241     17.592074112090     21.226340745216     -0.841664215513      0.540001248447
   242     16.789880639673     20.629276567082     -0.802193472417     -0.597064178134
   243     17.142120922927     21.565186168942      0.352240283254      0.935909601860
   244     16.793128834478     20.628060498500     -0.348992088449     -0.937125670441
   245     17.567326177119     19.995116208181      0.774197342641     -0.632944290319
   246     18.283211791183     20.693333787147      0.715885614063      0.698217578966
   247     17.539574424783     21.361916966186     -0.743637366400      0.668583179039
   248     18.464290457764     21.742574631744      0.924716032981      0.380657665558
   249     19.138599331368     21.004125213721      0.674308873604     -0.738449418023
   250     18.544595009465     21.808587062139     -0.594004321904      0.804461848418
   251     19.419606304781     22.292689564786      0.875011295316      0.484102502647
   252     19.611529370361     21.311279590872      0.191923065581     -0.981409973914
   253     19.442347635050     22.296864463136     -0.169181735311      0.985584872265
   254     18.873881043311     23.119570810551     -0.568466591739      0.822706347415
   255     19.581057674165     22.412533885932      0.707176630854     -0.707036924619
   256     19.665417172745     23.408969270189      0.084359498580      0.996435384257
   257     19.373369352693     24.365372987666     -0.292047820051      0.956403717477
   258     20.239540717028     23.865625884016      0.866171364335     -0.499747103650
   259     19.252098919808     23.707642666223     -0.987441797219     -0.157983217793
   260     18.343830643206     24.126030928149     -0.908268276603      0.418388261926
   261     18.367941797958     23.126321644299      0.024111154752     -0.999709283850
   262     18.942595996545     23.944717973742      0.574654198587      0.818396329443
   263     19.828523663285     24.408541398448      0.885927666740      0.463823424705
   264     20.744373819750     24.810061623221      0.915850156465      0.401520224774
   265     20.258472506321     25.684075303668     -0.485901313429      0.874013680447
   266     21.045432002080     26.301079964943      0.786959495759      0.617004661275
   267     20.105716394748     25.959122983235     -0.939715607331     -0.341956981707
   268     19.216804181072     25.501045395510     -0.888912213677     -0.458077587726
   269     18.610030871018     24.706170468111     -0.606773310054     -0.794874927398
   270     18.990155487428     23.781235186052      0.380124616410     -0.924935282060
   271     18.779227308906     22.803733624158     -0.210928178522     -0.977501561894
   272     17.780610472161     22.856311313036     -0.998616836746      0.052577688878
   273     17.967732813968     21.873974695986      0.187122341808     -0.982336617050
   274     17.286553988253     22.606091768181     -0.681178825715      0.732117072194
   275     18.028517746191     23.276531759460      0.741963757938      0.670439991280
   276     17.799508358251     24.249955973375     -0.229009387941      0.973424213914
   277     18.693968436203     23.802808157826      0.894460077952     -0.447147815549
   278     17.809456078580     24.269324919811     -0.884512357623      0.466516761985
   279     16.844044939374     24.530057219876     -0.965411139206      0.260732300066
   280     17.689619782820     23.996200325071      0.845574843446     -0.533856894806
   281     18.684170500119     23.891946448793      0.994550717300     -0.104253876278
   282     17.775268223886     24.308955624061     -0.908902276234      0.417009175268
   283     16.873351332607     23.877046002466     -0.901916891279     -0.431909621595
   284     17.562760479810     23.152673841381      0.689409147202     -0.724372161084
   285     18.369428775958     22.561669391323      0.806668296148     -0.591004450059
   286     18.320648677087     23.560478933705     -0.048780098871      0.998809542382
   287     17.641391796980     24.294379533805     -0.679256880107      0.733900600100
   288     16.641517333484     24.310224319980     -0.999874463496      0.015844786175
   289     15.662150750902     24.512316123181     -0.979366582582      0.202091803200
   290     15.314648789212     23.574636867453     -0.347501961690     -0.937679255728
   291     16.313807333589     23.615651537977      0.999158544377      0.041014670524
   292     15.314333427262     23.583218367134     -0.999473906327     -0.032433170843
   293     14.979270652397     22.641022561104     -0.335062774865     -0.942195806030
   294     13.982885922049     22.725978250317     -0.996384730348      0.084955689213
   295     13.242338584068     22.053974053747     -0.740547337981     -0.672004196571
   296     12.674153864356     22.876875095359     -0.568184719711      0.822901041612
   297     13.267095586533     23.682120470448      0.592941722177      0.805245375089
   298     13.712733477125     24.577333780485      0.445637890592      0.895213310038
   299     14.238633969270     25.427879882917      0.525900492144      0.850546102432
   300     14.323969242478     26.424232175606      0.085335273208      0.996352292689
   301     13.992239233315     25.480857806111     -0.331730009162     -0.943374369496
   302     13.435629391470     26.311631833125     -0.556609841845      0.830774027014
   303     14.246064345014     26.897460465128      0.810434953544      0.585828632003
   304     15.245818177761     26.919647711602      0.999753832748      0.022187246474
   305     15.018921600265     27.893566570193     -0.226896577497      0.973918858592
   306     14.760682252643     26.927485600843     -0.258239347621     -0.966080969350
   307     14.805929357781     27.926461426115      0.045247105138      0.998975825271
   308     13.881322494277     27.545538667591     -0.924606863504     -0.380922758524
   309     14.545485194311     26.797950607303      0.664162700033     -0.747588060287
   310     13.613625615375     26.435131471719     -0.931859578936     -0.362819135584
   311     12.789264324601     25.869067462730     -0.824361290774     -0.566064008989
   312     12.090852559668     26.584763631927     -0.698411764933      0.715696169197
   313     12.990654332121     27.021062577938      0.899801772453      0.436298946011
   314     13.107973588599     26.027968326591      0.117319256477     -0.993094251348
   315     12.255636855849     25.504974928922     -0.852336732750     -0.522993397669
   316     13.040478833596     24.885278979310      0.784841977747     -0.619695949612
   317     13.852621659349     25.468737658719      0.812142825753      0.583458679409
   318     13.260778640402     24.662684409285     -0.591843018947     -0.806053249434
   319     12.424795485558     25.211439513878     -0.835983154844      0.548755104593
   320     12.898106191538     24.330543960702      0.473310705980     -0.880895553176
   321     13.861785618206     24.063482240091      0.963679426669     -0.267061720611
   322     14.645604835304     24.684471318021      0.783819217098      0.620989077930
   323     14.207055545955     23.785764179510     -0.438549289349     -0.898707138511
   324     14.465574045357     24.751770486667      0.258518499403      0.966006307157
   325     13.735092497762     25.434702920090     -0.730481547596      0.682932433424
   326     14.732523428508     25.506337676948      0.997430930747      0.071634756857
   327     15.541722465309     24.918803066188      0.809199036801     -0.587534610759
   328     14.542945179370     24.869366914526     -0.998777285940     -0.049436151663
   329     14.225824556845     25.817752126752     -0.317120622525      0.948385212226
   330     13.249442237788     25.601702208835     -0.976382319057     -0.216049917917
   331     13.740873927475     26.472618332449      0.491431689688      0.870916123614
   332     14.172574371423     27.374635364824      0.431700443948      0.902017032375
   333     13.949284176274     26.399883350848     -0.223290195150     -0.974752013976
   334     14.769342485386     25.827603375962      0.820058309112     -0.572279974886
   335     13.887776878326     26.299664897851     -0.881565607061      0.472061521889
   336     14.874914064096     26.139789394821      0.987137185771     -0.159875503029
   337     14.999136762809     25.147535031704      0.124222698712     -0.992254363117
   338     15.026451346387     24.147908144549      0.027314583579     -0.999626887155
   339     14.740464601881     25.106141718354     -0.285986744506      0.958233573805
   340     14.733236778623     26.106115597298     -0.007227823257      0.999973878944
   341     14.188674487536     25.267395196255     -0.544562291088     -0.838720401043
   342     15.173863136012     25.095921213060      0.985188648477     -0.171473983195
   343     16.106040496858     25.457923102456      0.932177360846      0.362001889396
   344     15.352952484680     26.115842889294     -0.753088012178      0.657919786838
   345     14.396575010125     25.823709142247     -0.956377474555     -0.292133747048
   346     14.091980321427     26.776191202769     -0.304594688698      0.952482060523
   347     14.363216931760     25.813678500923      0.271236610333     -0.962512701846
   348     15.128512717420     26.457357272090      0.765295785660      0.643678771166
   349     15.264796690762     27.448027085201      0.136283973341      0.990669813111
   350     14.708401100520     28.278944618510     -0.556395590242      0.830917533309
   351     13.831406600734     28.759445031980     -0.876994499786      0.480500413470
   352     12.833426228198     28.822968067427     -0.997980372536      0.063523035447
   353     12.064008231613     28.184222463504     -0.769417996585     -0.638745603923
   354     11.249747168844     27.603723607641     -0.814261062769     -0.580498855863
   355     12.006094631033     28.257893705124      0.756347462189      0.654170097483
   356     12.277982352276     27.295564724454      0.271887721244     -0.962328980670
   357     11.989055662265     26.338213499564     -0.288926690012     -0.957351224890
   358     11.420264102813     27.160695208720     -0.568791559452      0.822481709156
   359     12.232793846501     27.743614942150      0.812529743688      0.582919733430
   360     11.457656312465     27.111822410278     -0.775137534036     -0.631792531871
   361     11.319992435053     28.102301414022     -0.137663877412      0.990479003743
   362     11.779446348742     28.990503024691      0.459453913689      0.888201610670
   363     12.469016706781     29.714721721850      0.689570358038      0.724218697159
   364     13.305681823062     30.262436504560      0.836665116281      0.547714782709
   365     14.234629223799     29.892224772353      0.928947400737     -0.370211732206
   366     13.419059822347     29.313565501785     -0.815569401452     -0.578659270568
   367     14.408884140188     29.171270667689      0.989824317841     -0.142294834096
   368     14.559084672659     30.159926219459      0.150200532471      0.988655551770
   369     14.576010761614     29.160069475964      0.016926088955     -0.999856743495
   370     15.530788497236     28.862748982960      0.954777735622     -0.297320493004
   371     15.028039845750     27.998316340455     -0.502748651486     -0.864432642505
   372     15.639373349766     28.789689417371      0.611333504016      0.791373076916
   373     16.622392298625     28.973193494122      0.983018948859      0.183504076751
   374     16.760723574625     27.982807479439      0.138331276000     -0.990386014683
   375     16.514477494203     28.952014819422     -0.246246080422      0.969207339983
   376     17.502299805696     29.107601068544      0.987822311493      0.155586249123
   377     18.319271264764     29.684279172055      0.816971459067      0.576678103511
   378     19.050797719087     29.002466113641      0.731526454324     -0.681813058415
   379     19.825504213448     28.370145113203      0.774706494361     -0.632321000438
   380     20.685760386467     28.880007169826      0.860256173018      0.509862056623
   381     20.048783893357     29.650890395240     -0.636976493110      0.770883225414
   382     19.856667905527     30.632262621880     -0.192115987830      0.981372226640
   383     19.619740749213     29.660735204562     -0.236927156313     -0.971527417318
   384     18.927230025058     30.382142784872     -0.692510724155      0.721407580311
   385     19.927218125374     30.377264339787      0.999988100316     -0.004878445085
   386     20.624320594210     31.094235851036      0.697102468836      0.716971511249
   387     19.996372924940     30.315980285905     -0.627947669271     -0.778255565131
   388     19.219532525612     29.686282744244     -0.776840399327     -0.629697541660
   389     18.270367718244     29.371503188916     -0.949164807369     -0.314779555329
   390     19.257885428247     29.213995181405      0.987517710003     -0.157508007511
   391     20.257880199751     29.217228904445      0.999994771504      0.003233723040
   392     21.240225964606     29.404303216609      0.982345764855      0.187074312165
   393     20.400186055666     28.861778607592     -0.840039908939     -0.542524609017
   394     21.398268910223     28.799886641715      0.998082854557     -0.061891965877
   395     20.838861199497     27.970993998980     -0.559407710726     -0.828892642735
   396     20.784457820487     28.969513038534     -0.054403379010      0.998519039554
   397     20.094428566243     29.693294516805     -0.690029254243      0.723781478271
   398     21.093745374651     29.730252823515      0.999316808407      0.036958306710
   399     21.543417240056     30.623446651003      0.449671865405      0.893193827488
   400     21.142882543431     29.707165058479     -0.400534696625     -0.916281592524
   401     22.020566127002     29.227924485145      0.877683583571     -0.479240573334
   402     21.738046863740     28.268662859786     -0.282519263262     -0.959261625359
   403     22.082382239858     29.207509571850      0.344335376118      0.938846712064
   404     22.918855374257     28.659501638123      0.836473134399     -0.548007933727
   405     22.213762833377     29.368616938195     -0.705092540880      0.709115300072
   406     22.130876763044     30.365175967728     -0.082886070334      0.996559029533
   407     22.380905808273     29.396937631087      0.250029045230     -0.968238336641
   408     23.326954423350     29.072912913032      0.946048615077     -0.324024718055
   409     23.305331727919     28.073146710841     -0.021622695432     -0.999766202190
   410     24.304181646362     28.025200486533      0.998849918444     -0.047946224308
   411     24.587652220806     27.066219551673      0.283470574444     -0.958980934860
   412     24.228156988210     27.999366473514     -0.359495232596      0.933146921841
   413     24.233384713746     26.999380138164      0.005227725536     -0.999986335349
   414     23.410499656019     26.431172269714     -0.822885057727     -0.568207868451
   415     22.481130716505     26.800324506962     -0.929368939515      0.369152237248
   416     23.083031269857     26.001753455724      0.601900553352     -0.798571051237
   417     22.132195362358     25.692058320129     -0.950835907498     -0.309695135596
   418     22.068244289436     26.690011355232     -0.063951072922      0.997953035103
   419     23.026577668264     26.404359232846      0.958333378828     -0.285652122386
   420     23.403528282698     25.478125874411      0.376950614434     -0.926233358435
   421     22.680288374618     24.787529005492     -0.723239908081     -0.690596868918
   422     23.100375342216     25.695012856398      0.420086967598      0.907483850905
   423     22.869080907998     26.667896654546     -0.231294434218      0.972883798148
   424     21.879526986263     26.523733427688     -0.989553921735     -0.144163226858
   425     21.172714094683     25.816332878990     -0.706812891579     -0.707400548697
   426     22.063215221054     26.271313915884      0.890501126371      0.454981036894
   427     21.778030637005     25.312841301241     -0.285184584049     -0.958472614643
   428     21.099608039574     24.578169415774     -0.678422597431     -0.734671885467
   429     21.862428561392     23.931559137867      0.762820521817     -0.646610277906
   430     20.913259804139     23.616791492999     -0.949168757252     -0.314767644868
   431     21.524541347925     24.408204706325      0.611281543786      0.791413213326
   432     22.503417903747     24.612656873013      0.978876555821      0.204452166688
   433     23.282426812772     23.985644018552      0.779008909025     -0.627012854461
   434     22.678654985675     23.188486831540     -0.603771827097     -0.797157187012
   435     23.199391022079     22.334769091072      0.520736036404     -0.853717740468
   436     22.376403000696     21.766710364653     -0.822988021383     -0.568058726419
   437     23.369766194762     21.651690519947      0.993363194065     -0.115019844706
   438     23.519520922771     22.640413697302      0.149754728009      0.988723177355
   439     24.508879184035     22.785913631554      0.989358261265      0.145499934252
   440     25.350191403609     22.245364143351      0.841312219573     -0.540549488203
   441     26.341860208910     22.374177887152      0.991668805302      0.128813743800
   442     25.351772094533     22.233730296325     -0.990088114377     -0.140447590827
   443     24.952478023079     21.316907388397     -0.399294071454     -0.916822907928
   444     24.133834455885     21.891209321087     -0.818643567194      0.574301932690
   445     23.208320844898     22.269923667102     -0.925513610987      0.378714346015
   446     24.208302115545     22.276043990127      0.999981270648      0.006120323025
   447     23.348479712434     21.765450771304     -0.859822403111     -0.510593218823
   448     22.727045729754     20.981984240322     -0.621433982681     -0.783466530982
   449     22.141008553176     20.171700075557     -0.586037176578     -0.810284164765
   450     22.898042307231     19.518324306783      0.757033754056     -0.653375768774
   451     22.725581360342     20.503340662890     -0.172460946890      0.985016356107
   452     23.468124314653     21.173139110934      0.742542954311      0.669798448044
   453     24.451590547546     20.992047507707      0.983466232893     -0.181091603227
   454     24.761558313580     21.942794573977      0.309967766034      0.950747066269
   455     24.422000760065     21.002209294563     -0.339557553515     -0.940585279414
   456     24.117312140963     21.954661311931     -0.304688619102      0.952452017369
   457     23.518359266831     21.153877037254     -0.598952874131     -0.800784274677
   458     22.541972279563     21.369905857305     -0.976386987269      0.216028820051
   459     23.375156721840     20.816910662799      0.833184442277     -0.552995194507
   460     22.375997462823     20.775913405327     -0.999159259017     -0.040997257472
   461     23.296791501829     20.385864257488      0.920794039007     -0.390049147838
   462     22.331684495962     20.647720071296     -0.965107005868      0.261855813808
   463     23.121202099916     21.261447985804      0.789517603954      0.613727914508
   464     23.892153808516     21.898341589954      0.770951708600      0.636893604150
   465     24.710404710815     22.473202843550      0.818250902300      0.574861253596
   466     25.451185281014     23.144949929004      0.740780570199      0.671747085454
   467     24.863316704458     23.953906378201     -0.587868576556      0.808956449197
   468     24.944028980630     24.950643820297      0.080712276173      0.996737442095
   469     25.936484434232     25.073249581238      0.992455453602      0.122605760941
   470     25.285294620243     24.314334680767     -0.651189813989     -0.758914900471
   471     25.571582902214     25.272478208432      0.286288281971      0.958143527665
   472     26.029167421413     24.383312077841      0.457584519199     -0.889166130591
   473     25.084189095399     24.710445022320     -0.944978326014      0.327132944479
   474     25.761101148971     25.446508926970      0.676912053572      0.736063904650
   475     25.289608422663     26.328378877154     -0.471492726309      0.881869950184
   476     26.002651327481     25.627258476732      0.713042904818     -0.701120400422
   477     26.418932952640     26.536494204448      0.416281625159      0.909235727716
   478     26.150849053748     27.499889773856     -0.268083898892      0.963395569408
   479     26.949119625308     26.897590766235      0.798270571560     -0.602299007621
   480     26.094887708673     26.377698630689     -0.854231916635     -0.519892135546
   481     25.232982293822     25.870629546787     -0.861905414851     -0.507069083902
   482     24.341550003018     26.323783462043     -0.891432290804      0.453153915256
   483     25.023423939554     25.592313753393      0.681873936536     -0.731469708650
   484     24.507141616805     24.735895302391     -0.516282322750     -0.856418451002
   485     24.966169895471     23.847473646090      0.459028278666     -0.888421656301
   486     25.856157267300     23.391488473103      0.889987371829     -0.455985172987
   487     25.522457526489     22.448809056237     -0.333699740811     -0.942679416866
   488     26.328820404459     21.857387963417      0.806362877970     -0.591421092819
   489     25.722363855329     22.652504592609     -0.606456549130      0.795116629192
   490     26.718810611151     22.568279520263      0.996446755822     -0.084225072346
   491     25.790379241908     22.939783480679     -0.928431369243      0.371503960416
   492     26.787908994967     22.869538254786      0.997529753060     -0.070245225893
   493     27.750514304393     22.598630487704      0.962605309426     -0.270907767082
   494     26.831147166327     22.205229845299     -0.919367138066     -0.393400642405
   495     26.867678854576     23.204562340394      0.036531688249      0.999332495095
   496     26.023687491804     23.740919105586     -0.843991362772      0.536356765192
   497     26.908286905612     23.274567438824      0.884599413807     -0.466351666762
   498     27.612099153382     23.984953474644      0.703812247770      0.710386035821
   499     27.983430208451     24.913454011823      0.371331055069      0.928500537179
   500     28.844291837199     24.404614885822      0.860861628748     -0.508839126001
   501     27.851676906600     24.525922756759     -0.992614930599      0.121307870937
   502     27.570547573065     23.566252866731     -0.281129333534     -0.959669890028
   503     27.190418674760     22.641319344432     -0.380128898306     -0.924933522299
   504     27.714120095375     21.789417459210      0.523701420615     -0.851901885222
   505     27.386136407351     20.844734072889     -0.327983688024     -0.944683386321
   506     27.529496081402     21.834404727125      0.143359674051      0.989670654236
   507     28.340874236400     22.418926317481      0.811378154998      0.584521590356
   508     29.086169437480     23.085660944785      0.745295201081      0.666734627304
   509     29.913306495560     23.647661200258      0.827137058079      0.562000255473
   510     30.678043621293     24.292003600326      0.764737125733      0.644342400069
   511     30.062792068791     23.503672751543     -0.615251552502     -0.788330848784
   512     29.121535459214     23.165980591539     -0.941256609577     -0.337692160003
   513     28.425546092331     23.884032679612     -0.695989366883      0.718052088073
   514     28.807924398673     24.808038540437      0.382378306342      0.924005860825
   515     27.882948238068     24.428013406647     -0.924976160605     -0.380025133791
   516     27.352457085783     25.275703879253     -0.530491152285      0.847690472606
   517     27.380640270250     24.276101104090      0.028183184467     -0.999602775163
   518     27.089372129186     25.232742557301     -0.291268141064      0.956641453211
   519     27.563061618425     24.352050631719      0.473689489240     -0.880691925581
   520     27.715071721462     23.363671691953      0.152010103037     -0.988378939767
   521     27.904348564482     22.381747928773      0.189276843020     -0.981923763179
   522     27.162227792807     23.052014114887     -0.742120771675      0.670266186114
   523     26.380079676155     23.675106663084     -0.782148116652      0.623092548197
   524     26.810327142882     24.577817645279      0.430247466727      0.902710982195
   525     27.792532719334     24.765626605625      0.982205576452      0.187808960346
   526     28.756503859884     24.499619763256      0.963971140550     -0.266006842369
   527     29.702867742901     24.176516991802      0.946363883017     -0.323102771454
   528     29.962987586796     25.142093330996      0.260119843896      0.965576339194
   529     29.685813663132     24.181273568481     -0.277173923665     -0.960819762515
   530     29.509088815419     25.165533863424     -0.176724847712      0.984260294943
   531     30.062433030755     25.998486550768      0.553344215336      0.832952687344
   532     30.316626075449     26.965640052560      0.254193044693      0.967153501793
   533     30.686562180611     26.036582854054      0.369936105162     -0.929057198507
   534     30.147898686038     25.194061851577     -0.538663494573     -0.842521002477
   535     29.409120796395     24.520112869995     -0.738777889643     -0.673948981581
   536     30.253280754257     23.984021492017      0.844159957862     -0.536091377978
   537     29.310511246506     24.317466622820     -0.942769507750      0.333445130803
   538     29.963825808844     23.560380047429      0.653314562337     -0.757086575391
   539     30.791582649773     22.999293055694      0.827756840929     -0.561086991735
   540     30.064435562278     22.312811363915     -0.727147087495     -0.686481691778
   541     31.045019670717     22.508910334533      0.980584108439      0.196098970618
   542     30.045300557092     22.485210253215     -0.999719113624     -0.023700081318
   543     30.128030133812     21.488638220126      0.082729576719     -0.996572033089
   544     30.369489710136     20.518227341682      0.241459576324     -0.970410878444
   545     31.214016044803     21.053741365824      0.844526334668      0.535514024142
   546     30.776089349680     20.154730681962     -0.437926695123     -0.899010683862
   547     29.995062740125     19.530232935635     -0.781026609555     -0.624497746327
   548     30.785611195595     18.917833442204      0.790548455469     -0.612399493431
   549     31.259548143056     19.798392224927      0.473936947461      0.880558782724
   550     30.326479450376     20.158090452254     -0.933068692679      0.359698227326
   551     30.348376518274     21.157850682718      0.021897067898      0.999760230464
   552     31.338387973702     21.016863739624      0.990011455427     -0.140986943094
   553     31.556753950963     21.992730687509      0.218365977261      0.975866947885
   554     31.395046469073     22.979569423220     -0.161707481890      0.986838735712
   555     30.544718293698     23.505822208642     -0.850328175375      0.526252785422
   556     29.824605931370     22.811964740842     -0.720112362328     -0.693857467800
   557     29.043788048730     22.187206040103     -0.780817882640     -0.624758700739
   558     28.136423594340     22.607550835370     -0.907364454391      0.420344795268
   559     27.189581607685     22.285851826500     -0.946841986655     -0.321699008870
   560     27.756535592331     23.109601290411      0.566953984646      0.823749463911
   561     28.739322518700     23.294343969182      0.982786926368      0.184742678771
   562     29.613577562942     23.779810876001      0.874255044243      0.485466906819
   563     29.846781517329     24.752238721992      0.233203954387      0.972427845991
   564     30.660658054223     24.171200872370      0.813876536894     -0.581037849622
   565     30.536036060745     23.178996579525     -0.124621993479     -0.992204292846
   566     30.077060958396     22.290547450185     -0.458975102349     -0.888449129339
   567     30.672997907026     21.487516222114      0.595936948630     -0.803031228071
   568     30.105757205068     20.663964167874     -0.567240701957     -0.823552054240
   569     30.456109899878     19.727346321984      0.350352694809     -0.936617845890
   570     31.095488555860     20.496238339289      0.639378655982      0.768892017304
   571     31.047641708560     19.497383655561     -0.047846847300     -0.998854683727
   572     30.558352855300     20.369505446412     -0.489288853260      0.872121790850
   573     29.713464284365     19.834563110544     -0.844888570935     -0.534942335868
   574     30.453848878916     20.506746606438      0.740384594551      0.672183495894
   575     30.893887513849     21.404725447929      0.440038634932      0.897978841492
   576     30.160993434567     22.085068206069     -0.732894079282      0.680342758140
   577     29.255457577837     22.509337945948     -0.905535856730      0.424269739879
   578     28.451258532205     23.103698017793     -0.804199045632      0.594360071845
   579     28.974475298740     22.251498384365      0.523216766536     -0.852199633429
   580     29.030522469570     21.253070262444      0.056047170829     -0.998428121921
   581     29.047220511611     22.252930840421      0.016698042041      0.999860577977
   582     29.998898788547     22.560027660997      0.951678276936      0.307096820576
   583     29.058209141418     22.899295973376     -0.940689647129      0.339268312379
   584     29.207363822495     21.910482097506      0.149154681077     -0.988813875870
   585     29.241724719684     22.909891587527      0.034360897189      0.999409490021
   586     29.963327568200     23.602198837969      0.721602848516      0.692307250442
   587     30.045062943554     24.598852904541      0.081735375354      0.996654066573
   588     30.830939709742     25.217236044970      0.785876766188      0.618383140428
   589     29.887951339371     25.550061725086     -0.942988370371      0.332825680117
   590     29.821260197640     24.552288057557     -0.066691141731     -0.997773667529
   591     29.467910999135     23.616796558977     -0.353349198505     -0.935491498580
   592     29.621049012809     22.628591747833      0.153138013674     -0.988204811144
   593     28.845635187640     21.997138345168     -0.775413825169     -0.631453402665
   594     29.299027058085     21.105827057337      0.453391870444     -0.891311287831
   595     29.974084637211     20.368062010142      0.675057579127     -0.737765047196
   596     30.740207423099     21.010756242995      0.766122785888      0.642694232854
   597     30.046994508901     20.290023382922     -0.693212914198     -0.720732860073
   598     30.908182771890     19.781737266950      0.861188262989     -0.508286115972
   599     31.873619511080     20.042374759691      0.965436739190      0.260637492741
   600     32.379409686993     19.179718224360      0.505790175913     -0.862656535331
   601     33.249520900806     18.686862793634      0.870111213813     -0.492855430726
   602     32.322145396590     18.312730899540     -0.927375504217     -0.374131894094
   603     31.364408144979     18.600375396928     -0.957737251610      0.287644497388
   604     30.412586204479     18.907026654195     -0.951821940500      0.306651257267
   605     30.731959999541     17.959397834969      0.319373795062     -0.947628819226
   606     31.617497771929     17.494830451618      0.885537772388     -0.464567383351
   607     32.617421973961     17.482518254743      0.999924202031     -0.012312196875
   608     33.616833261159     17.516826839966      0.999411287199      0.034308585224
   609     32.619001521857     17.451010276385     -0.997831739302     -0.065816563581
   610     32.738426107862     16.458167001615      0.119424586004     -0.992843274771
   611     33.335579579202     15.656039996917      0.597153471341     -0.802127004698
   612     32.440952486777     15.209226427855     -0.894627092426     -0.446813569062
   613     31.441739512959     15.169559906014     -0.999212973817     -0.039666521841
   614     32.227324059009     15.788314236107      0.785584546050      0.618754330092
   615     31.233696672208     15.675599480199     -0.993627386801     -0.112714755908
   616     32.213290102327     15.876588812420      0.979593430119      0.200989332222
   617     32.881278095828     15.132416762059      0.667987993501     -0.744172050361
   618     32.313001843984     15.955254596380     -0.568276251845      0.822837834321
   619     32.983095241325     15.212977802428      0.670093397342     -0.742276793951
   620     33.951655680017     14.964199433992      0.968560438692     -0.248778368436
   621     33.379270627718     14.144214463456     -0.572385052299     -0.819984970536
   622     34.362596525575     14.326066542368      0.983325897857      0.181852078912
   623     35.150962375686     14.941273244525      0.788365850111      0.615206702157
   624     35.220814553089     13.943715891130      0.069852177403     -0.997557353395
   625     35.605592452335     14.866725082986      0.384777899247      0.923009191856
   626     36.600644244052     14.966082678583      0.995051791716      0.099357595596
   627     37.442745885545     15.505401531761      0.842101641494      0.539318853178
   628     36.735520981906     16.212390170760     -0.707224903639      0.706988638998
   629     36.250468731393     15.337904999775     -0.485052250513     -0.874485170985
   630     36.371031547229     14.345199299460      0.120562815836     -0.992705700315
   631     35.733204231420     13.575019894900     -0.637827315809     -0.770179404560
   632     36.586492915009     13.053581094600      0.853288683589     -0.521438800301
   633     37.452159428886     12.552959993614      0.865666513877     -0.500621100986
   634     38.140902445137     11.827954436694      0.688743016251     -0.725005556920
   635     38.683617972959     10.988037859967      0.542715527822     -0.839916576727
   636     39.265505136431     11.801307390311      0.581887163472      0.813269530344
   637     38.269295163339     11.888288362432     -0.996209973092      0.086980972121
   638     37.506756205976     12.535230661639     -0.762538957363      0.646942299208
   639     36.576037145231     12.169495744020     -0.930719060745     -0.365734917619
   640     37.575658612536     12.197007961358      0.999621467305      0.027512217338
   641     36.701567715520     12.682770355697     -0.874090897016      0.485762394339
   642     37.511238413939     12.095885903593      0.809670698419     -0.586884452104
   643     38.382611173539     12.586507462257      0.871372759600      0.490621558665
   644     38.292773920270     13.582463921107     -0.089837253269      0.995956458850
   645     37.494685397197     14.185004134985     -0.798088523073      0.602540213877
   646     38.088378213268     13.380312367818      0.593692816071     -0.804691767167
   647     38.192604024806     12.385758709030      0.104225811538     -0.994553658788
   648     37.681698380000     13.245395505651     -0.510905644806      0.859636796621
   649     37.132404930804     14.081025032816     -0.549293449195      0.835629527166
   650     38.083080326350     13.770837521295      0.950675395546     -0.310187511521
   651     38.009477996824     12.773549851117     -0.073602329526     -0.997287670178
   652     37.021713943442     12.617594168804     -0.987764053382     -0.155955682314
   653     37.715426874430     11.897342567362      0.693712930988     -0.720251601442
   654     36.935247287938     12.522898170662     -0.780179586493      0.625555603300
   655     36.100519262328     11.972235730267     -0.834728025610     -0.550662440395
   656     36.208893118658     12.966345939079      0.108373856330      0.994110208812
   657     36.375595838237     11.980338736628      0.166702719579     -0.986007202451
   658     37.186805464579     12.565094191609      0.811209626342      0.584755454981
   659     36.623898637286     13.391614550577     -0.562906827293      0.826520358967
   660     36.553974489151     14.389166861740     -0.069924148135      0.997552311163
   661     35.742374862585     14.973380903132     -0.811599626565      0.584214041391
   662     36.337884999920     14.170033110247      0.595510137334     -0.803347792884
   663     37.026194183519     14.895450554049      0.688309183599      0.725417443802
   664     37.228513488819     13.916130943961      0.202319305300     -0.979319610088
   665     37.859779049134     14.691697699540      0.631265560316      0.775566755579
   666     38.813961848167     14.392473392321      0.954182799032     -0.299224307219
   667     38.147929719749     15.138396447278     -0.666032128417      0.745923054957
   668     37.237176881898     14.725444551355     -0.910752837851     -0.412951895923
   669     36.407359284253     14.167409826058     -0.829817597646     -0.558034725297
   670     36.054827264967     15.103209577810     -0.352532019285      0.935799751752
   671     36.922839860382     15.599751755475      0.868012595415      0.496542177665
   672     37.749828454806     16.161970453753      0.826988594424      0.562218698278
   673     37.613326033349     17.152610190961     -0.136502421457      0.990639737208
   674     38.349083831069     16.475365432329      0.735757797720     -0.677244758632
   675     39.221130068485     15.985941934927      0.872046237416     -0.489423497402
   676     40.023916369326     15.389675085957      0.802786300841     -0.596266848971
   677     41.012600077212     15.239660000845      0.988683707886     -0.150015085112
   678     40.312535575249     15.953739613417     -0.700064501963      0.714079612572
   679     41.010385906689     16.669983227636      0.697850331440      0.716243614219
   680     40.010396584760     16.665361969458     -0.999989321929     -0.004621258178
   681     40.151351269892     15.675345920730      0.140954685133     -0.990016048728
   682     39.910328722923     14.704826404258     -0.241022546969     -0.970519516472
   683     40.521946653190     15.495979681048      0.611617930267      0.791153276790
   684     40.670125298461     14.507019070566      0.148178645271     -0.988960610482
   685     39.756807682583     14.099771071767     -0.913317615879     -0.407247998799
   686     39.074162124039     14.830520715216     -0.682645558543      0.730749643449
   687     38.431141159180     15.596369289512     -0.643020964860      0.765848574296
   688     39.430530450070     15.561425831567      0.999389290891     -0.034943457946
   689     38.469292325878     15.837145378569     -0.961238124192      0.275719547002
   690     39.295785656807     15.274198867850      0.826493330929     -0.562946510719
   691     38.519142612924     15.904139803485     -0.776643043882      0.629940935635
   692     37.675977961512     16.441795242041     -0.843164651413      0.537655438556
   693     36.685842550303     16.301681475871     -0.990135411209     -0.140113766170
   694     35.685853692834     16.306402168459     -0.999988857469      0.004720692588
   695     35.051892150732     17.079766741695     -0.633961542102      0.773364573235
   696     34.206884433699     16.545012631702     -0.845007717033     -0.534754109993
   697     34.629921609154     15.638900305231      0.423037175455     -0.906112326471
   698     33.860599768221     15.000038892197     -0.769321840933     -0.638861413034
   699     33.970870716039     15.993940455767      0.110270947818      0.993901563570
   700     33.264139671510     16.701422774061     -0.706731044529      0.707482318294
   701     33.110997605852     15.713218590845     -0.153142065659     -0.988204183216
   702     32.140304017537     15.472898059875     -0.970693588314     -0.240320530970
   703     32.762446258432     14.689993830677      0.622142240894     -0.782904229197
   704     33.645461070642     15.159338950410      0.883014812210      0.469345119733
   705     34.618464607670     15.390129151528      0.973003537028      0.230790201118
   706     34.668207869185     16.388891189219      0.049743261515      0.998762037692
   707     34.662538397679     17.388875117637     -0.005669471505      0.999983928417
   708     33.992507975766     18.131208758065     -0.670030421913      0.742333640428
   709     32.993115765165     18.166068611615     -0.999392210601      0.034859853550
   710     32.669449785736     17.219897203380     -0.323665979429     -0.946171408234
   711     33.661618430755     17.344802687013      0.992168645019      0.124905483633
   712     34.393027997597     18.026741134040      0.731409566841      0.681938447027
   713     33.714591179750     18.761399887605     -0.678436817847      0.734658753565
   714     33.678642876305     17.762046236749     -0.035948303445     -0.999353650856
   715     33.078906265935     18.562243711240     -0.599736610369      0.800197474492
   716     33.863282166367     17.941957932891      0.784375900431     -0.620285778350
   717     34.759600412660     18.385369255886      0.896318246294      0.443411322996
   718     34.144472247096     17.596942125499     -0.615128165564     -0.788427130387
   719     34.872149631655     16.911022579196      0.727677384559     -0.685919546304
   720     34.152455116605     16.216731714352     -0.719694515051     -0.694290864844
   721     34.284990277527     17.207910018755      0.132535160923      0.991178304403
   722     33.519692373537     16.564233766166     -0.765297903991     -0.643676252589
   723     32.596215809518     16.180578926879     -0.923476564019     -0.383654839287
   724     31.998019304517     15.379229476636     -0.598196505001     -0.801349450243
   725     31.669301885360     14.434801153075     -0.328717419157     -0.944428323560
   726     30.697098543227     14.200663028145     -0.972203342133     -0.234138124931
   727     29.926645221204     14.838159442709     -0.770453322024      0.637496414564
   728     29.070981530689     15.355691711013     -0.855663690514      0.517532268304
   729     29.868271218947     14.752094864602      0.797289688258     -0.603596846411
   730     30.816854747014     14.435567945872      0.948583528067     -0.316526918730
   731     30.211100026430     15.231219388710     -0.605754720584      0.795651442838
   732     30.728661133044     14.375573141175      0.517561106614     -0.855646247535
   733     29.933646532381     13.768982847210     -0.795014600663     -0.606590293965
   734     29.265148659079     13.025268793698     -0.668497873302     -0.743714053512
   735     28.704730023157     12.197059307812     -0.560418635922     -0.828209485886
   736     28.709282056111     11.197069668368      0.004552032954     -0.999989639444
   737     29.353793823951     11.961664058300      0.644511767840      0.764594389932
   738     28.460780006272     12.411693303387     -0.893013817679      0.450029245087
   739     27.481929650097     12.207115738107     -0.978850356175     -0.204577565280
   740     26.551089614898     11.841688824933     -0.930840035199     -0.365426913174
   741     27.363483332542     12.424798117890      0.812393717644      0.583109292957
   742     26.428142384673     12.071050593179     -0.935340947869     -0.353747524712
   743     26.890154482213     12.957924215363      0.462012097540      0.886873622184
   744     25.965385509020     13.338453250024     -0.924768973193      0.380529034661
   745     26.922747850931     13.627343101510      0.957362341911      0.288889851486
   746     27.177815570579     12.660419909941      0.255067719648     -0.966923191569
   747     26.895859462017     13.619847214558     -0.281956108562      0.959427304617
   748     25.910152438705     13.451378629378     -0.985707023312     -0.168468585180
   749     26.461765181587     14.285478972196      0.551612742883      0.834100342818
   750     26.015941713930     15.180599877820     -0.445823467657      0.895120905625
   751     26.947786243109     14.817742091023      0.931844529179     -0.362857786797
   752     27.787551774998     14.274792874751      0.839765531890     -0.542949216272
   753     28.761853731899     14.049547016233      0.974301956901     -0.225245858518
   754     29.562192562370     14.649094976317      0.800338830471      0.599547960083
   755     30.340554469602     15.276910826205      0.778361907231      0.627815849889
   756     30.492678991535     14.288549490546      0.152124521933     -0.988361335659
   757     29.677644887021     14.867962476662     -0.815034104513      0.579412986116
   758     28.978412075510     14.153068445840     -0.699232811512     -0.714894030822
   759     28.104333523795     14.638853053904     -0.874078551715      0.485784608064
   760     27.933210031299     15.624102641732     -0.171123492495      0.985249587828
   761     28.774945269748     15.084212108055      0.841735238448     -0.539890533678
   762     27.822214250766     15.388027192391     -0.952731018981      0.303815084337
   763     28.752376191337     15.020877680186      0.930161940571     -0.367149512205
   764     28.106878263895     15.784639701805     -0.645497927442      0.763762021619
   765     28.190686956948     16.781121564645      0.083808693053      0.996481862840
   766     29.038438079154     17.311515790479      0.847751122206      0.530394225834
   767     29.652586786782     18.100706112847      0.614148707628      0.789190322368
   768     30.639972795921     17.942374596854      0.987386009139     -0.158331515993
   769     31.523970973713     18.409864940778      0.883998177791      0.467490343924
   770     31.049056473192     17.529832999769     -0.474914500520     -0.880031941009
   771     30.198208309253     18.055244649736     -0.850848163939      0.525411649967
   772     29.801633854999     18.973247210862     -0.396574454254      0.918002561125
   773     29.198586837939     18.175541566394     -0.603047017059     -0.797705644468
   774     28.410953558798     17.559397250840     -0.787633279141     -0.616144315554
   775     28.939996660325     16.710802296385      0.529043101527     -0.848594954455
   776     29.727525768190     17.327079753596      0.787529107865      0.616277457210
   777     29.207194429039     16.473115294442     -0.520331339151     -0.853964459154
   778     29.944278200216     17.148916681143      0.737083771177      0.675801386701
   779     30.844552826284     17.584239087709      0.900274626068      0.435322406566
   780     30.418716581856     16.679438837415     -0.425836244429     -0.904800250293
   781     31.013451522005     17.483360693671      0.594734940149      0.803921856256
   782     30.420252331601     18.288416418764     -0.593199190404      0.805055725093
   783     31.206479822964     17.670479260288      0.786227491363     -0.617937158476
   784     30.813350237965     18.589962337565     -0.393129584999      0.919483077277
   785     31.680903183604     19.087307174185      0.867552945639      0.497344836621
   786     32.354183024282     19.826694931818      0.673279840678      0.739387757632
   787     31.355017040687     19.785861890943     -0.999165983595     -0.040833040875
   788     32.131966194161     20.415425241938      0.776949153474      0.629563350995
   789     31.314363029727     19.839643108221     -0.817603164434     -0.575782133717
   790     31.568862191062     18.872570113624      0.254499161335     -0.967072994597
   791     32.532675856575     18.605993261345      0.963813665513     -0.266576852279
   792     31.921615620774     19.397577361882     -0.611060235801      0.791584100537
   793     31.247359195764     18.659080054282     -0.674256425010     -0.738497307600
   794     31.243453294321     19.659072426220     -0.003905901443      0.999992371938
   795     30.325899021867     20.056682985814     -0.917554272454      0.397610559595
   796     29.351669201274     19.831125328737     -0.974229820593     -0.225557657078
   797     28.848248171600     20.695166570161     -0.503421029674      0.864041241425
   798     28.574888826403     21.657078555944     -0.273359345197      0.961911985783
   799     28.608566620502     22.656511298146      0.033677794099      0.999432742202
   800     27.623587358676     22.829183976275     -0.984979261826      0.172672678129
   801     27.000253253283     22.047228355377     -0.623334105393     -0.781955620898
   802     27.189525292557     21.065303666233      0.189272039273     -0.981924689143
   803     27.916736602167     20.378890007297      0.727211309611     -0.686413658936
   804     28.797174499675     20.853051486787      0.880437897508      0.474161479490
   805     28.137104634212     21.604255701836     -0.660069865463      0.751204215049
   806     27.839524373273     20.649558897452     -0.297580260939     -0.954696804383
   807     28.514447833773     19.911671153642      0.674923460501     -0.737887743810
   808     28.033310794611     19.035025758088     -0.481137039162     -0.876645395554
   809     28.005709647857     20.034644773862     -0.027601146755      0.999619015774
   810     28.820936261846     19.455502677444      0.815226613989     -0.579142096418
   811     29.686902012217     19.955605985955      0.865965750371      0.500103308511
   812     29.000570854335     19.228316812572     -0.686331157882     -0.727289173383
   813     28.424085138767     20.045424039162     -0.576485715568      0.817107226590
   814     27.716419037244     20.751971057240     -0.707666101523      0.706547018078
   815     26.961145671674     20.096561152478     -0.755273365570     -0.655409904762
   816     26.774432481455     21.078975619289     -0.186713190218      0.982414466810
   817     26.728335313588     20.080038658758     -0.046097167868     -0.998936960531
   818     26.831409442270     19.085364981617      0.103074128682     -0.994673677141
   819     27.523398033780     19.807273417099      0.691988591510      0.721908435482
   820     27.137863651571     18.884579946799     -0.385534382210     -0.922693470300
   821     26.848600580257     19.841829587997     -0.289263071314      0.957249641198
   822     27.547972938614     19.127072073615      0.699372358358     -0.714757514382
   823     27.256043713904     20.083511997374     -0.291929224710      0.956439923759
   824     27.686727210056     19.181008963505      0.430683496152     -0.902503033869
   825     26.923567591604     19.827218988779     -0.763159618452      0.646210025273
   826     27.021395707046     20.822422314652      0.097828115442      0.995203325873
   827     26.322787426618     20.106917967693     -0.698608280429     -0.715504346958
   828     26.537036249979     21.083697083813      0.214248823361      0.976779116120
   829     25.996517970862     21.925029354643     -0.540518279117      0.841332270830
   830     25.376917291066     21.140112163090     -0.619600679796     -0.784917191554
   831     26.034402612501     21.893579516130      0.657485321435      0.753467353040
   832     25.075971248305     21.608256330733     -0.958431364196     -0.285323185397
   833     24.141844748614     21.965198458500     -0.934126499691      0.356942127768
   834     23.369409348845     21.330105116397     -0.772435399769     -0.635093342103
   835     22.938040544583     22.232280794805     -0.431368804262      0.902175678407
   836     22.629842586357     23.183603042282     -0.308197958226      0.951322247477
   837     21.840673483747     22.569427067917     -0.789169102609     -0.614175974364
   838     22.785224909298     22.897790592826      0.944551425550      0.328363524909
   839     22.800566116140     21.897908276065      0.015341206842     -0.999882316762
   840     22.752830431404     20.899048273661     -0.047735684736     -0.998860002404
   841     21.912202665912     20.357434979986     -0.840627765491     -0.541613293674
   842     21.940779009613     19.357843367086      0.028576343701     -0.999591612900
   843     20.956828870099     19.179399754280     -0.983950139514     -0.178443612806
   844     20.608146363228     18.242158851735     -0.348682506872     -0.937240902544
   845     21.257960738844     17.482065911864      0.649814375616     -0.760092939871
   846     20.261623014644     17.567571112503     -0.996337724200      0.085505200639
   847     19.262618819185     17.612187448690     -0.999004195459      0.044616336186
   848     18.450269792038     17.029015897520     -0.812349027147     -0.583171551170
   849     17.721752568308     17.714043382171     -0.728517223731      0.685027484651
   850     18.468160168748     18.379532445947      0.746407600440      0.665489063776
   851     17.549541690679     18.774678104850     -0.918618478069      0.395145658903
   852     16.624993828627     18.393612164655     -0.924547862051     -0.381065940195
   853     15.783451593948     17.853420839983     -0.841542234679     -0.540191324672
   854     16.733729540499     17.542017846582      0.950277946551     -0.311402993401
   855     17.579959449193     18.074835771986      0.846229908694      0.532817925404
   856     16.743394586614     17.526967876688     -0.836564862579     -0.547867895298
   857     15.990785114299     16.868500730825     -0.752609472316     -0.658467145863
   858     16.845273411630     17.387971374580      0.854488297331      0.519470643755
   859     17.624237628262     16.760902997760      0.778964216632     -0.627068376820
   860     17.347476751034     17.721841818308     -0.276760877227      0.960938820548
   861     18.080710047374     17.041864661973      0.733233296340     -0.679977156336
   862     18.103657677236     18.041601330443      0.022947629862      0.999736668470
   863     17.883936365061     19.017164011656     -0.219721312175      0.975562681213
   864     17.346672078859     18.173750064195     -0.537264286202     -0.843413947461
   865     18.053225793783     18.881409479399      0.706553714924      0.707659415205
   866     18.601485132536     19.717717854026      0.548259338753      0.836308374627
   867     17.649621844663     20.024240742569     -0.951863287872      0.306522888543
   868     16.973432585894     20.760968702080     -0.676189258769      0.736727959511
   869     16.916704576059     21.759358371949     -0.056728009836      0.998389669868
   870     15.920623910002     21.670908913447     -0.996080666056     -0.088449458502
   871     16.540568710852     22.455554339037      0.619944800850      0.784645425590
   872     15.720160102814     23.027332019484     -0.820408608038      0.571777680446
   873     14.735152868101     23.199845055406     -0.985007234713      0.172513035923
   874     15.401560185380     22.454257174954      0.666407317279     -0.745587880452
   875     14.929710550890     21.572578139006     -0.471849634490     -0.881679035949
   876     14.896293660585     22.572019638766     -0.033416890305      0.999441499760
   877     15.622024989882     23.259997863477      0.725731329296      0.687978224712
   878     16.343266636779     23.952681403617      0.721241646898      0.692683540140
   879     17.341380553917     23.891292410994      0.998113917138     -0.061388992623
   880     16.348419811067     23.772848486888     -0.992960742851     -0.118443924107
   881     16.109419696942     22.801828947718     -0.239000114125     -0.971019539169
   882     15.662427488864     23.696366798185     -0.446992208078      0.894537850466
   883     15.375271451871     22.738482979333     -0.287156036993     -0.957883818852
   884     15.504527148726     23.730094276581      0.129255696855      0.991611297248
   885     14.636278715602     23.233964597587     -0.868248433124     -0.496129678994
   886     13.829232608318     23.824453023144     -0.807046107285      0.590488425557
   887     12.833156312920     23.912951688375     -0.996076295397      0.088498665231
   888     12.900309221318     22.915208992639      0.067152908398     -0.997742695736
   889     13.708945695950     22.326900356042      0.808636474632     -0.588308636597
   890     13.262482001825     21.432098607145     -0.446463694125     -0.894801748896
   891     12.551966510194     20.728417048375     -0.710515491630     -0.703681558770
   892     13.077089607037     19.877390766076      0.525123096842     -0.851026282299
   893     12.219110057580     19.363706920978     -0.857979549456     -0.513683845098
   894     12.949630874527     18.680816493451      0.730520816946     -0.682890427527
   895     12.378732121042     19.501836964127     -0.570898753485      0.821020470676
   896     13.344056899112     19.762888822661      0.965324778070      0.261051858533
   897     12.529404914138     20.342838944118     -0.814651984974      0.579950121457
   898     12.054659015122     21.222961851085     -0.474745899016      0.880122906967
   899     12.765504872615     21.926309678895      0.710845857493      0.703347827810
   900     12.162364093866     22.723944433034     -0.603140778749      0.797634754139
   901     11.506644113106     21.968940256335     -0.655719980760     -0.755004176698
   902     10.722802501057     22.589901066065     -0.783841612049      0.620960809729
   903     11.717621065428     22.488234827896      0.994818564371     -0.101666238169
   904     12.689402850659     22.724116497155      0.971781785231      0.235881669259
   905     13.395918179339     22.016418757764      0.706515328680     -0.707697739392
   906     14.150637844919     22.672466184698      0.754719665580      0.656047426934
   907     14.752528469431     23.471044719423      0.601890624512      0.798578534725
   908     15.026996163870     24.432641040501      0.274467694438      0.961596321077
   909     15.493797313350     23.548278735309      0.466801149481     -0.884362305191
   910     15.479535482820     22.548380440386     -0.014261830530     -0.999898294923
   911     14.791895748436     23.274432501672     -0.687639734384      0.726052061285
   912     15.006703783878     24.251088791218      0.214808035442      0.976656289546
   913     14.230750529976     24.881879206299     -0.775953253902      0.630790415082
   914     13.969379408104     25.847117589628     -0.261371121872      0.965238383329
   915     13.097758897100     26.337298867113     -0.871620511004      0.490181277484
   916     13.552335299981     27.228006616009      0.454576402881      0.890707748896
   917     12.987433423933     26.402848527859     -0.564901876047     -0.825158088149
   918     12.013833303332     26.174588138905     -0.973600120601     -0.228260388955
   919     12.993182753233     25.972413325982      0.979349449900     -0.202174812923
   920     12.072454734142     25.582208360787     -0.920728019090     -0.390204965194
   921     12.869572162630     26.186032677291      0.797117428488      0.603824316503
   922     12.124687484347     26.853225914711     -0.744884678284      0.667193237420
   923     11.269421674254     26.335036379805     -0.855265810093     -0.518189534906
   924     10.283028168875     26.170634881798     -0.986393505379     -0.164401498007
   925     11.207759695475     25.790014856427      0.924731526600     -0.380620025370
   926     10.564504798709     25.024362756719     -0.643254896765     -0.765652099708
   927     11.250105327723     25.752340719721      0.685600529014      0.727977963001
   928     10.442064658368     26.341467426524     -0.808040669355      0.589126706803
   929      9.515994335615     26.718818400174     -0.926070322754      0.377350973650
   930      9.452534058263     27.716802765381     -0.063460277352      0.997984365207
   931      8.733926036365     27.021387414053     -0.718608021898     -0.695415351329
   932      8.156859527561     26.204690258176     -0.577066508804     -0.816697155876
   933      7.490204540797     25.459323819018     -0.666654986764     -0.745366439158
   934      6.748904232550     26.130497308507     -0.741300308247      0.671173489489
   935      7.706934305246     26.417165025230      0.958030072696      0.286667716722
   936      8.540041639676     26.970276378682      0.833107334431      0.553111353452
   937      7.709835140303     26.412820399794     -0.830206499373     -0.557455978889
   938      6.716474916158     26.527865891170     -0.993360224145      0.115045491376
   939      6.047319116852     25.784743750298     -0.669155799306     -0.743122140873
   940      5.195216524390     26.308118541360     -0.852102592462      0.523374791062
   941      4.714440743205     25.431274970233     -0.480775781185     -0.876843571127
   942      4.611786719379     26.425992091525     -0.102654023825      0.994717121293
   943      5.523889303350     26.835954134053      0.912102583971      0.409962042528
   944      5.872514409233     27.773216389534      0.348625105882      0.937262255481
   945      6.108441131784     26.801445541244      0.235926722552     -0.971770848290
   946      5.139133021568     27.047294656495     -0.969308110216      0.245849115251
   947      5.785151377558     26.283972782234      0.646018355990     -0.763321874261
   948      6.497784834379     25.582436214250      0.712633456821     -0.701536567984
   949      7.475258131186     25.371377089762      0.977473296807     -0.211059124488
   950      7.506474031773     24.371864424735      0.031215900587     -0.999512665028
   951      8.205413754988     23.656683843823      0.698939723214     -0.715180580912
   952      9.093829236124     24.115724073952      0.888415481136      0.459040230129
   953      8.390988249602     24.827071069212     -0.702840986522      0.711346995260
   954      7.521077949260     25.320281033993     -0.869910300342      0.493209964781
   955      7.042722992128     26.198447609869     -0.478354957132      0.878166575877
   956      6.443751946205     26.999218292491     -0.598971045923      0.800770682621
   957      7.101372430545     26.245868905701      0.657620484340     -0.753349386790
   958      6.120106120504     26.053212660591     -0.981266310040     -0.192656245109
   959      7.098495582043     26.259983213498      0.978389461539      0.206770552906
   960      6.114025524415     26.435535785775     -0.984470057628      0.175552572278
   961      7.113909125810     26.420278536288      0.999883601395     -0.015257249488
   962      6.561957203120     25.586402601248     -0.551951922690     -0.833875935040
   963      6.692660581461     26.577824119518      0.130703378342      0.991421518271
   964      6.257737917084     25.677356309982     -0.434922664378     -0.900467809536
   965      5.259713635549     25.614526910286     -0.998024281535     -0.062829399696
   966      4.288264529402     25.851774953831     -0.971449106147      0.237248043545
   967      4.754421066375     26.736477210546      0.466156536974      0.884702256715
   968      3.757946233221     26.652584976752     -0.996474833154     -0.083892233794
   969      3.239933179709     25.797212264777     -0.518013053512     -0.855372711975
   970      3.559754370410     26.744690183242      0.319821190701      0.947477918465
   971      3.597785744131     27.743966728856      0.038031373721      0.999276545613
   972      4.360980529610     28.390135220364      0.763194785478      0.646168491509
   973      3.481623057212     27.913973025584     -0.879357472398     -0.476162194781
   974      2.552438438136     28.283588966355     -0.929184619076      0.369615940771
   975      3.531947448764     28.484989309202      0.979509010628      0.201400342847
   976      4.379383317225     29.015887085468      0.847435868461      0.530897776267
   977      3.575038271743     28.421724609535     -0.804345045482     -0.594162475934
   978      3.279601814043     27.466362217841     -0.295436457700     -0.955362391693
   979      4.153229336570     26.979766952880      0.873627522527     -0.486595264962
   980      4.698365316016     27.818114591937      0.545135979446      0.838347639057
   981      5.547796075481     27.290414502042      0.849430759465     -0.527700089895
   982      6.158021641860     28.082642220654      0.610225566379      0.792227718612
   983      5.654593705669     27.218605003248     -0.503427936191     -0.864037217406
   984      6.470381641058     26.640253860366      0.815787935389     -0.578351142882
   985      5.825104917002     25.876304942314     -0.645276724056     -0.763948918052
   986      4.829395583898     25.783768873841     -0.995709333105     -0.092536068473
   987      5.240405427745     26.695399779559      0.411009843847      0.911630905718
   988      4.664773669330     25.877690736743     -0.575631758415     -0.817709042817
   989      5.536679520902     26.367364287177      0.871905851572      0.489673550434
   990      6.524445750855     26.523306183297      0.987766229953      0.155941896120
   991      5.926003694542     27.324472274214     -0.598442056313      0.801166090917
   992      6.118265413217     26.343128587460      0.192261718676     -0.981343686754
   993      6.297902315573     27.326861571207      0.179636902356      0.983732983747
   994      7.128902750196     27.883133337214      0.831000434623      0.556271766006
   995      7.864167015893     27.205352797813      0.735264265697     -0.677780539400
   996      7.853361564065     26.205411178412     -0.010805451828     -0.999941619401
   997      7.430285704584     25.299316913380     -0.423075859481     -0.906094265032
   998      7.353646255652     26.296375785698     -0.076639448933      0.997058872318
   999      7.844373101399     25.425062315778      0.490726845747     -0.871313469919
  1000      8.210457735841     26.355643876108      0.366084634442      0.930581560330
