# File chua thong tin toa do tai lan chay thu 12
##########################################################################################
#  Step                   x                   y            delta_x            delta_y
     1      0.000000000000      0.000000000000      0.000000000000      0.000000000000
     2     -0.432782980837     -0.901498137268     -0.432782980837     -0.901498137268
     3     -1.067146479922     -1.674533033653     -0.634363499085     -0.773034896385
     4     -1.862247701232     -2.281009783306     -0.795101221311     -0.606476749653
     5     -1.039402890791     -2.849275933917      0.822844810441     -0.568266150611
     6     -0.288396317607     -3.509570661318      0.751006573185     -0.660294727401
     7     -1.288347282645     -3.519473565843     -0.999950965039     -0.009902904524
     8     -0.621598016924     -2.774191460422      0.666749265722      0.745282105420
     9     -1.547384204816     -3.152238989588     -0.925786187892     -0.378047529165
    10     -1.623623063038     -2.155149406603     -0.076238858222      0.997089582985
    11     -2.505002456248     -2.627558514501     -0.881379393210     -0.472409107898
    12     -2.310686591181     -1.646619502848      0.194315865067      0.980939011653
    13     -3.255928070571     -1.972991293357     -0.945241479390     -0.326371790509
    14     -4.235603844751     -2.173578873939     -0.979675774181     -0.200587580582
    15     -4.805488217386     -1.351853979691     -0.569884372634      0.821724894248
    16     -5.524145883136     -2.047218027840     -0.718657665750     -0.695364048149
    17     -6.184658067502     -2.798033354204     -0.660512184366     -0.750815326364
    18     -5.433413517044     -3.458057312410      0.751244550459     -0.660023958206
    19     -4.755413049639     -4.193118783444      0.678000467404     -0.735061471034
    20     -4.829352754261     -5.190381497116     -0.073939704622     -0.997262713672
    21     -5.174397024832     -4.251795085886     -0.345044270571      0.938586411230
    22     -4.175511229865     -4.298987973211      0.998885794967     -0.047192887325
    23     -3.359112785662     -3.721498942750      0.816398444203      0.577489030461
    24     -2.394621241445     -3.985612670398      0.964491544218     -0.264113727649
    25     -1.597195544176     -3.382195520049      0.797425697269      0.603417150349
    26     -0.629788895350     -3.635423432820      0.967406648827     -0.253227912771
    27     -0.888511847067     -4.601375002131     -0.258722951718     -0.965951569311
    28     -0.530515704140     -5.535098066882      0.357996142928     -0.933723064752
    29      0.466047771216     -5.617930666662      0.996563475356     -0.082832599780
    30      1.124977059067     -6.370135554716      0.658929287851     -0.752204888054
    31      0.137646510049     -6.211458565286     -0.987330549019      0.158676989431
    32      0.878276252243     -5.539545189189      0.740629742194      0.671913376096
    33      1.698369099651     -4.967314709723      0.820092847408      0.572230479466
    34      2.698049878709     -4.992580100715      0.999680779058     -0.025265390992
    35      2.380464113134     -4.044350549655     -0.317585765575      0.948229551060
    36      2.831837382176     -3.152015314447      0.451373269043      0.892335235208
    37      1.997412052623     -2.600894302872     -0.834425329554      0.551121011575
    38      1.401358110957     -3.403838696105     -0.596053941666     -0.802944393233
    39      1.650278346657     -4.372362684584      0.248920235700     -0.968523988479
    40      0.651202044611     -4.329391267468     -0.999076302047      0.042971417116
    41      1.270537198284     -5.114517988083      0.619335153674     -0.785126720615
    42      0.868040631004     -6.029939482984     -0.402496567280     -0.915421494901
    43      1.563313914024     -6.748684960827      0.695273283020     -0.718745477842
    44      1.852053685102     -5.791277344084      0.288739771078      0.957407616743
    45      2.838272935392     -5.625833727232      0.986219250290      0.165443616852
    46      2.198234666160     -6.394176758643     -0.640038269233     -0.768343031411
    47      3.097375368123     -6.831836441584      0.899140701964     -0.437659682941
    48      4.090773615369     -6.717119736741      0.993398247245      0.114716704843
    49      3.154208140930     -6.366627066217     -0.936565474438      0.350492670523
    50      2.227779593872     -6.743097712078     -0.926428547059     -0.376470645860
    51      2.823348512861     -5.939793496520      0.595568918990      0.803304215558
    52      1.929208361381     -6.387580711065     -0.894140151481     -0.447787214545
    53      2.889758492995     -6.109473816766      0.960550131614      0.278106894299
    54      3.220956062791     -5.165912388050      0.331197569797      0.943561428716
    55      3.625079205683     -4.251207798918      0.404123142891      0.914704589132
    56      4.511907643845     -3.789108976947      0.886828438162      0.462098821971
    57      3.543088704855     -4.036878756088     -0.968818938989     -0.247769779141
    58      2.912071246397     -4.812647385977     -0.631017458459     -0.775768629889
    59      3.796510044572     -4.345991182459      0.884438798175      0.466656203519
    60      4.693673253913     -3.904291990922      0.897163209341      0.441699191537
    61      3.908185346119     -4.523168995430     -0.785487907794     -0.618877004508
    62      4.850334529645     -4.858362843795      0.942149183526     -0.335193848365
    63      5.760694952960     -5.272179106962      0.910360423315     -0.413816263167
    64      5.050486954109     -5.976171009165     -0.710207998851     -0.703991902204
    65      4.643327984432     -6.889528317896     -0.407158969677     -0.913357308731
    66      5.353991430409     -7.593060454015      0.710663445977     -0.703532136119
    67      4.705468140678     -6.831865641450     -0.648523289732      0.761194812565
    68      3.759802468329     -6.506725000894     -0.945665672349      0.325140640556
    69      3.121082702738     -5.737285554906     -0.638719765591      0.769439445988
    70      2.135122578182     -5.904266490303     -0.985960124556     -0.166980935397
    71      2.858299028402     -5.213603170119      0.723176450220      0.690663320184
    72      1.910691070379     -4.894167483489     -0.947607958023      0.319435686629
    73      1.127858001041     -5.516399261487     -0.782833069339     -0.622231777997
    74      1.971679258525     -4.979774918564      0.843821257485      0.536624342923
    75      1.102310401341     -4.485611190475     -0.869368857184      0.494163728089
    76      1.940877691391     -5.030409226502      0.838567290050     -0.544798036027
    77      2.429040349278     -5.903161894470      0.488162657887     -0.872752667968
    78      3.018474651897     -6.710978212018      0.589434302619     -0.807816317548
    79      2.027089014714     -6.841953470708     -0.991385637182     -0.130975258690
    80      1.036820709918     -6.702782049375     -0.990268304796      0.139171421333
    81      0.470644313078     -5.878497943219     -0.566176396840      0.824284106156
    82     -0.488215437415     -6.162378162473     -0.958859750493     -0.283880219254
    83      0.071096376624     -6.991335516429      0.559311814039     -0.828957353955
    84      0.915067473607     -6.454946863065      0.843971096983      0.536388653363
    85      0.042745006151     -5.966015873280     -0.872322467456      0.488930989785
    86      1.032577394576     -5.823777190692      0.989832388425      0.142238682588
    87      0.481993201698     -4.988997551175     -0.550584192878      0.834779639517
    88      0.089293040171     -5.908664112020     -0.392700161527     -0.919666560845
    89     -0.508378429731     -5.106922997903     -0.597671469902      0.801741114117
    90     -0.967719967050     -4.218663265565     -0.459341537319      0.888259732338
    91     -0.289939000158     -4.953927137192      0.677780966891     -0.735263871627
    92     -0.814127668856     -4.102324976785     -0.524188668697      0.851602160407
    93     -0.276887992152     -3.258895353299      0.537239676704      0.843429623487
    94     -1.141651910321     -3.761073972748     -0.864763918169     -0.502178619450
    95     -0.924233001789     -2.784995585419      0.217418908532      0.976078387330
    96      0.013229670233     -3.133081406111      0.937462672021     -0.348085820692
    97     -0.395716097108     -4.045640094292     -0.408945767340     -0.912558688181
    98     -0.350226702366     -5.044604915978      0.045489394742     -0.998964821686
    99     -0.972972105520     -5.827029457291     -0.622745403154     -0.782424541314
   100     -1.226842278569     -4.859791154061     -0.253870173049      0.967238303230
   101     -1.059288563155     -3.873928205954      0.167553715414      0.985862948107
   102     -1.209964092391     -4.862511477555     -0.150675529235     -0.988583271601
   103     -2.027684803288     -4.286896294494     -0.817720710897      0.575615183060
   104     -1.998112522584     -5.286458938961      0.029572280703     -0.999562644467
   105     -2.366928019506     -4.356956314312     -0.368815496922      0.929502624650
   106     -2.947602441235     -5.171092185005     -0.580674421729     -0.814135870693
   107     -2.391948222290     -4.339678696440      0.555654218945      0.831413488565
   108     -2.855066465840     -3.453382192729     -0.463118243550      0.886296503712
   109     -3.438319432829     -4.265672766660     -0.583252966990     -0.812290573931
   110     -2.744459612635     -4.985782862353      0.693859820195     -0.720110095693
   111     -2.311808718434     -5.887344398660      0.432650894200     -0.901561536307
   112     -1.413196523433     -5.448600597570      0.898612195002      0.438743801089
   113     -0.768037729634     -4.684552084200      0.645158793799      0.764048513370
   114     -0.487062987623     -5.644267247335      0.280974742011     -0.959715163135
   115      0.090893879417     -4.828199934032      0.577956867040      0.816067313303
   116      0.715172453847     -5.609401739911      0.624278574430     -0.781201805878
   117      1.366235686487     -4.850378244158      0.651063232640      0.759023495753
   118      2.338465999350     -4.616352137174      0.972230312863      0.234026106984
   119      2.271587997142     -3.618590976965     -0.066878002208      0.997761160209
   120      1.421912417824     -4.145896779997     -0.849675579318     -0.527305803032
   121      1.056225379474     -5.076634653935     -0.365687038351     -0.930737873938
   122      0.721967958852     -4.134152836200     -0.334257420621      0.942481817734
   123      0.036194299607     -3.406337963939     -0.685773659246      0.727814872261
   124     -0.234122996392     -2.443566672570     -0.270317295998      0.962771291369
   125     -0.895433900800     -3.193678589360     -0.661310904408     -0.750111916790
   126      0.103703879501     -3.235196007097      0.999137780301     -0.041517417737
   127     -0.805303293064     -3.651976477160     -0.909007172565     -0.416780470062
   128     -1.677003167943     -4.142016606269     -0.871699874878     -0.490040129109
   129     -1.855550193066     -5.125947985898     -0.178547025124     -0.983931379629
   130     -1.446891651015     -4.213260637455      0.408658542051      0.912687348443
   131     -2.442470353642     -4.119329562324     -0.995578702627      0.093931075131
   132     -1.826583720886     -3.331494772795      0.615886632756      0.787834789529
   133     -1.687826242899     -4.321821164598      0.138757477987     -0.990326391804
   134     -1.280084150443     -5.234918304031      0.407742092456     -0.913097139432
   135     -1.113635908119     -6.220968496783      0.166448242324     -0.986050192752
   136     -0.159615487216     -5.921226880554      0.954020420903      0.299741616229
   137      0.683911729322     -6.458313312109      0.843527216537     -0.537086431555
   138      0.936890930121     -7.425785029506      0.252979200800     -0.967471717397
   139     -0.001457102385     -7.771477045457     -0.938348032506     -0.345692015951
   140      0.399566209960     -6.855409197011      0.401023312344      0.916067848446
   141      0.172586293198     -7.829308636064     -0.226979916762     -0.973899439052
   142      0.773078228754     -7.029677824169      0.600491935556      0.799630811895
   143      1.400252495776     -6.250798861308      0.627174267021      0.778878962860
   144      0.875318153157     -7.101941584910     -0.524934342618     -0.851142723602
   145      0.798932992483     -6.104863199211     -0.076385160675      0.997078385699
   146      0.302733706779     -5.236654544067     -0.496199285704      0.868208655144
   147      0.347743224236     -4.237667985930      0.045009517457      0.998986558137
   148      0.130179844193     -5.213714181386     -0.217563380043     -0.976046195456
   149      0.496945692939     -6.144027468506      0.366765848746     -0.930313287121
   150      1.073691677723     -5.327103929223      0.576745984784      0.816923539283
   151      0.515710052617     -6.156957233153     -0.557981625106     -0.829853303930
   152     -0.475122943772     -6.021864771234     -0.990832996389      0.135092461919
   153     -1.354447858501     -5.545642455151     -0.879324914730      0.476222316083
   154     -0.459534976281     -5.991883346639      0.894912882220     -0.446240891488
   155      0.484925991700     -5.663259732209      0.944460967981      0.328623614429
   156      0.059026809523     -4.758489105685     -0.425899182177      0.904770626524
   157      0.703506869619     -5.523110222408      0.644480060096     -0.764621116723
   158     -0.296162603625     -5.497401386104     -0.999669473244      0.025708836305
   159      0.675672079375     -5.261737750982      0.971834683000      0.235663635122
   160      1.199450381604     -4.409883133037      0.523778302230      0.851854617945
   161      2.106166024879     -4.831625640074      0.906715643275     -0.421742507036
   162      1.637625724529     -3.948183515796     -0.468540300350      0.883442124277
   163      0.900250220743     -3.272700454264     -0.737375503786      0.675483061532
   164     -0.028031167560     -2.900821893266     -0.928281388303      0.371878560998
   165      0.832562605818     -2.391529877598      0.860593773378      0.509292015668
   166     -0.153672932456     -2.226183383699     -0.986235538274      0.165346493899
   167     -1.022392024519     -2.721488480670     -0.868719092063     -0.495305096971
   168     -0.557863811223     -1.835930160144      0.464528213296      0.885558320526
   169     -1.531173660627     -2.065425120991     -0.973309849403     -0.229494960847
   170     -2.059620839850     -1.216458938643     -0.528447179224      0.848966182348
   171     -2.869121086890     -1.803578475060     -0.809500247039     -0.587119536417
   172     -2.206446407888     -1.054671091060      0.662674679002      0.748907384000
   173     -1.311519675190     -1.500884205058      0.894926732698     -0.446213113997
   174     -0.344781396976     -1.756651875874      0.966738278214     -0.255767670817
   175      0.208938308792     -2.589354996707      0.553719705768     -0.832703120833
   176     -0.788244760594     -2.664361170651     -0.997183069386     -0.075006173944
   177     -1.345192935845     -1.833813923298     -0.556948175251      0.830547247352
   178     -1.819414273138     -0.953408264947     -0.474221337292      0.880405658351
   179     -0.824411233816     -0.853563626933      0.995003039322      0.099844638014
   180     -1.707029354087     -0.383472940184     -0.882618120272      0.470090686749
   181     -2.651238223657     -0.054125690877     -0.944208869570      0.329347249307
   182     -1.990612647315      0.696589866363      0.660625576342      0.750715557240
   183     -1.116095118421      1.181583775250      0.874517528894      0.484993908887
   184     -1.378142992233      0.216528900214     -0.262047873811     -0.965054875036
   185     -1.872703136630     -0.652614507731     -0.494560144397     -0.869143407945
   186     -0.977290279812     -0.207377699005      0.895412856818      0.445236808726
   187     -1.440610136509     -1.093568824208     -0.463319856698     -0.886191125204
   188     -0.589220733465     -0.569034664802      0.851389403044      0.524534159406
   189     -1.476143872246     -0.107117631240     -0.886923138781      0.461917033562
   190     -1.539935012363      0.890845639849     -0.063791140117      0.997963271089
   191     -0.845840324948      0.170961923612      0.694094687415     -0.719883716236
   192     -0.104986039282      0.842627709112      0.740854285666      0.671665785500
   193      0.524109083804      1.619956034923      0.629095123087      0.777328325811
   194     -0.132408589948      0.865645393310     -0.656517673752     -0.754310641613
   195      0.156424113351      1.823024978169      0.288832703299      0.957379584859
   196     -0.614467455268      2.459991374011     -0.770891568619      0.636966395842
   197     -1.097863777297      3.335392993754     -0.483396322028      0.875401619744
   198     -1.322841093081      2.361028992273     -0.224977315785     -0.974364001481
   199     -2.316490082055      2.473553152843     -0.993648988973      0.112524160570
   200     -1.569442201644      1.808782918572      0.747047880411     -0.664770234272
   201     -0.802376917608      2.450351971774      0.767065284036      0.641569053202
   202      0.182677140493      2.278106499793      0.985054058101     -0.172245471981
   203      1.013127570320      2.835199026758      0.830450429827      0.557092526965
   204      1.797813476105      2.215305463908      0.784685905785     -0.619893562850
   205      2.445489662202      1.453389748121      0.647676186096     -0.761915715787
   206      1.508853504110      1.803693483977     -0.936636158092      0.350303735857
   207      0.737338183055      2.439904226874     -0.771515321055      0.636210742897
   208      1.632454066505      1.994070675877      0.895115883450     -0.445833550997
   209      2.607170321591      1.770624436097      0.974716255086     -0.223446239780
   210      2.479906042241      0.778755592347     -0.127264279350     -0.991868843750
   211      1.721625994177      1.430684552210     -0.758280048064      0.651928959863
   212      0.796202959582      1.809620176085     -0.925423034594      0.378935623876
   213     -0.164593757156      1.532366377005     -0.960796716739     -0.277253799080
   214     -0.451153521977      0.574304008897     -0.286559764821     -0.958062368109
   215     -0.705387532139      1.541446742973     -0.254234010162      0.967142734077
   216     -1.190288262981      0.666877545466     -0.484900730841     -0.874569197508
   217     -2.187646650418      0.594239765976     -0.997358387437     -0.072637779490
   218     -2.473818021359     -0.363938686325     -0.286171370942     -0.958178452301
   219     -1.706475156589      0.277298343084      0.767342864771      0.641237029409
   220     -0.730004286638      0.061648997762      0.976470869951     -0.215649345322
   221      0.237836113981      0.313214017050      0.967840400619      0.251565019288
   222      0.452090301396      1.289991956592      0.214254187415      0.976777939542
   223      1.339789641207      1.750415546452      0.887699339811      0.460423589860
   224      1.250888116341      2.746455966754     -0.088901524865      0.996040420303
   225      0.851337439045      3.663167075159     -0.399550677297      0.916711108404
   226      1.634353863455      3.041166046941      0.783016424410     -0.622001028218
   227      2.303434645942      2.297976362872      0.669080782487     -0.743189684069
   228      1.405487358434      1.857873342140     -0.897947287508     -0.440103020732
   229      2.268601175909      1.352863898582      0.863113817475     -0.505009443558
   230      1.292750421649      1.134425565384     -0.975850754260     -0.218438333198
   231      0.876893155948      2.043855460738     -0.415857265702      0.909429895354
   232      0.185767366073      1.321120971060     -0.691125789875     -0.722734489678
   233      0.701467760221      0.464351980331      0.515700394149     -0.856768990729
   234      1.688840718453      0.622764862863      0.987372958232      0.158412882532
   235      1.701873728345      1.622679929582      0.013033009891      0.999915066720
   236      2.323969546074      2.405621047141      0.622095817729      0.782941117558
   237      1.407558913729      2.005381677607     -0.916410632345     -0.400239369534
   238      2.144122831734      1.329013734329      0.736563918005     -0.676367943278
   239      2.470610278003      0.383812196334      0.326487446269     -0.945201537995
   240      3.162872620094     -0.337833734662      0.692262342091     -0.721645930996
   241      2.184170809129     -0.543120765949     -0.978701810965     -0.205287031287
   242      2.666368433936      0.332941703645      0.482197624807      0.876062469594
   243      3.076935348342      1.244772175166      0.410566914406      0.911830471522
   244      2.545978106509      0.397373563328     -0.530957241833     -0.847398611838
   245      3.382181239609     -0.151046276023      0.836203133100     -0.548419839351
   246      2.395073422125     -0.311103005535     -0.987107817484     -0.160056729511
   247      2.065105592836      0.632889172205     -0.329967829289      0.943992177740
   248      2.762721953216      1.349360674590      0.697616360381      0.716471502384
   249      3.590343778270      0.788074549075      0.827621825053     -0.561286125515
   250      4.535423948521      1.114913151138      0.945080170251      0.326838602063
   251      3.535576994753      1.097418322140     -0.999846953768     -0.017494828998
   252      2.648098334026      1.558267133308     -0.887478660727      0.460848811168
   253      3.445816380843      0.955236522325      0.797718046817     -0.603030610983
   254      4.399862057336      0.655575301668      0.954045676493     -0.299661220657
   255      3.839697279602     -0.172805903929     -0.560164777734     -0.828381205597
   256      2.887083159806      0.131375520168     -0.952614119796      0.304181424097
   257      3.886976048194      0.146011494697      0.999892888388      0.014635974529
   258      3.668845166433     -0.829908029866     -0.218130881761     -0.975919524562
   259      3.970517475155     -1.783319702833      0.301672308722     -0.953411672967
   260      3.970885169373     -0.783319770432      0.000367694218      0.999999932400
   261      4.534523658195      0.042701811561      0.563638488822      0.826021581993
   262      5.360965810659     -0.520319829791      0.826442152464     -0.563021641352
   263      5.213265435842     -1.509351982594     -0.147700374817     -0.989032152803
   264      5.712598490282     -2.375762105310      0.499333054440     -0.866410122715
   265      5.152322103043     -1.547456382824     -0.560276387238      0.828305722486
   266      5.821536791455     -0.804387273781      0.669214688412      0.743069109043
   267      6.156335738537      0.137902312829      0.334798947082      0.942289586609
   268      5.479590879591      0.874119940905     -0.676744858946      0.736217628076
   269      4.541543402094      1.220626694032     -0.938047477496      0.346506753127
   270      4.818672552423      0.259794016591      0.277129150329     -0.960832677441
   271      4.191437576880      1.038624091418     -0.627234975543      0.778830074827
   272      5.152671992083      1.314356568703      0.961234415203      0.275732477285
   273      6.134747783166      1.502843015348      0.982075791083      0.188486446644
   274      5.367649693515      0.861313186849     -0.767098089651     -0.641529828499
   275      5.644463284992     -0.099610449853      0.276813591477     -0.960923636703
   276      4.673714124320      0.140485503997     -0.970749160672      0.240095953850
   277      4.919688132738      1.109761928544      0.245974008417      0.969276424547
   278      5.814823066899      1.555557228704      0.895134934161      0.445795300160
   279      4.829150119769      1.724225071807     -0.985672947129      0.168667843103
   280      5.229722313608      0.807959871375      0.400572193838     -0.916265200432
   281      4.239617190403      0.948287505874     -0.990105123205      0.140327634499
   282      4.998157903474      1.599913155011      0.758540713071      0.651625649138
   283      4.282778124400      2.298648993287     -0.715379779074      0.698735838276
   284      5.282532409865      2.276482155577      0.999754285465     -0.022166837710
   285      4.376987298499      1.852232168799     -0.905545111366     -0.424249986778
   286      3.591979087533      2.471717526752     -0.785008210965      0.619485357952
   287      2.762788257192      3.030683149020     -0.829190830341      0.558965622268
   288      3.701145731545      2.685016763142      0.938357474353     -0.345666385878
   289      2.705905420778      2.782467898712     -0.995240310767      0.097451135570
   290      3.702362243056      2.698362005133      0.996456822278     -0.084105893579
   291      2.815132207764      2.237034719494     -0.887230035293     -0.461327285639
   292      2.668693442502      3.226254456473     -0.146438765262      0.989219736979
   293      3.260184752965      4.032565829112      0.591491310463      0.806311372639
   294      2.265536263726      3.929248924130     -0.994648489239     -0.103316904982
   295      3.154531833566      3.471333127498      0.888995569840     -0.457915796632
   296      3.295605455961      4.461332235105      0.141073622395      0.989999107608
   297      2.514446991117      3.836999428981     -0.781158464843     -0.624332806125
   298      3.474434302077      3.556955927367      0.959987310960     -0.280043501614
   299      4.100920484155      4.336388454058      0.626486182078      0.779432526692
   300      4.089029398667      5.336317752602     -0.011891085489      0.999929298544
   301      4.878496688052      4.722525117431      0.789467289386     -0.613792635171
   302      4.733132335046      3.733146926407     -0.145364353006     -0.989378191025
   303      3.967489370472      3.089881156449     -0.765642964574     -0.643265769957
   304      3.733572839383      4.062137838855     -0.233916531090      0.972256682406
   305      3.723012003465      3.062193606038     -0.010560835918     -0.999944232817
   306      4.051451112050      4.006718752316      0.328439108585      0.944525146278
   307      3.319830524985      4.688430800459     -0.731620587065      0.681712048142
   308      2.808975940720      5.548097941703     -0.510854584265      0.859667141244
   309      2.376053059191      4.646666980038     -0.432922881529     -0.901430961665
   310      1.851662161629      3.795189331151     -0.524390897562     -0.851477648887
   311      2.448389378153      2.992745171686      0.596727216524     -0.802444159465
   312      1.450105267088      2.934188928682     -0.998284111065     -0.058556243004
   313      0.540420202506      3.349487716637     -0.909685064582      0.415298787954
   314      0.826577276774      4.307670438692      0.286157074268      0.958182722056
   315      0.035380675829      3.696108554127     -0.791196600945     -0.611561884565
   316     -0.690864491806      3.008672770591     -0.726245167635     -0.687435783536
   317     -1.679151630944      2.856066969209     -0.988287139138     -0.152605801382
   318     -2.223052450511      2.016917460198     -0.543900819568     -0.839149509011
   319     -1.453429761439      1.378418504470      0.769622689072     -0.638498955728
   320     -1.866266953407      2.289223342473     -0.412837191967      0.910804838002
   321     -1.126956233533      1.615858909584      0.739310719874     -0.673364432889
   322     -2.124475218735      1.545460939712     -0.997518985202     -0.070397969872
   323     -1.607949538944      0.689189240940      0.516525679791     -0.856271698771
   324     -0.608698259187      0.727878773151      0.999251279758      0.038689532211
   325     -0.268358285140     -0.212423679290      0.340339974047     -0.940302452441
   326     -0.986452145041      0.483522589018     -0.718093859902      0.695946268308
   327     -0.141505291286     -0.051327683795      0.844946853756     -0.534850272813
   328     -0.087204405028     -1.049852302295      0.054300886258     -0.998524618501
   329      0.803089128102     -1.505239417689      0.890293533130     -0.455387115394
   330     -0.156863428955     -1.225076807407     -0.959952557057      0.280162610281
   331     -0.595280867022     -2.123848274466     -0.438417438067     -0.898771467058
   332     -0.144926681101     -1.230998283021      0.450354185921      0.892849991445
   333      0.629027162128     -0.597756268819      0.773953843229      0.633242014202
   334     -0.313261124311     -0.932558875200     -0.942288286439     -0.334802606381
   335      0.686346443496     -0.904546192653      0.999607567807      0.028012682547
   336      1.686003584736     -0.930730156586      0.999657141240     -0.026183963934
   337      0.818343052535     -0.433573037698     -0.867660532201      0.497157118888
   338     -0.050695206951      0.061171849641     -0.869038259486      0.494744887340
   339      0.408417052486     -0.827206410580      0.459112259437     -0.888378260222
   340      1.276121366142     -0.330125708820      0.867704313656      0.497080701761
   341      0.329042657517     -0.009124276316     -0.947078708625      0.321001432504
   342      1.306485954727     -0.220322289418      0.977443297211     -0.211198013102
   343      0.473901687966      0.333576111683     -0.832584266761      0.553898401101
   344      0.470971329725     -0.666419594808     -0.002930358241     -0.999995706491
   345      1.083491418245     -1.456874616400      0.612520088520     -0.790455021592
   346      0.125033199306     -1.742107578291     -0.958458218939     -0.285232961891
   347      0.594716199896     -0.859272441384      0.469683000590      0.882835136907
   348      1.454333616277     -0.348334189290      0.859617416381      0.510938252095
   349      1.127563682649     -1.293438104463     -0.326769933628     -0.945103915174
   350      2.067269140864     -1.635422975182      0.939705458215     -0.341984870719
   351      2.404661313841     -0.694058793999      0.337392172977      0.941364181183
   352      1.657619217290     -1.358835527934     -0.747042096551     -0.664776733934
   353      2.387119429043     -2.042816113223      0.729500211753     -0.683980585289
   354      3.100550357551     -2.743541673088      0.713430928508     -0.700725559865
   355      2.357135450139     -3.412372201277     -0.743414907412     -0.668830528189
   356      2.484597536394     -4.404215644854      0.127462086255     -0.991843443577
   357      2.868361954113     -3.480784612404      0.383764417718      0.923431032451
   358      3.637346003966     -2.841516647406      0.768984049853      0.639267964997
   359      4.492745344652     -3.359485727519      0.855399340687     -0.517969080113
   360      3.902346523424     -2.552374067404     -0.590398821228      0.807111660115
   361      3.538569947745     -1.620887834019     -0.363776575679      0.931486233386
   362      3.958086920954     -0.713140342042      0.419516973209      0.907747491976
   363      4.858045415233     -1.149115924588      0.899958494279     -0.435975582545
   364      5.435626458671     -1.965449274550      0.577581043438     -0.816333349963
   365      4.632659778619     -1.369425356636     -0.802966680052      0.596023917914
   366      4.873378313289     -0.398830391129      0.240718534670      0.970594965506
   367      4.599399984647     -1.360566256861     -0.273978328642     -0.961735865732
   368      4.665196684274     -0.362733207540      0.065796699628      0.997833049321
   369      4.627975388143     -1.362040255005     -0.037221296132     -0.999307047466
   370      3.816431609728     -0.777748636277     -0.811543778415      0.584291618728
   371      2.826209275864     -0.917246770734     -0.990222333864     -0.139498134457
   372      3.520175747914     -0.197239454333      0.693966472049      0.720007316401
   373      4.120799980523      0.602291990454      0.600624232609      0.799531444787
   374      3.466986100522     -0.154363420099     -0.653813880000     -0.756655410553
   375      3.036857292082      0.748404107092     -0.430128808440      0.902767527191
   376      2.257248972553      0.122136697657     -0.779608319530     -0.626267409434
   377      1.463662316062      0.730593942368     -0.793586656490      0.608457244711
   378      1.233387016573     -0.242531582138     -0.230275299490     -0.973125524506
   379      2.201680948135      0.007282072611      0.968293931563      0.249813654749
   380      1.516611765986     -0.721195940557     -0.685069182149     -0.728478013168
   381      1.452084599142     -1.719111891296     -0.064527166844     -0.997915950739
   382      2.222745207342     -1.081866077683      0.770660608201      0.637245813614
   383      1.715061808420     -0.220322366395     -0.507683398922      0.861543711288
   384      1.102709488800     -1.010907362872     -0.612352319621     -0.790584996477
   385      0.647189297873     -1.901132815024     -0.455520190926     -0.890225452152
   386      1.646303837554     -1.859059823693      0.999114539680      0.042072991331
   387      2.472607456782     -2.422284759975      0.826303619228     -0.563224936282
   388      3.298207514398     -1.858029015773      0.825600057616      0.564255744202
   389      2.958287645300     -2.798483417960     -0.339919869098     -0.940454402187
   390      3.603553040815     -3.562441904628      0.645265395515     -0.763958486667
   391      2.755272116147     -3.032895426172     -0.848280924668      0.529546478456
   392      3.027714723557     -2.070723390792      0.272442607410      0.962172035380
   393      3.466840754684     -2.969148862819      0.439126031126     -0.898425472027
   394      4.010695270302     -2.129969343382      0.543854515618      0.839179519437
   395      4.474017335237     -3.016159314068      0.463322064935     -0.886189970686
   396      3.636961485073     -3.563276763713     -0.837055850164     -0.547117449645
   397      4.526908815839     -4.019340080000      0.889947330766     -0.456063316287
   398      3.655921474128     -3.528034624525     -0.870987341711      0.491305455475
   399      2.995207323635     -2.777397021324     -0.660714150493      0.750637603201
   400      3.584838499306     -1.969724391680      0.589631175671      0.807672629645
   401      2.922678074720     -1.220362281541     -0.662160424586      0.749362110139
   402      2.029824187052     -0.770015820161     -0.892853887667      0.450346461380
   403      2.607669653406     -1.586162018470      0.577845466353     -0.816146198309
   404      3.341037079305     -0.906329525403      0.733367425899      0.679832493067
   405      4.336476823358     -0.810937094048      0.995439744053      0.095392431355
   406      3.557838868331     -0.183463640434     -0.778637955027      0.627473453614
   407      2.904747381055     -0.940742657210     -0.653091487275     -0.757279016776
   408      1.961568292713     -1.273027485803     -0.943179088343     -0.332284828593
   409      1.248600131922     -0.571831078440     -0.712968160791      0.701196407363
   410      0.884057029091      0.359355436808     -0.364543102831      0.931186515247
   411      1.210095260285     -0.586001147662      0.326038231194     -0.945356584470
   412      1.898866386151      0.138977704563      0.688771125866      0.724978852225
   413      0.969315604423      0.507671811090     -0.929550781728      0.368694106528
   414      1.666383305755      1.224677124711      0.697067701332      0.717005313620
   415      1.761048664927      2.220186275735      0.094665359172      0.995509151024
   416      2.683888194838      1.835001642039      0.922839529910     -0.385184633695
   417      2.598599313333      2.831357906983     -0.085288881504      0.996356264943
   418      1.658205140772      2.491271447075     -0.940394172561     -0.340086459908
   419      2.180310974921      1.638390741497      0.522105834149     -0.852880705578
   420      1.379019747740      1.040116248272     -0.801291227181     -0.598274493225
   421      0.563294693859      0.461676418670     -0.815725053881     -0.578439829602
   422     -0.356569009510      0.853914569828     -0.919863703369      0.392238151158
   423      0.289257606056      1.617398677473      0.645826615566      0.763484107645
   424      0.911761053055      2.400015734835      0.622503446999      0.782617057362
   425      0.652132577450      1.434307158371     -0.259628475605     -0.965708576463
   426     -0.201183099483      1.955701783871     -0.853315676933      0.521394625500
   427     -0.739194300735      2.798639472747     -0.538011201252      0.842937688876
   428      0.205513844404      3.126551839866      0.944708145138      0.327912367118
   429      0.876991095222      2.385526670500      0.671477250818     -0.741025169366
   430      1.626725924045      3.047265052679      0.749734828824      0.661738382179
   431      2.078854773322      3.939217687997      0.452128849276      0.891952635319
   432      1.579196838207      4.805440492983     -0.499657935114      0.866222804986
   433      2.049373342365      5.688012900742      0.470176504157      0.882572407759
   434      1.937745507288      4.694262818259     -0.111627835076     -0.993750082484
   435      0.971643370623      4.436102671196     -0.966102136665     -0.258160147063
   436     -0.026982030397      4.488517444281     -0.998625401020      0.052414773085
   437      0.439607632033      5.372991348313      0.466589662430      0.884473904032
   438      1.411359093487      5.608997910006      0.971751461454      0.236006561693
   439      0.604620714972      5.018089128018     -0.806738378516     -0.590908781987
   440      1.143548725768      4.175737301772      0.538928010796     -0.842351826246
   441      0.378847537068      4.820122351259     -0.764701188699      0.644385049486
   442     -0.089572248975      3.936616321826     -0.468419786043     -0.883506029433
   443     -0.306301475780      4.912848078249     -0.216729226805      0.976231756423
   444     -1.081752412783      4.281440251008     -0.775450937003     -0.631407827241
   445     -0.425242871374      3.527122531451      0.656509541409     -0.754317719557
   446     -0.061135959182      2.595765373056      0.364106912192     -0.931357158395
   447      0.772372241486      2.043258287653      0.833508200667     -0.552507085403
   448      1.607933861184      1.493861546047      0.835561619698     -0.549396741606
   449      0.619056009037      1.345131611156     -0.988877852147     -0.148729934891
   450      1.573112715833      1.045505510461      0.954056706796     -0.299626100695
   451      1.948381788030      1.972421430840      0.375269072198      0.926915920379
   452      1.793280200693      2.960319956806     -0.155101587337      0.987898525966
   453      2.778328901471      2.788043849652      0.985048700778     -0.172276107154
   454      1.925418538180      2.265986465649     -0.852910363291     -0.522057384002
   455      2.213948105236      1.308515479700      0.288529567056     -0.957470985949
   456      3.113775412001      0.872269198342      0.899827306766     -0.436246281358
   457      3.968665769355      1.391077907699      0.854890357353      0.518808709357
   458      3.488911983328      0.513674747918     -0.479753786026     -0.877403159781
   459      3.491341982075      1.513671795467      0.002429998746      0.999997047549
   460      3.067276960814      0.608040050361     -0.424065021261     -0.905631745106
   461      2.844745410652      1.582965539402     -0.222531550162      0.974925489041
   462      2.059057605112      2.201588746392     -0.785687805540      0.618623206989
   463      2.386040896563      3.146618866076      0.326983291452      0.945030119685
   464      1.573448474435      3.729451222334     -0.812592422128      0.582832356257
   465      1.924005820318      4.665992490643      0.350557345883      0.936541268310
   466      1.175712573786      4.002624404892     -0.748293246533     -0.663368085752
   467      1.635515006807      4.890645644834      0.459802433021      0.888021239942
   468      0.646982787746      4.739635539615     -0.988532219061     -0.151010105219
   469      1.646954092903      4.732059995964      0.999971305158     -0.007575543650
   470      2.638713826383      4.603948204751      0.991759733480     -0.128111791213
   471      1.805456868642      4.051062283086     -0.833256957741     -0.552885921666
   472      0.874417668187      4.415981462104     -0.931039200455      0.364919179019
   473      0.790857216406      5.412484172034     -0.083560451781      0.996502709930
   474     -0.019628401322      4.826725635215     -0.810485617728     -0.585758536819
   475      0.755771844506      4.195255557722      0.775400245828     -0.631470077493
   476      0.832329562220      5.192320708983      0.076557717713      0.997065151261
   477      1.832279981151      5.202278604297      0.999950418931      0.009957895315
   478      2.651288015668      4.628496555609      0.819008034517     -0.573782048688
   479      1.847852328815      5.223888105004     -0.803435686853      0.595391549395
   480      2.737200277630      5.681119147191      0.889347948815      0.457231042186
   481      2.007399807070      6.364779350193     -0.729800470560      0.683660203003
   482      2.979138390301      6.128719769027      0.971738583231     -0.236059581166
   483      2.174283093569      5.535248664993     -0.804855296731     -0.593471104035
   484      3.131702111429      5.246546700607      0.957419017860     -0.288701964386
   485      3.188471014664      6.244934046093      0.056768903235      0.998387345485
   486      3.446625484845      7.211037699706      0.258154470181      0.966103653614
   487      2.568551749462      7.689563054554     -0.878073735382      0.478525354847
   488      1.904836369721      8.437548278134     -0.663715379741      0.747985223581
   489      0.926665140132      8.229747783418     -0.978171229589     -0.207800494716
   490      1.097856888543      7.244510053083      0.171191748411     -0.985237730335
   491      0.137676643056      7.523891326931     -0.960180245487      0.279381273848
   492     -0.671457388342      8.111515457846     -0.809134031398      0.587624130915
   493      0.234814566561      7.688820362350      0.906271954903     -0.422695095496
   494      0.527349394095      6.732565493248      0.292534827534     -0.956254869101
   495      0.533262363405      5.732582975004      0.005912969311     -0.999982518244
   496      0.159118257805      6.659953552629     -0.374144105601      0.927370577625
   497      0.883817712641      5.970888461248      0.724699454836     -0.689065091382
   498      1.862669633939      5.766318384819      0.978851921299     -0.204570076429
   499      1.554627530769      6.717691110239     -0.308042103170      0.951372725421
   500      0.747935955987      7.308663785729     -0.806691574782      0.590972675490
   501      0.143610043533      6.511926569618     -0.604325912454     -0.796737216111
   502     -0.250655384052      5.592929957757     -0.394265427585     -0.918996611861
   503     -0.926692258672      6.329797750617     -0.676036874620      0.736867792860
   504      0.042521120277      6.083575440364      0.969213378949     -0.246222310253
   505     -0.481876542533      6.935048922769     -0.524397662810      0.851473482405
   506     -0.034279123051      7.829284098812      0.447597419482      0.894235176043
   507     -0.118867256235      6.832868097473     -0.084588133183     -0.996416001339
   508     -0.179379307539      5.834700630739     -0.060512051305     -0.998167466734
   509     -1.118870798646      5.492128392898     -0.939491491106     -0.342572237841
   510     -1.037665103923      6.488825756768      0.081205694723      0.996697363870
   511     -2.028757733356      6.622000078181     -0.991092629433      0.133174321413
   512     -2.630468837051      5.823286269805     -0.601711103695     -0.798713808375
   513     -2.904584808876      4.861589626372     -0.274115971824     -0.961696643433
   514     -2.889732816047      3.861699923300      0.014851992829     -0.999889703072
   515     -3.884158190934      3.967142674501     -0.994425374887      0.105442751201
   516     -4.657408698449      3.333042010073     -0.773250507515     -0.634100664428
   517     -3.778972116870      2.855183064208      0.878436581579     -0.477858945866
   518     -4.778857534409      2.840045303751     -0.999885417540     -0.015137760456
   519     -4.246808641774      3.686758936478      0.532048892636      0.846713632727
   520     -3.497252019177      4.348699167557      0.749556622597      0.661940231079
   521     -2.749296871785      5.012448440619      0.747955147392      0.663749273062
   522     -3.736926087013      4.855641128197     -0.987629215227     -0.156807312423
   523     -3.320772568777      3.946346759326      0.416153518236     -0.909294368871
   524     -3.826852120433      3.083859955139     -0.506079551656     -0.862486804187
   525     -3.274800884804      3.917670145315      0.552051235629      0.833810190176
   526     -2.538711779877      3.240785495166      0.736089104927     -0.676884650149
   527     -3.104070165418      2.415940118202     -0.565358385541     -0.824845376964
   528     -4.048252375116      2.086516447392     -0.944182209698     -0.329423670810
   529     -4.687710650603      2.855342249451     -0.639458275487      0.768825802059
   530     -5.679338459995      2.726213292050     -0.991627809392     -0.129128957401
   531     -5.167970919730      1.866851180503      0.511367540265     -0.859362111547
   532     -5.960813332667      1.257424475929     -0.792842412937     -0.609426704574
   533     -5.119829895642      1.798485340019      0.840983437025      0.541060864089
   534     -4.446308350840      2.537652931765      0.673521544801      0.739167591746
   535     -5.372232528356      2.915362367034     -0.925924177516      0.377709435269
   536     -6.307577371095      3.269099593182     -0.935344842738      0.353737226148
   537     -5.361612506344      2.944830453952      0.945964864751     -0.324269139229
   538     -4.537531158812      2.378358978369      0.824081347532     -0.566471475583
   539     -3.704615630155      1.824958831890      0.832915528657     -0.553400146479
   540     -3.935494062242      2.797941436872     -0.230878432087      0.972982604982
   541     -4.932763784809      2.724096325655     -0.997269722567     -0.073845111217
   542     -5.671384786036      3.398217246963     -0.738621001227      0.674120921309
   543     -5.826848507724      4.386058849266     -0.155463721688      0.987841602302
   544     -6.758109725118      4.021706622735     -0.931261217394     -0.364352226531
   545     -7.238877035184      3.144858406923     -0.480767310065     -0.876848215812
   546     -7.310075788983      4.142320555306     -0.071198753799      0.997462148383
   547     -7.741281052844      5.044574411169     -0.431205263861      0.902253855862
   548     -6.749571357259      5.173072970240      0.991709695585      0.128498559071
   549     -6.592492029981      4.185486981608      0.157079327278     -0.987585988632
   550     -7.415121012240      4.754065522838     -0.822628982259      0.568578541230
   551     -6.970375186595      3.858408696498      0.444745825646     -0.895656826341
   552     -6.248552629475      3.166330524589      0.721822557120     -0.692078171909
   553     -6.394550258353      4.155615464514     -0.145997628878      0.989284939925
   554     -7.285496238833      4.609724768389     -0.890945980480      0.454109303876
   555     -7.434053377263      3.620820942620     -0.148557138431     -0.988903825769
   556     -6.694299607295      4.293698613387      0.739753769968      0.672877670767
   557     -5.794095039712      4.729165875652      0.900204567582      0.435467262264
   558     -4.833201275048      5.006083143132      0.960893764665      0.276917267480
   559     -4.997468463956      4.019667261950     -0.164267188909     -0.986415881182
   560     -5.753612632362      4.674072332672     -0.756144168405      0.654405070722
   561     -6.624738436579      4.183012424690     -0.871125804217     -0.491059907981
   562     -5.764861042881      4.693513029789      0.859877393699      0.510500605098
   563     -5.159389564977      5.489380034661      0.605471477904      0.795867004873
   564     -6.109427879372      5.801513341408     -0.950038314396      0.312133306746
   565     -6.418353355551      4.850427093916     -0.308925476179     -0.951086247492
   566     -6.013306743884      5.764723130425      0.405046611667      0.914296036509
   567     -5.177252016363      6.313369184443      0.836054727522      0.548646054017
   568     -4.195583459542      6.503965208926      0.981668556821      0.190596024483
   569     -3.308839342126      6.966225817490      0.886744117415      0.462260608563
   570     -3.278082658129      5.966698916206      0.030756683997     -0.999526901284
   571     -2.572278739485      5.258291668624      0.705803918644     -0.708407247582
   572     -1.776061728951      5.863302802518      0.796217010534      0.605011133894
   573     -1.159197952928      5.076232867995      0.616863776023     -0.787069934523
   574     -0.620781640106      5.918911854376      0.538416312821      0.842678986381
   575     -0.139311972061      6.795374608150      0.481469668045      0.876462753774
   576      0.095249318793      7.767475940745      0.234561290854      0.972101332595
   577      0.364054892029      8.730670398680      0.268805573236      0.963194457935
   578      1.362510547038      8.675115876079      0.998455655009     -0.055554522601
   579      0.513342394086      8.146993306959     -0.849168152951     -0.528122569120
   580      0.494314600166      7.147174351819     -0.019027793921     -0.999818955141
   581     -0.167160937133      6.397207610185     -0.661475537298     -0.749966741633
   582      0.329860068562      7.264946119126      0.497021005694      0.867738508941
   583     -0.666082500445      7.174955012673     -0.995942569007     -0.089991106453
   584     -1.599990662536      6.817442013218     -0.933908162091     -0.357512999455
   585     -2.301598293079      6.104878519370     -0.701607630543     -0.712563493848
   586     -2.314711404191      5.104964499908     -0.013113111112     -0.999914019462
   587     -2.245333525619      4.107374047886      0.069377878572     -0.997590452022
   588     -3.183367455073      3.760830620314     -0.938033929454     -0.346543427573
   589     -2.952595807141      4.733838557851      0.230771647931      0.973007937538
   590     -3.888654752877      5.085681775929     -0.936058945736      0.351843218078
   591     -3.645819123338      4.115614326199      0.242835629540     -0.970067449730
   592     -3.045436182399      4.915326977236      0.600382940939      0.799712651037
   593     -2.430523057941      4.126732119676      0.614913124457     -0.788594857560
   594     -2.309112159137      5.119334453771      0.121410898804      0.992602334095
   595     -1.976947711155      6.062555943930      0.332164447982      0.943221490159
   596     -2.572212299888      5.259026187542     -0.595264588732     -0.803529756388
   597     -3.379381471432      4.668705996028     -0.807169171544     -0.590320191514
   598     -4.280769534082      4.235693801613     -0.901388062650     -0.433012194415
   599     -3.317823009693      3.966001400594      0.962946524389     -0.269692401018
   600     -3.562739299502      2.996457172111     -0.244916289809     -0.969544228484
   601     -3.234205589729      3.940949417470      0.328533709772      0.944492245359
   602     -2.531587146531      4.652516226194      0.702618443198      0.711566808724
   603     -1.836771602444      5.371704212533      0.694815544087      0.719187986339
   604     -2.211064545359      4.444393696641     -0.374292942915     -0.927310515892
   605     -2.617197801792      5.358207560630     -0.406133256433      0.913813863989
   606     -3.421577413691      4.764091881690     -0.804379611899     -0.594115678940
   607     -4.418889591292      4.837361386998     -0.997312177601      0.073269505308
   608     -5.190344481668      5.473645405432     -0.771454890376      0.636284018434
   609     -6.176973845120      5.310665347832     -0.986629363451     -0.162980057600
   610     -6.335319319902      4.323281577145     -0.158345474782     -0.987383770687
   611     -5.734754339605      3.523705624255      0.600564980297     -0.799575952890
   612     -6.104288459430      4.452922786325     -0.369534119825      0.929217162070
   613     -5.105438716822      4.500872673633      0.998849742608      0.047949887308
   614     -5.727759119777      5.283635291587     -0.622320402955      0.782762617954
   615     -5.153620898995      4.464876900218      0.574138220783     -0.818758391369
   616     -5.070471421276      5.461413986510      0.083149477719      0.996537086292
   617     -5.309524780287      4.490407554222     -0.239053359011     -0.971006432288
   618     -6.063577192260      5.147221804979     -0.754052411973      0.656814250757
   619     -6.717377458823      4.390554631485     -0.653800266562     -0.756667173494
   620     -7.294305370569      5.207349700428     -0.576927911746      0.816795068942
   621     -6.677699826930      5.994621955467      0.616605543639      0.787272255039
   622     -5.809917681938      5.497677140791      0.867782144992     -0.496944814675
   623     -6.390448640946      4.683438965787     -0.580530959007     -0.814238175004
   624     -5.402327223083      4.529763777285      0.988121417863     -0.153675188502
   625     -6.385233441365      4.345656835370     -0.982906218283     -0.184106941915
   626     -5.716247009493      3.602382219921      0.668986431873     -0.743274615448
   627     -5.317216152410      2.685444721999      0.399030857083     -0.916937497922
   628     -5.574772882805      1.719181543239     -0.257556730395     -0.966263178760
   629     -6.542238220009      1.972185142640     -0.967465337203      0.253003599401
   630     -7.163764513825      2.755578444944     -0.621526293816      0.783393302304
   631     -7.853000746080      2.031041754260     -0.689236232255     -0.724536690684
   632     -7.386422175396      2.915521509471      0.466578570684      0.884479755211
   633     -6.389963343597      2.831439427377      0.996458831799     -0.084082082094
   634     -6.759348745494      3.760715718297     -0.369385401897      0.929276290920
   635     -6.411134766375      4.698130794315      0.348213979119      0.937415076018
   636     -5.584032796067      5.260182687571      0.827101970308      0.562051893256
   637     -6.240089803679      6.014894024947     -0.656057007612      0.754711337376
   638     -5.344690296107      5.569630370647      0.895399507572     -0.445263654300
   639     -6.040844909232      4.851738488380     -0.696154613125     -0.717891882267
   640     -6.203122350503      5.838483659158     -0.162277441272      0.986745170778
   641     -6.456890613513      4.871218613429     -0.253768263009     -0.967265045729
   642     -7.015300226373      5.700783984130     -0.558409612860      0.829565370701
   643     -7.858671347954      5.163452474462     -0.843371121582     -0.537331509668
   644     -7.244688650655      5.952771958205      0.613982697300      0.789319483743
   645     -7.701015390832      5.062959671148     -0.456326740178     -0.889812287058
   646     -7.110568717973      4.255883016480      0.590446672860     -0.807076654667
   647     -8.017277746993      3.834126289570     -0.906709029020     -0.421756726910
   648     -7.020650701555      3.752062093347      0.996627045438     -0.082064196223
   649     -7.516113400860      2.883432878090     -0.495462699305     -0.868629215257
   650     -7.480280925088      3.882790688727      0.035832475771      0.999357810636
   651     -7.896988303995      4.791831370085     -0.416707378907      0.909040681358
   652     -8.687519725101      5.404252852599     -0.790531421106      0.612421482514
   653     -9.038863462152      6.340499389807     -0.351343737051      0.936246537209
   654     -9.263097229817      5.365964004385     -0.224233767665     -0.974535385422
   655     -9.888886899908      4.585972152628     -0.625789670090     -0.779991851758
   656    -10.571496333744      3.855188764176     -0.682609433836     -0.730783388452
   657     -9.759952402786      3.270897357320      0.811543930958     -0.584291406855
   658    -10.731987019984      3.505734967103     -0.972034617198      0.234837609783
   659    -10.044430086381      4.231865439577      0.687556933603      0.726130472474
   660    -10.642453987482      5.033343707350     -0.598023901101      0.801478267773
   661    -11.539773182474      5.474725925273     -0.897319194992      0.441382217924
   662    -12.384230641617      4.939103297207     -0.844457459144     -0.535622628066
   663    -11.461913160378      4.552670296806      0.922317481240     -0.386433000401
   664    -12.008784937546      5.389886672264     -0.546871777169      0.837216375459
   665    -11.565338582553      4.493585757257      0.443446354994     -0.896300915007
   666    -11.055204966761      5.353680922945      0.510133615791      0.860095165688
   667    -11.825450901174      4.715933950767     -0.770245934412     -0.637746972177
   668    -11.482562050996      5.655309933228      0.342888850177      0.939375982461
   669    -12.136409867306      6.411936018628     -0.653847816309      0.756626085400
   670    -13.015447878644      6.888687709367     -0.879038011338      0.476751690739
   671    -12.730571465765      5.930123455191      0.284876412879     -0.958564254176
   672    -12.113727865574      6.717209202047      0.616843600191      0.787085746856
   673    -11.373459686105      6.044897501668      0.740268179469     -0.672311700379
   674    -10.753799716379      5.260027116242      0.619659969727     -0.784870385426
   675    -11.607974332679      5.780013389972     -0.854174616300      0.519986273730
   676    -12.269961941719      5.030498609947     -0.661987609040     -0.749514780026
   677    -11.714544614193      5.862070370099      0.555417327526      0.831571760153
   678    -12.709712292422      5.960260452130     -0.995167678229      0.098190082030
   679    -13.354869560966      5.196210650844     -0.645157268545     -0.764049801285
   680    -13.982592995808      4.417774211981     -0.627723434842     -0.778436438863
   681    -14.737963985906      3.762476823523     -0.755370990097     -0.655297388458
   682    -15.417254048383      4.496346710506     -0.679290062477      0.733869886982
   683    -14.804007738786      5.286238452307      0.613246309597      0.789891741801
   684    -14.934341648367      6.277708609202     -0.130333909582      0.991470156895
   685    -14.044274462579      5.821879249921      0.890067185789     -0.455829359281
   686    -14.839028973381      5.214948226195     -0.794754510802     -0.606931023725
   687    -14.038137957624      4.616138088606      0.800891015757     -0.598810137589
   688    -13.607473809811      5.518650355441      0.430664147813      0.902512266835
   689    -14.217632622454      4.726371223220     -0.610158812644     -0.792279132221
   690    -15.073767872967      4.209619413519     -0.856135250513     -0.516751809701
   691    -16.073722821865      4.219111524754     -0.999954948897      0.009492111235
   692    -15.556720521435      5.075095532403      0.517002300430      0.855984007649
   693    -15.169192171613      4.153237746145      0.387528349822     -0.921857786258
   694    -16.062982233498      4.601723337079     -0.893790061885      0.448485590934
   695    -15.784961863024      5.562298515606      0.278020370474      0.960575178527
   696    -15.530263809196      4.595277884297      0.254698053828     -0.967020631308
   697    -14.876733817075      5.352178504853      0.653529992121      0.756900620556
   698    -15.876270923608      5.321755279142     -0.999537106534     -0.030423225711
   699    -15.012995097171      4.817022827750      0.863275826437     -0.504732451393
   700    -14.767701046268      3.847574103684      0.245294050902     -0.969448724065
   701    -14.064993463778      4.559052883066      0.702707582490      0.711478779382
   702    -13.665158903741      5.475640208202      0.399834560037      0.916587325136
   703    -13.912302196886      6.444619151551     -0.247143293144      0.968978943349
   704    -13.140881139657      7.080944188355      0.771421057229      0.636325036804
   705    -13.703612588394      6.254304413966     -0.562731448737     -0.826639774389
   706    -12.873543575378      5.696643734314      0.830069013016     -0.557660679653
   707    -13.124735208740      6.664581110041     -0.251191633362      0.967937375727
   708    -12.418148687352      5.956954451559      0.706586521388     -0.707626658481
   709    -12.812289878433      6.876004353084     -0.394141191081      0.919049901525
   710    -13.392466846636      7.690494798435     -0.580176968203      0.814490445350
   711    -12.705556281207      8.417236757525      0.686910565429      0.726741959090
   712    -12.987399042821      7.457776149826     -0.281842761615     -0.959460607699
   713    -12.637849637573      8.394694082887      0.349549405248      0.936917933061
   714    -13.316635399711      9.129030442547     -0.678785762138      0.734336359660
   715    -13.869495793131      8.295756546767     -0.552860393420     -0.833273895779
   716    -14.157640511341      7.338169672710     -0.288144718210     -0.957586874058
   717    -13.250891678605      6.916498527941      0.906748832737     -0.421671144769
   718    -12.345425708026      7.340917396658      0.905465970579      0.424418868717
   719    -11.360297434239      7.169096896757      0.985128273787     -0.171820499901
   720    -10.478927493529      7.641523639874      0.881369940710      0.472426743117
   721    -11.136990165214      6.888560479995     -0.658062671686     -0.752963159878
   722    -10.571651760521      7.713419551703      0.565338404694      0.824859071708
   723     -9.871574171283      8.427486333627      0.700077589238      0.714066781924
   724    -10.866659804549      8.526504425243     -0.995085633266      0.099018091616
   725     -9.992369128403      9.011907158656      0.874290676146      0.485402733413
   726    -10.344570513622      9.947831399313     -0.352201385218      0.935924240657
   727     -9.733958198605     10.739761068381      0.610612315016      0.791929669068
   728     -9.945875751776     11.717048615963     -0.211917553171      0.977287547582
   729     -9.609627359912     12.658821953326      0.336248391864      0.941773337364
   730     -8.609843397828     12.679607264464      0.999783962084      0.020785311137
   731     -9.601888933347     12.553727736913     -0.992045535519     -0.125879527551
   732    -10.333964025328     13.234951679315     -0.732075091980      0.681223942402
   733    -11.250572890648     12.835166501982     -0.916608865321     -0.399785177333
   734    -10.542700413853     13.541506757522      0.707872476795      0.706340255540
   735    -10.720126703964     14.525640849796     -0.177426290111      0.984134092275
   736    -11.479166595654     13.874596732380     -0.759039891691     -0.651044117416
   737    -12.212540006600     13.194770695722     -0.733373410945     -0.679826036658
   738    -11.357666381127     13.713606974784      0.854873625473      0.518836279062
   739    -10.371393980645     13.878733447669      0.986272400482      0.165126472885
   740    -11.045534373945     14.617336676825     -0.674140393300      0.738603229157
   741    -10.663718465140     13.693098281289      0.381815908806     -0.924238395536
   742     -9.972736767577     14.415970533927      0.690981697563      0.722872252637
   743     -9.216389860517     15.070141273246      0.756346907060      0.654170739319
   744     -9.330856597755     14.076714191842     -0.114466737238     -0.993427081404
   745     -8.334432240658     14.161203839631      0.996424357097      0.084489647789
   746     -7.374238960426     14.440540311646      0.960193280232      0.279336472014
   747     -6.624201671074     13.779144768433      0.750037289352     -0.661395543213
   748     -7.290386584501     13.033358162812     -0.666184913426     -0.745786605621
   749     -6.513036515699     13.662426418674      0.777350068802      0.629068255862
   750     -5.748911422936     13.017358327221      0.764125092762     -0.645068091453
   751     -5.022058001683     13.704150948041      0.726853421253      0.686792620820
   752     -4.429011847987     12.898982481453      0.593046153695     -0.805168466588
   753     -5.281957276834     12.376982390064     -0.852945428846     -0.522000091389
   754     -4.504488141842     11.748061294747      0.777469134992     -0.628921095318
   755     -4.625576181055     12.740703066364     -0.121088039213      0.992641771617
   756     -3.662259299900     13.009069581564      0.963316881156      0.268366515200
   757     -4.662199253222     12.998111034701     -0.999939953323     -0.010958546863
   758     -4.902518752704     13.968804878387     -0.240319499481      0.970693843686
   759     -5.736187343893     14.521069923509     -0.833668591190      0.552265045122
   760     -6.533707422728     15.124362326789     -0.797520078835      0.603292403280
   761     -7.135335947039     14.325586313919     -0.601628524311     -0.798776012869
   762     -7.087275602562     15.324430747897      0.048060344477      0.998844433978
   763     -6.373228354423     14.624333235100      0.714047248139     -0.700097512798
   764     -7.039669837767     15.369890576475     -0.666441483344      0.745557341375
   765     -6.274602726179     16.013841129519      0.765067111588      0.643950553045
   766     -5.473005822075     15.415976259059      0.801596904104     -0.597864870460
   767     -6.452188936861     15.212997374152     -0.979183114786     -0.202978884907
   768     -6.706550312645     14.245888129801     -0.254361375784     -0.967109244351
   769     -7.198807313666     13.375438220303     -0.492257001021     -0.870449909498
   770     -8.098730434648     13.811486814295     -0.899923120982      0.436048593992
   771     -9.098570629997     13.829363720207     -0.999840195349      0.017876905912
   772     -9.967486368136     13.334403681401     -0.868915738139     -0.494960038806
   773     -9.462685430172     12.471167900730      0.504800937964     -0.863235780671
   774     -8.717978178235     11.803776629500      0.744707251937     -0.667391271229
   775     -8.452504623411     10.839658487523      0.265473554824     -0.964118141977
   776     -9.110424968904     10.086570963402     -0.657920345492     -0.753087524121
   777     -9.884919363944      9.453990192234     -0.774494395040     -0.632580771168
   778     -9.000051263280      9.919831843900      0.884868100664      0.465841651666
   779     -9.926049572975      9.542304188700     -0.925998309696     -0.377527655200
   780    -10.500801295731      8.723976346579     -0.574751722755     -0.818327842121
   781     -9.500834044470      8.732069331539      0.999967251261      0.008092984960
   782     -8.562281315762      8.386933451869      0.938552728708     -0.345135879670
   783     -9.187306009906      9.167538429890     -0.625024694143      0.780604978021
   784    -10.091773397537      9.594081211697     -0.904467387631      0.426542781807
   785    -10.942281668132     10.120042884871     -0.850508270596      0.525961673174
   786    -10.210008750458     10.801054172620      0.732272917674      0.681011287748
   787     -9.702096198563      9.939645535777      0.507912551895     -0.861408636843
   788     -8.992134202884     10.643885526613      0.709961995678      0.704239990836
   789     -9.898924602548     11.065467275598     -0.906790399664      0.421581748985
   790     -8.916633555673     11.252828688990      0.982291046875      0.187361413392
   791     -9.046001255753     12.244425380280     -0.129367700080      0.991596691289
   792    -10.022791037095     12.030225186382     -0.976789781342     -0.214200193898
   793     -9.025688773001     11.954152359834      0.997102264094     -0.076072826548
   794     -8.328558153761     11.237208219947      0.697130619240     -0.716944139887
   795     -8.775083758685     10.342437364282     -0.446525604924     -0.894770855665
   796     -9.185616457545     11.254283241153     -0.410532698860      0.911845876871
   797     -8.322849093860     11.759884344949      0.862767363685      0.505601103796
   798     -8.835493267860     10.901283185583     -0.512644174000     -0.858601159365
   799     -8.076075330943     11.551886288165      0.759417936917      0.650603102582
   800     -8.376760866723     12.505609627804     -0.300685535780      0.953723339639
   801     -8.514312923066     13.496104166808     -0.137552056343      0.990494539004
   802     -7.765391910907     14.158763443923      0.748921012159      0.662659277115
   803     -8.729147313895     13.891976031905     -0.963755402988     -0.266787412018
   804     -9.168122994851     14.790474975438     -0.438975680956      0.898498943533
   805     -9.818794645202     14.031115769639     -0.650671650350     -0.759359205798
   806     -9.615764071530     13.051943371052      0.203030573671     -0.979172398587
   807     -8.843440691712     12.416713808622      0.772323379818     -0.635229562431
   808     -9.797635943477     12.117529214251     -0.954195251765     -0.299184594371
   809    -10.688451470442     12.571894372376     -0.890815526965      0.454365158126
   810    -11.449353375784     13.220761300526     -0.760901905342      0.648866928150
   811    -11.493784112093     12.221748833301     -0.044430736309     -0.999012467225
   812    -10.567036837400     11.846063474459      0.926747274693     -0.375685358842
   813    -10.450693935959     12.839272580984      0.116342901440      0.993209106525
   814     -9.652997962757     12.236212771066      0.797695973202     -0.603059809917
   815     -8.717374745742     12.589213048379      0.935623217015      0.353000277312
   816     -9.675382394758     12.302470403439     -0.958007649016     -0.286742644940
   817     -9.201332651233     11.421972339463      0.474049743525     -0.880498063975
   818     -8.701958920716     10.555585660625      0.499373730518     -0.866386678839
   819     -8.377983179923     11.501651049156      0.323975740793      0.946065388532
   820     -7.695373240464     10.770868132996      0.682609939459     -0.730782916160
   821     -7.160569256394      9.925891980301      0.534803984069     -0.844976152695
   822     -6.254989369100      9.501716229310      0.905579887294     -0.424175750991
   823     -6.349101893378      8.506154662769     -0.094112524277     -0.995561566541
   824     -6.923502465293      7.687580302687     -0.574400571916     -0.818574360081
   825     -5.960078160931      7.419599688157      0.963424304362     -0.267980614530
   826     -5.459134807226      8.285079760937      0.500943353705      0.865480072780
   827     -4.515264801256      8.615396899200      0.943870005970      0.330317138262
   828     -5.132196992568      9.402413208639     -0.616932191312      0.787016309439
   829     -4.372805765134     10.053047486629      0.759391227434      0.650634277990
   830     -5.177519042645      9.459383826805     -0.804713277512     -0.593663659825
   831     -4.495604497207     10.190815677847      0.681914545438      0.731431851043
   832     -5.493830919613     10.131284092865     -0.998226422406     -0.059531584982
   833     -4.521184383436     10.363574246903      0.972646536177      0.232290154038
   834     -4.878240257127      9.429491218975     -0.357055873691     -0.934083027928
   835     -5.754119613323      9.912021376986     -0.875879356196      0.482530158011
   836     -5.887939022771     10.903027111407     -0.133819409448      0.991005734421
   837     -5.005347225275     11.373167217112      0.882591797496      0.470140105705
   838     -4.850549302101     12.361113371000      0.154797923173      0.987946153888
   839     -5.746632005972     12.805000505104     -0.896082703871      0.443887134104
   840     -5.732109329382     11.805105964733      0.014522676591     -0.999894540371
   841     -5.303813129551     12.708744368748      0.428296199831      0.903638404015
   842     -4.841990560324     13.595716698955      0.461822569227      0.886972330207
   843     -4.167568761117     14.334062984077      0.674421799207      0.738346285122
   844     -4.303010106827     15.324848350275     -0.135441345710      0.990785366198
   845     -5.295128239494     15.199542281653     -0.992118132667     -0.125306068622
   846     -5.110071381478     16.182270097124      0.185056858016      0.982727815471
   847     -5.237083594306     15.190368943887     -0.127012212828     -0.991901153237
   848     -6.052567921710     15.769148100180     -0.815484327404      0.578779156293
   849     -6.935997445164     15.300584041498     -0.883429523455     -0.468564058682
   850     -6.488595706366     14.406250946885      0.447401738798     -0.894333094613
   851     -7.480040697653     14.536776152314     -0.991444991287      0.130525205429
   852     -7.553385735653     15.534082777881     -0.073345038000      0.997306625567
   853     -7.833079382735     16.494172077781     -0.279693647082      0.960089299900
   854     -8.720890298478     16.033963670766     -0.887810915743     -0.460208407015
   855     -8.157255428414     16.859987722019      0.563634870064      0.826024051253
   856     -7.163428805907     16.749043391845      0.993826622506     -0.110944330174
   857     -6.257586328288     16.325428701660      0.905842477619     -0.423614690186
   858     -5.507031652158     15.664620349610      0.750554676130     -0.660808352050
   859     -5.003465438753     16.528576985510      0.503566213405      0.863956635901
   860     -5.381524606501     17.454358420667     -0.378059167749      0.925781435157
   861     -6.358614698670     17.667184527585     -0.977090092169      0.212826106917
   862     -7.339782890654     17.474029203976     -0.981168191984     -0.193155323609
   863     -6.794142469056     18.312048613248      0.545640421599      0.838019409273
   864     -7.578519139012     17.691763807995     -0.784376669956     -0.620284805254
   865     -8.332953413998     18.348139405291     -0.754434274986      0.656375597297
   866     -9.227248317253     18.795617478511     -0.894294903255      0.447478073220
   867     -8.495207375609     18.114356838405      0.732040941644     -0.681260640106
   868     -9.158202139912     17.365732805591     -0.662994764303     -0.748624032814
   869     -9.714582789396     18.196660343274     -0.556380649484      0.830927537683
   870    -10.636135954550     18.584912534245     -0.921553165154      0.388252190971
   871     -9.952921501741     19.315130317836      0.683214452810      0.730217783590
   872     -9.076691633102     19.797023684989      0.876229868638      0.481893367153
   873     -8.299733793345     20.426576316021      0.776957839757      0.629552631033
   874     -8.655286566069     21.361232523302     -0.355552772724      0.934656207281
   875     -9.102902912498     22.255458225466     -0.447616346429      0.894225702163
   876     -8.616841260191     23.129382747468      0.486061652306      0.873924522002
   877     -8.636873138462     24.129182089263     -0.020031878271      0.999799341795
   878     -7.637173393960     24.104678602939      0.999699744502     -0.024503486324
   879     -8.171553904327     23.259434573004     -0.534380510367     -0.845244029934
   880     -8.900276888839     22.574625977962     -0.728722984512     -0.684808595042
   881     -7.913562277626     22.412162825162      0.986714611213     -0.162463152800
   882     -8.909904470646     22.497615937495     -0.996342193020      0.085453112333
   883     -8.096465370281     21.915965845087      0.813439100365     -0.581650092408
   884     -7.318503052816     21.287654908843      0.777962317466     -0.628310936244
   885     -6.655407823920     22.036189956397      0.663095228896      0.748535047554
   886     -7.456073919443     21.437079112329     -0.800666095523     -0.599110844068
   887     -6.475088117010     21.242999604331      0.980985802433     -0.194079507998
   888     -5.733510025112     21.913866158584      0.741578091899      0.670866554254
   889     -4.733712082119     21.893764586808      0.999797942993     -0.020101571776
   890     -5.705197924549     21.656667016261     -0.971485842429     -0.237097570547
   891     -6.629798714549     21.275729515965     -0.924600790000     -0.380937500295
   892     -5.812812726090     21.852387035349      0.816985988459      0.576657519384
   893     -6.459355566046     21.089509354393     -0.646542839956     -0.762877680956
   894     -6.904167623556     21.985133289699     -0.444812057510      0.895623935306
   895     -7.456875271157     22.818508509083     -0.552707647601      0.833375219384
   896     -8.204714918789     23.482387911858     -0.747839647632      0.663879402775
   897     -7.714668048136     24.354083996835      0.490046870653      0.871696084976
   898     -8.702854659713     24.507339406853     -0.988186611577      0.153255410019
   899     -7.922509302499     25.132688208303      0.780345357214      0.625348801450
   900     -8.828855266008     24.710151825929     -0.906345963510     -0.422536382374
   901     -8.553850829548     23.748708868740      0.275004436460     -0.961442957188
   902     -9.497456864817     23.417638407653     -0.943606035269     -0.331070461087
   903    -10.083533211875     24.227894240967     -0.586076347057      0.810255833314
   904    -10.858545206815     24.859840763782     -0.775011994941      0.631946522815
   905    -10.177220009331     24.127859906605      0.681325197484     -0.731980857177
   906    -10.772149603662     23.324082090422     -0.594929594331     -0.803777816184
   907    -10.677322828774     22.328588302011      0.094826774888     -0.995493788411
   908    -11.665967260327     22.178314591873     -0.988644431553     -0.150273710138
   909    -11.287409002643     23.103892057858      0.378558257684      0.925577465985
   910    -12.271422855306     22.925800121577     -0.984013852663     -0.178091936281
   911    -13.003702044355     23.606804665825     -0.732279189049      0.681004544248
   912    -13.754998239628     24.266769836851     -0.751296195273      0.659965171026
   913    -13.091624135605     25.015057748094      0.663374104022      0.748287911243
   914    -13.611769030641     24.160979714090     -0.520144895036     -0.854078034004
   915    -12.982853005603     24.938452950575      0.628916025038      0.777473236485
   916    -13.960872982587     25.146964160397     -0.978019976984      0.208511209821
   917    -14.886561475322     24.768677477552     -0.925688492735     -0.378286682844
   918    -14.009648443614     24.288028400968      0.876913031708     -0.480649076584
   919    -14.693913048883     25.017262211194     -0.684264605269      0.729233810226
   920    -13.719591060220     24.792103017717      0.974321988663     -0.225159193477
   921    -12.723890666740     24.884735228228      0.995700393480      0.092632210511
   922    -13.712471631945     24.734044567491     -0.988580965205     -0.150690660738
   923    -13.029000294876     25.464021917416      0.683471337070      0.729977349925
   924    -12.669797280915     24.530762470766      0.359203013961     -0.933259446650
   925    -11.841965706143     23.969785747710      0.827831574772     -0.560976723056
   926    -11.311910196728     24.817748693208      0.530055509415      0.847962945498
   927    -11.357390892573     25.816713910974     -0.045480695846      0.998965217766
   928    -12.348182097392     25.681315283008     -0.990791204818     -0.135398627965
   929    -12.746963773293     24.764269387229     -0.398781675902     -0.917045895779
   930    -12.765226439659     23.764436163628     -0.018262666365     -0.999833223601
   931    -12.084759574410     24.497215015192      0.680466865248      0.732778851564
   932    -12.777428158595     23.775959004829     -0.692668584184     -0.721256010362
   933    -13.733083298689     23.481470884166     -0.955655140094     -0.294488120664
   934    -14.381979913503     22.720594295432     -0.648896614814     -0.760876588734
   935    -13.655727149846     22.033166536841      0.726252763657     -0.687427758591
   936    -14.425641137074     21.395018864065     -0.769913987228     -0.638147672777
   937    -13.460638095161     21.132780176801      0.965003041913     -0.262238687264
   938    -12.639430395631     20.562150774971      0.821207699530     -0.570629401830
   939    -11.709761553913     20.930547089746      0.929668841718      0.368396314775
   940    -11.374672137645     21.872733421161      0.335089416268      0.942186331415
   941    -10.776467356903     22.674076693609      0.598204780742      0.801343272448
   942    -10.843213812899     23.671846662395     -0.066746455995      0.997769968786
   943    -10.108874238408     22.993064378200      0.734339574491     -0.678782284195
   944    -11.052364556142     22.661664287159     -0.943490317734     -0.331400091041
   945    -11.624263290208     21.841340059811     -0.571898734065     -0.820324227348
   946    -10.627269199885     21.763862425219      0.996994090323     -0.077477634592
   947    -11.533848601324     22.185897718632     -0.906579401439      0.422035293413
   948    -12.525453471435     22.315202713015     -0.991604870111      0.129304994383
   949    -13.092367344035     21.491425643018     -0.566913872600     -0.823777069998
   950    -13.277096884252     22.474215039059     -0.184729540217      0.982789396041
   951    -12.282397398501     22.577039807702      0.994699485751      0.102824768643
   952    -11.990269778395     23.533419153762      0.292127620106      0.956379346061
   953    -12.984219857431     23.643251937508     -0.993950079036      0.109832783745
   954    -13.778056966203     24.251382387935     -0.793837108772      0.608130450427
   955    -13.417728042480     25.184207702090      0.360328923722      0.932825314155
   956    -12.420974867828     25.103689947396      0.996753174652     -0.080517754694
   957    -13.387956317521     24.848843177847     -0.966981449693     -0.254846769549
   958    -12.822880606085     25.673882231678      0.565075711436      0.825039053830
   959    -13.430108004549     26.468410322153     -0.607227398464      0.794528090475
   960    -13.606452877670     25.484081878124     -0.176344873121     -0.984328444029
   961    -13.373544785883     26.456580629167      0.232908091787      0.972498751043
   962    -12.488177228887     26.921472325177      0.885367556996      0.464891696010
   963    -12.552913996721     25.923569949746     -0.064736767834     -0.997902375431
   964    -11.570463584177     26.110093907702      0.982450412544      0.186523957955
   965    -10.804472735914     25.467242431560      0.765990848263     -0.642851476142
   966    -11.383604686596     26.282476253048     -0.579131950682      0.815233821488
   967    -10.575055601562     25.694047517270      0.808549085035     -0.588428735778
   968     -9.763578409617     26.278431609245      0.811477191945      0.584384091975
   969    -10.757159254619     26.391555896846     -0.993580845002      0.113124287601
   970    -10.333382821763     25.485789075332      0.423776432856     -0.905766821514
   971     -9.432081832482     25.918982481007      0.901300989281      0.433193405675
   972     -8.576242123324     25.401741345530      0.855839709157     -0.517241135477
   973     -8.030068021079     24.564069661613      0.546174102246     -0.837671683917
   974     -8.757314814524     23.877693597474     -0.727246793445     -0.686376064139
   975     -7.958381982488     23.276273336845      0.798932832036     -0.601420260628
   976     -8.204597075005     24.245488549384     -0.246215092518      0.969215212539
   977     -8.018545453063     23.262948578710      0.186051621943     -0.982539970674
   978     -7.112555026253     23.686246755564      0.905990426810      0.423298176855
   979     -6.899157916210     24.663212299187      0.213397110042      0.976965543623
   980     -6.771464137041     25.655025940332      0.127693779170      0.991813641145
   981     -7.423368583577     26.413327062965     -0.651904446536      0.758301122633
   982     -8.234925600312     26.997600294073     -0.811557016735      0.584273231108
   983     -9.088213975090     27.519039599714     -0.853288374778      0.521439305642
   984    -10.083766716608     27.613245432104     -0.995552741518      0.094205832390
   985    -10.323989504512     28.583963214042     -0.240222787905      0.970717781938
   986    -10.241365235217     29.580543983535      0.082624269295      0.996580769493
   987    -10.114354779702     28.588642605277      0.127010455515     -0.991901378258
   988     -9.144432187340     28.832056172745      0.969922592361      0.243413567467
   989     -9.384923226945     27.861404814187     -0.240491039605     -0.970651358558
   990     -8.456628220128     27.489560249459      0.928295006817     -0.371844564728
   991     -9.027724697551     26.668677301972     -0.571096477423     -0.820882947487
   992     -9.971503339278     26.338099209201     -0.943778641727     -0.330578092770
   993     -9.543151782118     27.241711373506      0.428351557160      0.903612164304
   994     -9.384205182137     26.254424192208      0.158946599981     -0.987287181297
   995     -8.466097843216     25.858092368832      0.918107338920     -0.396331823376
   996     -7.689484470466     25.228114853944      0.776613372750     -0.629977514889
   997     -8.011817028365     26.174741349515     -0.322332557899      0.946626495572
   998     -7.956992607196     25.176245339086      0.054824421169     -0.998496010429
   999     -7.168551114953     24.561135581961      0.788441492243     -0.615109757125
  1000     -6.682569668395     25.435104708190      0.485981446558      0.873969126229
