# File chua thong tin toa do tai lan chay thu 29
##########################################################################################
#  Step                   x                   y            delta_x            delta_y
     1      0.000000000000      0.000000000000      0.000000000000      0.000000000000
     2      0.677723384167     -0.735316948365      0.677723384167     -0.735316948365
     3      0.313618843542     -1.666675033903     -0.364104540625     -0.931358085538
     4      0.113321334163     -0.686939912691     -0.200297509379      0.979735121212
     5      0.501945077840      0.234456628354      0.388623743677      0.921396541045
     6      1.255348164897      0.892015590283      0.753403087058      0.657558961928
     7      2.093333232632      1.437708751549      0.837985067735      0.545693161267
     8      1.128791146859      1.701637841971     -0.964542085774      0.263929090422
     9      0.134905127320      1.812048802322     -0.993886019539      0.110410960351
    10      0.348258361482      2.789023928655      0.213353234162      0.976975126333
    11     -0.576568427924      2.408635430411     -0.924826789406     -0.380388498244
    12     -0.045471987501      1.561324052599      0.531096440423     -0.847311377812
    13     -0.666682596342      2.344967708519     -0.621210608841      0.783643655920
    14      0.122490982354      2.959137931413      0.789173578695      0.614170222894
    15      1.071542210161      3.274259760231      0.949051227807      0.315121828818
    16      2.054367438896      3.089720957368      0.982825228735     -0.184538802863
    17      2.080734131086      4.089373295705      0.026366692190      0.999652338337
    18      1.103447822218      3.877450030114     -0.977286308868     -0.211923265591
    19      1.650115270028      4.714799838440      0.546667447810      0.837349808327
    20      2.332195585314      5.446077106991      0.682080315286      0.731277268551
    21      2.441867335269      4.452109246715      0.109671749955     -0.993967860276
    22      2.962006895979      5.306190529372      0.520139560710      0.854081282657
    23      3.512876580685      4.471599257868      0.550869684706     -0.834591271504
    24      4.268755292509      5.126310929530      0.755878711824      0.654711671663
    25      3.278027405474      4.990449773015     -0.990727887036     -0.135861156515
    26      4.272229515317      4.882922265916      0.994202109843     -0.107527507099
    27      5.118879715409      5.415072093206      0.846650200092      0.532149827290
    28      4.306480144142      4.831970955662     -0.812399571267     -0.583101137544
    29      3.396574802555      4.417155009304     -0.909905341586     -0.414815946358
    30      4.017413511518      5.201093334336      0.620838708962      0.783938325032
    31      4.476171366245      6.089654660709      0.458757854727      0.888561326373
    32      5.465195964049      5.941903704913      0.989024597804     -0.147750955796
    33      6.378119310037      5.533772642202      0.912923345988     -0.408131062711
    34      7.225948316677      6.064042361780      0.847829006640      0.530269719577
    35      6.578755899030      6.826369046699     -0.647192417647      0.762326684919
    36      5.666350979996      7.235657775743     -0.912404919034      0.409288729044
    37      4.666355348072      7.232702080480     -0.999995631923     -0.002955695263
    38      4.889253368621      6.257860312583      0.222898020548     -0.974841767897
    39      3.952216290689      6.607090200452     -0.937037077932      0.349229887869
    40      3.526474791069      7.511935035494     -0.425741499620      0.904844835042
    41      2.561721831177      7.248777808005     -0.964752959892     -0.263157227489
    42      2.784754729682      6.273966889834      0.223032898505     -0.974810918170
    43      2.140374653271      5.509261510539     -0.644380076411     -0.764705379296
    44      1.514810293015      4.729088945539     -0.625564360256     -0.780172565000
    45      1.957573270653      3.832450252624      0.442762977638     -0.896638692915
    46      2.779187704763      3.262406638798      0.821614434109     -0.570043613825
    47      1.923162291714      2.745472898156     -0.856025413049     -0.516933740642
    48      2.063476089579      1.755365813984      0.140313797866     -0.990107084172
    49      1.896811244012      0.769352208980     -0.166664845567     -0.986013605004
    50      2.634927691961      0.094678873752      0.738116447949     -0.674673335228
    51      1.827217781325     -0.494901231289     -0.807709910636     -0.589580105041
    52      1.329062630480      0.372186679875     -0.498155150845      0.867087911164
    53      2.238015481040     -0.044712247275      0.908952850560     -0.416898927150
    54      1.255922855234      0.143686463807     -0.982092625806      0.188398711082
    55      2.255205704757      0.105821088475      0.999282849523     -0.037865375332
    56      2.889736680851      0.878718520465      0.634530976095      0.772897431990
    57      3.474367267620      1.690018142685      0.584630586769      0.811299622220
    58      3.211734951195      2.654914130017     -0.262632316425      0.964895987332
    59      2.262545185890      2.969618418899     -0.949189765305      0.314704288881
    60      1.779187823830      3.845041551185     -0.483357362061      0.875423132286
    61      2.338086573019      4.674277457399      0.558898749189      0.829235906214
    62      3.244917065300      5.095772959474      0.906830492281      0.421495502075
    63      3.985637110383      4.423959134957      0.740720045083     -0.671813824517
    64      4.768542100441      5.046100418382      0.782904990058      0.622141283425
    65      5.477229603743      5.751622935857      0.708687503301      0.705522517475
    66      5.561429821263      6.748071792231      0.084200217520      0.996448856374
    67      6.529923750336      6.997108956827      0.968493929072      0.249037164596
    68      6.173905512063      7.931587963556     -0.356018238273      0.934479006729
    69      6.979146207651      8.524536040683      0.805240695588      0.592948077127
    70      7.293825795887      7.575338086225      0.314679588236     -0.949197954458
    71      6.638909419954      6.819636729514     -0.654916375933     -0.755701356711
    72      5.657004657722      7.009012118379     -0.981904762231      0.189375388864
    73      6.422216846715      7.652790267913      0.765212188992      0.643778149534
    74      5.447653768319      7.428676889850     -0.974563078396     -0.224113378063
    75      4.732522372824      8.127666937832     -0.715131395495      0.698990047982
    76      4.992532408846      9.093272851840      0.260010036022      0.965605914008
    77      4.198521273237      9.701176064966     -0.794011135609      0.607903213126
    78      3.492511200277      8.992974273894     -0.706010072960     -0.708201791073
    79      3.642884837734      8.004345036435      0.150373637457     -0.988629237459
    80      3.995094208928      8.940266271819      0.352209371194      0.935921235384
    81      4.947818468202      9.244102553048      0.952724259274      0.303836281229
    82      3.958387532799      9.099097642551     -0.989430935403     -0.145004910497
    83      4.181972657813      8.124413236257      0.223585125014     -0.974684406294
    84      5.128530186934      8.446948263912      0.946557529121      0.322535027654
    85      5.825754858166      9.163800939031      0.697224671232      0.716852675119
    86      6.631431857979      8.571445832720      0.805676999813     -0.592355106311
    87      5.652190342384      8.774142784187     -0.979241515596      0.202696951467
    88      5.816809780016      9.760499940979      0.164619437632      0.986357156791
    89      6.651782282091     10.310791609803      0.834972502076      0.550291668824
    90      5.961104587871     11.033954331952     -0.690677694221      0.723162722149
    91      5.079562874528     11.506060472175     -0.881541713343      0.472106140223
    92      4.093335979325     11.671458510792     -0.986226895203      0.165398038617
    93      3.480801073058     10.881014971629     -0.612534906267     -0.790443539163
    94      4.161497772383     11.613580329483      0.680696699325      0.732565357854
    95      5.039590074622     11.135089045604      0.878092302239     -0.478491283879
    96      4.928226101152     12.128868732161     -0.111363973470      0.993779686557
    97      4.404605453070     11.276917197799     -0.523620648083     -0.851951534362
    98      5.350021372339     10.951051060264      0.945415919269     -0.325866137535
    99      4.846270656360     11.814900130502     -0.503750715980      0.863849070237
   100      5.489776256701     12.580341534092      0.643505600341      0.765441403590
   101      5.466385186072     11.580615142615     -0.023391070628     -0.999726391477
   102      4.477692039487     11.730568008191     -0.988693146586      0.149952865576
   103      5.434347960171     11.439347388353      0.956655920685     -0.291220619838
   104      6.432561052577     11.379592705274      0.998213092406     -0.059754683079
   105      5.786277566240     10.616495296493     -0.646283486337     -0.763097408781
   106      6.153025435090     11.546815671791      0.366747868850      0.930320375298
   107      6.484724979614     12.490200753378      0.331699544524      0.943385081588
   108      5.934159735703     13.324992890499     -0.550565243911      0.834792137120
   109      4.939183718829     13.224879325756     -0.994976016874     -0.100113564743
   110      5.890228385297     13.533932787770      0.951044666468      0.309053462014
   111      6.166205301033     14.495097051557      0.275976915736      0.961164263787
   112      6.682882535973     15.351277309969      0.516677234940      0.856180258412
   113      7.130484897544     14.457044607640      0.447602361572     -0.894232702330
   114      7.991395340756     14.965801139558      0.860910443212      0.508756531918
   115      8.257761912882     15.929672940812      0.266366572126      0.963871801254
   116      7.984840162969     16.891709176317     -0.272921749913      0.962036235505
   117      7.934307706749     17.890431595645     -0.050532456220      0.998722419328
   118      6.991578677482     17.556872039677     -0.942729029267     -0.333559555968
   119      6.602292366843     16.635755234734     -0.389286310639     -0.921116804943
   120      7.532985197906     16.269953575076      0.930692831063     -0.365801659658
   121      6.837489665101     16.988483994647     -0.695495532805      0.718530419571
   122      5.840037176120     16.917150046027     -0.997452488981     -0.071333948619
   123      5.981964345383     15.927272943239      0.141927169263     -0.989877102789
   124      4.983097867515     15.879672949626     -0.998866477868     -0.047599993613
   125      5.110098662084     16.871575564896      0.127000794569      0.991902615270
   126      4.292477052793     16.295819623528     -0.817621609291     -0.575755941368
   127      3.827606701941     17.181198388181     -0.464870350852      0.885378764653
   128      4.525378280696     16.464878052101      0.697771578755     -0.716320336080
   129      3.605687032142     16.072235711882     -0.919691248554     -0.392642340219
   130      3.763628078108     15.084787168413      0.157941045966     -0.987448543469
   131      4.704986531857     15.422195321183      0.941358453749      0.337408152770
   132      4.395497110978     14.471292435309     -0.309489420879     -0.950902885874
   133      3.768712060855     13.692100224784     -0.626785050123     -0.779192210525
   134      4.455191723268     14.419249228148      0.686479662413      0.727149003364
   135      5.358863050214     13.991022497483      0.903671326946     -0.428226730665
   136      4.462044820901     14.433421710379     -0.896818229313      0.442399212896
   137      5.429290421753     14.179579342694      0.967245600852     -0.253842367685
   138      4.701464075224     14.865340824040     -0.727826346529      0.685761481346
   139      4.717089656516     15.865218737192      0.015625581292      0.999877913152
   140      5.681831625954     15.602021221236      0.964741969438     -0.263197515957
   141      5.416964446240     14.637736316702     -0.264867179713     -0.964284904533
   142      6.331226555152     14.232613130240      0.914262108911     -0.405123186462
   143      6.079199292389     13.264892995684     -0.252027262763     -0.967720134556
   144      6.999718404142     12.874195459349      0.920519111752     -0.390697536335
   145      7.954176977600     12.575851980200      0.954458573459     -0.298343479150
   146      8.926870555124     12.343758886283      0.972693577524     -0.232093093917
   147      9.274543320958     11.406142947906      0.347672765834     -0.937615938376
   148      8.800463215359     10.525661231188     -0.474080105600     -0.880481716718
   149      9.794456377082     10.416219034355      0.993993161723     -0.109442196833
   150      9.223410964315      9.595300563033     -0.571045412767     -0.820918471322
   151      8.391446572570     10.150129591535     -0.831964391745      0.554829028502
   152      9.338624646091      9.829421473394      0.947178073521     -0.320708118141
   153      9.721514303588      8.905627389097      0.382889657496     -0.923794084297
   154      8.985482824240      9.582574699757     -0.736031479348      0.676947310660
   155      8.336016680288     10.342965209863     -0.649466143952      0.760390510106
   156      9.060300878694     11.032466768918      0.724284198406      0.689501559055
   157      9.523676788926     11.918628585866      0.463375910233      0.886161816948
   158      9.833343273894     10.967783347098      0.309666484967     -0.950845238768
   159      9.536595582969     11.922739266463     -0.296747690925      0.954955919365
   160      9.414962466332     12.915314394571     -0.121633116637      0.992575128107
   161      8.641837761301     12.281060352036     -0.773124705030     -0.634254042535
   162      9.200512457390     13.110447224340      0.558674696089      0.829386872304
   163     10.017707446239     13.686808526130      0.817194988849      0.576361301790
   164     10.821229327029     14.282083745748      0.803521880790      0.595275219618
   165     10.359809312871     13.394901932062     -0.461420014158     -0.887181813685
   166     10.452436231011     14.390602817889      0.092626918140      0.995700885827
   167     10.551289528444     13.395500800211      0.098853297433     -0.995102017678
   168     10.961903482341     12.483691510466      0.410613953897     -0.911809289745
   169     11.961511627066     12.511683598644      0.999608144724      0.027992088178
   170     11.070371959881     12.965412695760     -0.891139667185      0.453729097116
   171     11.956517383612     13.428819955091      0.886145423731      0.463407259331
   172     12.145661794122     14.410769236863      0.189144410510      0.981949281772
   173     12.468386207459     13.464276261170      0.322724413337     -0.946492975693
   174     11.522547444193     13.788913033429     -0.945838763266      0.324636772259
   175     12.385100537568     13.282946472174      0.862553093376     -0.505966561255
   176     11.714472059133     12.541153075122     -0.670628478436     -0.741793397053
   177     12.536574831109     11.971813956222      0.822102771976     -0.569339118899
   178     12.451692167236     12.968204910303     -0.084882663873      0.996390954081
   179     13.440324062063     12.817848744712      0.988631894827     -0.150356165591
   180     12.447899979525     12.694989311213     -0.992424082537     -0.122859433499
   181     12.237481866399     13.672600797269     -0.210418113126      0.977611486056
   182     13.076145087224     13.127950448847      0.838663220824     -0.544650348422
   183     12.305637185432     13.765380894680     -0.770507901792      0.637430445834
   184     12.923967874840     12.979462859173      0.618330689408     -0.785918035508
   185     12.214493403799     13.684193995807     -0.709474471040      0.704731136634
   186     13.198182692271     13.504317972539      0.983689288471     -0.179876023268
   187     12.326770099069     13.013767167413     -0.871412593201     -0.490550805126
   188     13.312100196708     12.843107861523      0.985330097639     -0.170659305891
   189     13.014491237896     11.888420002778     -0.297608958813     -0.954687858745
   190     12.446521218140     12.711469245934     -0.567970019755      0.823049243156
   191     11.459193164740     12.870161762986     -0.987328053400      0.158692517052
   192     10.923941860591     13.714854631079     -0.535251304149      0.844692868093
   193     11.782660784387     14.227301516048      0.858718923796      0.512446884969
   194     12.064200244178     15.186851166968      0.281539459790      0.959549650920
   195     12.640069703676     14.369309507102      0.575869459498     -0.817541659866
   196     12.420031693159     13.393818208356     -0.220038010517     -0.975491298745
   197     13.259692356050     12.850706828258      0.839660662892     -0.543111380098
   198     14.118120030065     12.337772204270      0.858427674014     -0.512934623988
   199     14.087976483924     13.337317784334     -0.030143546141      0.999545580064
   200     13.365511367050     14.028725156945     -0.722465116874      0.691407372611
   201     13.508220433180     15.018489837282      0.142709066130      0.989764680338
   202     13.529256137817     16.018268562366      0.021035704637      0.999778725084
   203     14.103242764113     16.837133235455      0.573986626296      0.818864673089
   204     13.646889197609     17.726931764527     -0.456353566504      0.889798529072
   205     14.629605790818     17.541815321628      0.982716593209     -0.185116442899
   206     14.358786418797     16.579185139399     -0.270819372020     -0.962630182229
   207     13.981862909473     17.505429528380     -0.376923509324      0.926244388981
   208     13.226811129935     18.161094694617     -0.755051779538      0.655665166237
   209     14.192087978795     17.899865666645      0.965276848860     -0.261229027972
   210     15.170373275812     18.107128489266      0.978285297017      0.207262822621
   211     16.043956124795     17.620453026597      0.873582848983     -0.486675462668
   212     16.985045134046     17.282294074822      0.941089009252     -0.338158951775
   213     16.319187552837     18.028372945684     -0.665857581210      0.746078870861
   214     15.349459471389     17.784185624039     -0.969728081447     -0.244187321645
   215     14.867776317169     16.907840179057     -0.481683154220     -0.876345444982
   216     13.907387918368     16.629175284517     -0.960388398801     -0.278664894540
   217     13.154337271764     15.971212729618     -0.753050646604     -0.657962554900
   218     12.782882379478     16.899663731554     -0.371454892287      0.928451001936
   219     11.808542503985     17.124745510082     -0.974339875492      0.225081778528
   220     12.767358960833     16.840719099200      0.958816456847     -0.284026410882
   221     12.167212629740     17.640609329966     -0.600146331093      0.799890230766
   222     13.115527740699     17.957939521291      0.948315110959      0.317330191325
   223     12.567928164856     18.794680045311     -0.547599575843      0.836740524020
   224     12.048228238047     19.649028912036     -0.519699926809      0.854348866725
   225     12.602973881149     18.817008917409      0.554745643103     -0.832019994627
   226     13.135545967228     17.970624268960      0.532572086079     -0.846384648449
   227     13.621741743464     17.096774357837      0.486195776236     -0.873849911123
   228     12.892983009828     17.781544909298     -0.728758733636      0.684770551461
   229     13.450307043735     18.611839990115      0.557324033908      0.830295080817
   230     12.994341296265     19.501837314343     -0.455965747471      0.889997324228
   231     12.155141547551     18.958014014218     -0.839199748713     -0.543823300125
   232     11.509702481688     18.194202249280     -0.645439065864     -0.763811764938
   233     12.160635247732     18.953337635157      0.650932766044      0.759135385876
   234     11.877292877106     17.994318813127     -0.283342370626     -0.959018822030
   235     11.919388481432     16.995205225942      0.042095604326     -0.999113587184
   236     12.712887116425     16.386633195478      0.793498634993     -0.608572030465
   237     11.990894871027     17.078534342741     -0.721992245398      0.691901147263
   238     11.208606661853     16.455617688775     -0.782288209174     -0.622916653966
   239     10.228396987463     16.653579791796     -0.980209674390      0.197962103021
   240      9.776103807560     17.545449109248     -0.452293179904      0.891869317452
   241      9.448856189256     16.600510488853     -0.327247618304     -0.944938620395
   242      9.816521190452     17.530468792701      0.367665001196      0.929958303848
   243      8.841120198311     17.310030809289     -0.975400992141     -0.220437983412
   244      8.222005131512     16.524730526555     -0.619115066798     -0.785300282735
   245      9.220705602380     16.575694920870      0.998700470868      0.050964394316
   246      9.474374551310     15.608403824897      0.253668948929     -0.967291095973
   247      9.969332006825     16.477321034549      0.494957455515      0.868917209652
   248      9.290386776354     17.211509957116     -0.678945230471      0.734188922567
   249      9.931180335662     17.979223194171      0.640793559308      0.767713237055
   250      9.325660742396     17.183392796303     -0.605519593266     -0.795830397868
   251      9.745275043605     16.275690290952      0.419614301209     -0.907702505351
   252     10.602317597053     15.760444658675      0.857042553448     -0.515245632276
   253     11.483524360738     16.233175702332      0.881206763685      0.472731043657
   254     10.956053353734     17.082748734372     -0.527471007004      0.849573032040
   255     10.177488803269     17.710313265524     -0.778564550465      0.627564531152
   256      9.936454498786     16.739796669034     -0.241034304482     -0.970516596490
   257     10.424023656310     15.866712299324      0.487569157524     -0.873084369710
   258      9.714066393052     16.570957060999     -0.709957263259      0.704244761675
   259      9.112278004657     15.772301480919     -0.601788388395     -0.798655580080
   260     10.092210302381     15.572970871434      0.979932297724     -0.199330609485
   261     10.854468520924     14.925697816021      0.762258218543     -0.647273055413
   262     10.200737225154     14.168971053622     -0.653731295770     -0.756726762399
   263     10.278188555230     15.165967187752      0.077451330077      0.996996134130
   264      9.525516868080     14.507571158480     -0.752671687151     -0.658396029272
   265      8.727145807864     15.109736958082     -0.798371060215      0.602165799602
   266      7.910207333097     15.686461787134     -0.816938474767      0.576724829052
   267      8.587061363805     16.422579047571      0.676854030708      0.736117260438
   268      7.598248695261     16.571741732337     -0.988812668544      0.149162684765
   269      7.883886113803     17.530079493843      0.285637418542      0.958337761506
   270      8.242112282567     16.596444655155      0.358226168764     -0.933634838688
   271      7.858007154005     17.519734019445     -0.384105128562      0.923289364291
   272      8.518216528241     18.270815627641      0.660209374236      0.751081608196
   273      7.623496469132     17.824188248468     -0.894720059109     -0.446627379174
   274      6.761262209122     17.317678543856     -0.862234260010     -0.506509704611
   275      7.625405570698     16.814432827883      0.864143361575     -0.503245715973
   276      8.215059075027     17.622089156300      0.589653504329      0.807656328417
   277      7.389143289987     17.058295651530     -0.825915785040     -0.563793504770
   278      6.728575525183     16.307529224402     -0.660567764804     -0.750766427128
   279      7.440023284104     17.010268213164      0.711447758921      0.702738988762
   280      6.797932972207     17.776897218204     -0.642090311897      0.766629005040
   281      5.865851900337     17.414647476365     -0.932081071870     -0.362249741839
   282      6.671088847474     18.007600643965      0.805236947136      0.592953167600
   283      6.701252795251     17.008055679366      0.030163947777     -0.999544964599
   284      5.774112378847     17.382769768067     -0.927140416404      0.374714088701
   285      5.093538259363     16.650090528639     -0.680574119484     -0.732679239428
   286      5.822822243161     17.334301659048      0.729283983799      0.684211130408
   287      6.490596731780     16.589938016498      0.667774488619     -0.744363642550
   288      6.986583225419     15.721607780857      0.495986493639     -0.868330235641
   289      6.236501279184     16.382952678723     -0.750081946235      0.661344897866
   290      5.748095494475     15.510336044992     -0.488405784709     -0.872616633730
   291      6.620663449031     15.021843297162      0.872567954556     -0.488492747830
   292      5.893607174428     14.335265425715     -0.727056274603     -0.686577871447
   293      5.681706660708     13.357974183411     -0.211900513720     -0.977291242305
   294      6.623339184791     13.021331658484      0.941632524083     -0.336642524926
   295      5.769512107661     12.500774915795     -0.853827077130     -0.520556742690
   296      5.404654239064     13.431838144433     -0.364857868597      0.931063228639
   297      6.395283660165     13.568415412122      0.990629421101      0.136577267689
   298      7.092582217854     12.851634607799      0.697298557689     -0.716780804322
   299      8.027390558926     12.496482013182      0.934808341071     -0.355152594617
   300      8.551125202372     11.644600552383      0.523734643446     -0.851881460800
   301      9.545050696945     11.534545515076      0.993925494574     -0.110055037306
   302      8.609024821798     11.182614327124     -0.936025875148     -0.351931187953
   303      9.386156967876     11.811951778363      0.777132146078      0.629337451239
   304     10.290324346442     11.384773418032      0.904167378567     -0.427178360331
   305      9.535238998288     12.040399925276     -0.755085348155      0.655626507245
   306      9.749098872956     13.017264273078      0.213859874668      0.976864347802
   307     10.189138300163     13.915242726329      0.440039427207      0.897978453251
   308     11.038816846904     14.442543747766      0.849678546741      0.527301021437
   309     10.093995095948     14.770128635882     -0.944821750955      0.327584888115
   310     10.999122778208     15.195268470298      0.905127682260      0.425139834416
   311     11.845153834679     15.728402085338      0.846031056471      0.533133615040
   312     12.281200041900     14.828477807875      0.436046207221     -0.899924277464
   313     11.599958877960     15.560536874176     -0.681241163940      0.732059066301
   314     12.059038276343     16.448932116160      0.459079398383      0.888395241984
   315     12.371753207622     15.499085090711      0.312714931280     -0.949847025449
   316     13.360839676640     15.646421294025      0.989086469017      0.147336203314
   317     12.361367224759     15.613943333304     -0.999472451880     -0.032477960721
   318     13.316066087741     15.911516989769      0.954698862981      0.297573656465
   319     12.510518716858     15.318985612318     -0.805547370883     -0.592531377450
   320     13.464311875940     15.619449602984      0.953793159083      0.300463990666
   321     13.820886917722     14.685182917515      0.356575041782     -0.934266685470
   322     13.056484258695     14.040443764933     -0.764402659027     -0.644739152582
   323     12.235319337556     14.611134725341     -0.821164921139      0.570690960408
   324     11.458221282406     13.981755179532     -0.777098055150     -0.629379545809
   325     11.856320930739     13.064413002371      0.398099648333     -0.917342177160
   326     12.004812806499     12.075499374781      0.148491875760     -0.988913627590
   327     12.512105239692     11.213725397902      0.507292433192     -0.861773976879
   328     11.727599903810     10.593603330908     -0.784505335881     -0.620122066995
   329     11.046423690889      9.861483827718     -0.681176212921     -0.732119503189
   330     10.092519292427     10.161594471639     -0.953904398462      0.300110643920
   331     10.970963414872     10.639439555052      0.878444122445      0.477845083413
   332     10.205517388905     11.282939657096     -0.765446025967      0.643500102044
   333     10.928347313600     11.973965633427      0.722829924695      0.691025976331
   334     11.582328325053     11.217454670745      0.653981011453     -0.756510962683
   335     10.596999242393     11.388119836680     -0.985329082660      0.170665165935
   336     11.582291669276     11.217243174941      0.985292426883     -0.170876661739
   337     10.902561969047     11.950705876533     -0.679729700229      0.733462701592
   338     10.454027486859     11.056940348955     -0.448534482189     -0.893765527579
   339      9.554900813844     10.619251845709     -0.899126673015     -0.437688503246
   340     10.481675295884     10.243633609411      0.926774482040     -0.375618236298
   341      9.619538798251     10.750309698692     -0.862136497633      0.506676089281
   342     10.319685571921     10.036310752390      0.700146773670     -0.713998946301
   343      9.478448916081      9.495643674725     -0.841236655840     -0.540667077666
   344      9.499825786772     10.495415163316      0.021376870691      0.999771488591
   345     10.128243951004     11.273290867309      0.628418164232      0.777875703993
   346     10.893681303909     11.916801285856      0.765437352905      0.643510418547
   347     11.414217736082     11.062961826249      0.520536432173     -0.853839459606
   348     10.793181685780     10.279179825802     -0.621036050302     -0.783782000447
   349     10.341002313599      9.387252802232     -0.452179372181     -0.891927023570
   350      9.926946424497      8.477001342085     -0.414055889102     -0.910251460147
   351      9.071827130046      8.995432622253     -0.855119294452      0.518431280168
   352      8.830276460612      8.025044414320     -0.241550669434     -0.970388207933
   353      9.599078670708      8.664531053548      0.768802210096      0.639486639229
   354      9.165869858090      7.763237469487     -0.433208812617     -0.901293584062
   355      9.146618316681      6.763422797583     -0.019251541410     -0.999814671903
   356      8.348549153402      6.160856941744     -0.798069163279     -0.602565855839
   357      7.647971457829      6.874433071156     -0.700577695573      0.713576129412
   358      7.391893786115      5.907776862336     -0.256077671714     -0.966656208820
   359      7.894610495639      5.043325643374      0.502716709524     -0.864451218963
   360      8.154880743010      6.008861452307      0.260270247372      0.965535808934
   361      8.591734180746      5.109328754770      0.436853437735     -0.899532697537
   362      9.434741465519      4.571426609562      0.843007284773     -0.537902145208
   363      9.245602301253      3.589476317266     -0.189139164266     -0.981950292296
   364      8.273176647736      3.822689413771     -0.972425653517      0.233213096505
   365      7.350489172900      3.437140683024     -0.922687474836     -0.385548730747
   366      6.471798137412      2.959749790616     -0.878691035487     -0.477390892408
   367      5.473958745626      3.025450233529     -0.997839391787      0.065700442913
   368      4.633391765919      3.567157860046     -0.840566979707      0.541707626517
   369      3.862611888377      4.204259406408     -0.770779877542      0.637101546362
   370      4.767230754035      3.778037975816      0.904618865658     -0.426221430592
   371      4.813753151903      2.779120728745      0.046522397868     -0.998917247071
   372      5.697555607210      3.246980985653      0.883802455307      0.467860256908
   373      6.348165539428      2.487568899826      0.650609932218     -0.759412085826
   374      7.211527796677      1.982984305573      0.863362257249     -0.504584594253
   375      6.604534653875      2.777691373990     -0.606993142801      0.794707068417
   376      5.965423266800      3.546805562463     -0.639111387076      0.769114188473
   377      6.863205722536      3.106366392801      0.897782455736     -0.440439169662
   378      7.568769070154      3.815013245964      0.705563347618      0.708646853163
   379      8.203705651603      4.587577507070      0.634936581449      0.772564261106
   380      7.906299052337      3.632826589441     -0.297406599266     -0.954750917629
   381      6.920250768299      3.799286138722     -0.986048284037      0.166459549281
   382      6.114206008651      4.391140720053     -0.806044759649      0.591854581331
   383      5.826507768599      5.348861829078     -0.287698240051      0.957721109025
   384      4.886894265233      5.691099267549     -0.939613503367      0.342237438471
   385      4.823682850229      6.689099426373     -0.063211415004      0.998000158824
   386      3.943669319793      7.164048040698     -0.880013530436      0.474948614325
   387      2.964479488399      7.366994521564     -0.979189831393      0.202946480866
   388      3.702183964837      8.042118292027      0.737704476438      0.675123770463
   389      4.527040882040      7.476776743809      0.824856917203     -0.565341548218
   390      5.031605275450      8.340150806949      0.504564393410      0.863374063140
   391      5.539247236379      7.478582678764      0.507641960929     -0.861568128185
   392      5.097780586168      6.581305020091     -0.441466650210     -0.897277658672
   393      5.977994389852      7.055882368693      0.880213803683      0.474577348602
   394      6.752306450284      7.688686313900      0.774312060432      0.632803945206
   395      6.919789784507      6.702811406643      0.167483334223     -0.985874907256
   396      7.276349654962      5.768538930980      0.356559870455     -0.934272475663
   397      8.223169504130      5.446774773216      0.946819849168     -0.321764157764
   398      8.735642296515      6.305478236040      0.512472792385      0.858703462824
   399      8.156035370299      5.490582039532     -0.579606926216     -0.814896196507
   400      8.903440917366      4.826213957659      0.747405547068     -0.664368081874
   401      9.134717369530      5.799102030704      0.231276452164      0.972888073046
   402      9.962586080314      5.238180113049      0.827868710784     -0.560921917655
   403      9.266177852629      5.955825973076     -0.696408227685      0.717645860026
   404      9.872310383447      5.160462310916      0.606132530819     -0.795363662159
   405     10.486030497244      5.949985978656      0.613720113797      0.789523667740
   406     10.947606897751      5.062885518451      0.461576400506     -0.887100460205
   407     10.402556102804      4.224482494287     -0.545050794946     -0.838403024165
   408     10.968972751702      5.048601526861      0.566416648898      0.824119032574
   409     10.278701474787      4.325050862246     -0.690271276916     -0.723550664615
   410     10.686526545690      3.411990781231      0.407825070903     -0.913060081015
   411     11.533398768098      2.880194355036      0.846872222408     -0.531796426195
   412     11.332909381012      1.900498480968     -0.200489387086     -0.979695874068
   413     10.699107445985      2.673993863731     -0.633801935027      0.773495382763
   414      9.943460841684      2.019014314883     -0.755646604300     -0.654979548848
   415     10.937645330217      1.911324005381      0.994184488533     -0.107690309503
   416     11.937607962772      1.902679151789      0.999962632555     -0.008644853592
   417     11.411263233939      1.052407885410     -0.526344728833     -0.850271266379
   418     10.432651281417      0.846692921489     -0.978611952522     -0.205714963921
   419     11.209173145338      0.216602614587      0.776521863921     -0.630090306903
   420     10.742303477004     -0.667723520270     -0.466869668334     -0.884326134856
   421      9.977782190808     -1.312322002235     -0.764521286197     -0.644598481966
   422     10.039981384822     -2.310385757846      0.062199194014     -0.998063755611
   423     10.554504824060     -3.167862072664      0.514523439238     -0.857476314818
   424     11.350513539349     -3.773147232886      0.796008715289     -0.605285160221
   425     11.516095280609     -2.786951163658      0.165581741260      0.986196069228
   426     12.222192951272     -2.078836709995      0.706097670662      0.708114453662
   427     11.278993691243     -1.746609143587     -0.943199260028      0.332227566409
   428     12.275193060383     -1.659506807656      0.996199369140      0.087102335931
   429     12.172432837886     -0.664800651712     -0.102760222498      0.994706155944
   430     11.670933307388     -1.529958568459     -0.501499530497     -0.865157916747
   431     10.833397290545     -0.983576448977     -0.837536016843      0.546382119483
   432     10.028443999594     -0.390238265992     -0.804953290951      0.593338182985
   433     10.698500569384      0.352071772524      0.670056569790      0.742310038516
   434     10.795494255386     -0.643213224287      0.096993686001     -0.995284996810
   435     11.774078272122     -0.849061037460      0.978584016736     -0.205847813173
   436     12.074448328118     -1.802883782764      0.300370055996     -0.953822745305
   437     12.530550332173     -2.692811286495      0.456102004055     -0.889927503731
   438     13.523114170843     -2.571086078891      0.992563838669      0.121725207604
   439     12.657610521812     -2.070183460097     -0.865503649031      0.500902618794
   440     11.756773321948     -1.636026415536     -0.900837199864      0.434157044561
   441     10.965293168007     -2.247221282921     -0.791480153941     -0.611194867385
   442     11.589416318311     -3.028547266909      0.624123150304     -0.781325983988
   443     11.386811791353     -2.049286624559     -0.202604526958      0.979260642350
   444     12.278457377283     -2.502020706654      0.891645585930     -0.452734082096
   445     11.805871564508     -1.620736048009     -0.472585812775      0.881284658646
   446     11.694081548029     -0.627004196745     -0.111790016479      0.993731851264
   447     12.582005357483     -0.167013644010      0.887923809454      0.459990552735
   448     12.122258990561     -1.055063911789     -0.459746366922     -0.888050267779
   449     11.947150056173     -0.070514846939     -0.175108934388      0.984549064850
   450     12.178950383451      0.902248540671      0.231800327279      0.972763387609
   451     11.514950393551      0.154515959187     -0.663999989900     -0.747732581484
   452     10.796169882283     -0.540721105864     -0.718780511268     -0.695237065051
   453     10.936177466135      0.449429325365      0.140007583852      0.990150431229
   454     10.445467803649      1.320752472735     -0.490709662486      0.871323147370
   455     11.076667771664      0.545132333506      0.631199968015     -0.775620139229
   456     11.760803639508     -0.184222254009      0.684135867844     -0.729354587515
   457     12.316176815909      0.647378993546      0.555373176401      0.831601247555
   458     12.918595780879      1.445559042560      0.602418964970      0.798180049014
   459     11.926921924824      1.574333897315     -0.991673856055      0.128774854755
   460     10.982367768452      1.902689566795     -0.944554156372      0.328355669480
   461     10.975286541533      2.902664494593     -0.007081226919      0.999974927798
   462     10.228340244222      2.237780121989     -0.746946297311     -0.664884372605
   463     11.224286209607      2.327733632393      0.995945965385      0.089953510405
   464     10.661981791639      1.500803320012     -0.562304417968     -0.826930312381
   465     10.414560303234      0.531895374398     -0.247421488405     -0.968907945615
   466     11.272361664928      0.017914028554      0.857801361694     -0.513981345844
   467     10.716137769203     -0.813118448444     -0.556223895725     -0.831032476997
   468     10.687406385479     -1.812705617023     -0.028731383724     -0.999587168580
   469     11.655377304543     -2.063767959572      0.967970919064     -0.251062342549
   470     11.006148595578     -2.824361203991     -0.649228708965     -0.760593244418
   471     11.734589849905     -3.509469472072      0.728441254327     -0.685108268082
   472     10.999242572454     -4.187159948282     -0.735347277451     -0.677690476210
   473     10.458382894393     -5.028272787708     -0.540859678062     -0.841112839426
   474     10.999506197400     -5.869216050326      0.541123303008     -0.840943262617
   475     10.382892355877     -5.081950294407     -0.616613841523      0.787265755918
   476     10.299295249865     -4.085450658749     -0.083597106012      0.996499635658
   477     11.276948114956     -3.875224886351      0.977652865091      0.210225772398
   478     12.150633797260     -3.388734055466      0.873685682305      0.486490830885
   479     11.163707369877     -3.549905476419     -0.986926427384     -0.161171420953
   480     10.950866874555     -2.572818518390     -0.212840495322      0.977086958029
   481     10.029158058819     -2.960701050860     -0.921708815735     -0.387882532470
   482      9.153468620259     -2.477826318456     -0.875689438560      0.482874732404
   483      9.825144558429     -3.218671399484      0.671675938171     -0.740845081028
   484      8.938684598002     -3.681476691760     -0.886459960428     -0.462805292276
   485      8.163837269496     -4.313625105907     -0.774847328505     -0.632148414147
   486      9.144595169768     -4.508853026692      0.980757900272     -0.195227920785
   487      8.551962339715     -3.703380290504     -0.592632830054      0.805472736188
   488      7.699714461851     -3.180242111169     -0.852247877863      0.523138179335
   489      6.845178021008     -2.660850667968     -0.854536440843      0.519391443201
   490      7.613333975095     -2.020587885823      0.768155954087      0.640262782145
   491      8.203925468419     -2.827558571792      0.590591493324     -0.806970685969
   492      8.720668431928     -1.971417981897      0.516742963509      0.856140589894
   493      8.203131363029     -1.115757194952     -0.517537068899      0.855660786945
   494      8.741502515174     -0.273049355581      0.538371152145      0.842707839371
   495      7.907272208317      0.278366816761     -0.834230306858      0.551416172342
   496      8.907189611133      0.265514286062      0.999917402816     -0.012852530699
   497      8.109880854669     -0.338057372373     -0.797308756464     -0.603571658435
   498      8.674704619301      0.487154185294      0.564823764632      0.825211557667
   499      9.406527156418      1.168649434116      0.731822537118      0.681495248822
   500      8.429527795811      0.955407202432     -0.976999360607     -0.213242231683
   501      7.545707820280      0.487580043267     -0.883819975531     -0.467827159165
   502      6.930704663302      1.276104688986     -0.615003156979      0.788524645719
   503      7.660502410814      1.959767798804      0.729797747512      0.683663109818
   504      8.490201937113      2.517978060318      0.829699526299      0.558210261514
   505      8.566170823587      1.520867871679      0.075968886474     -0.997110188639
   506      8.141603628580      0.615471440869     -0.424567195007     -0.905396430810
   507      7.424139052592      1.312066432382     -0.717464575988      0.696594991514
   508      6.773848609073      0.552380747992     -0.650290443519     -0.759685684391
   509      7.251238371033      1.431072397648      0.477389761960      0.878691649656
   510      8.170840116834      1.038220480102      0.919601745801     -0.392851917546
   511      7.171176966061      1.012266964236     -0.999663150773     -0.025953515867
   512      6.837118691145      0.069714541842     -0.334058274916     -0.942552422394
   513      6.907271992881     -0.927821680185      0.070153301736     -0.997536222027
   514      7.419248459381     -1.786821155010      0.511976466499     -0.858999474826
   515      8.266294235293     -2.318341101494      0.847045775912     -0.531519946483
   516      7.339986640818     -2.695109253569     -0.926307594475     -0.376768152076
   517      6.986290995936     -1.759748686306     -0.353695644882      0.935360567264
   518      6.020647307590     -1.499878974416     -0.965643688346      0.259869711890
   519      5.750848726010     -2.462795754505     -0.269798581580     -0.962916780089
   520      5.032794954079     -3.158783384147     -0.718053771931     -0.695987629643
   521      5.339802585209     -2.207076331306      0.307007631130      0.951707052841
   522      5.849853081532     -1.346931871811      0.510050496324      0.860144459495
   523      5.002554597990     -0.815814860422     -0.847298483543      0.531117011389
   524      5.175987303508     -1.800660582684      0.173432705518     -0.984845722261
   525      6.156020588738     -1.601827084899      0.980033285230      0.198833497785
   526      7.107578515488     -1.294357554640      0.951557926751      0.307469530259
   527      8.087026518976     -1.496054377779      0.979448003487     -0.201696823139
   528      9.085497798401     -1.551327374467      0.998471279425     -0.055272996688
   529      8.165030965216     -1.942148060981     -0.920466833185     -0.390820686514
   530      8.831802215771     -2.687410497599      0.666771250554     -0.745262436618
   531      9.552646031000     -1.994312961861      0.720843815229      0.693097535738
   532      9.749363722604     -1.013852789386      0.196717691605      0.980460172475
   533      9.392462110684     -1.947994769713     -0.356901611920     -0.934141980327
   534      8.436377421852     -1.654904224351     -0.956084688832      0.293090545362
   535      9.079300829891     -2.420834698608      0.642923408039     -0.765930474257
   536      9.914553130155     -1.870967810257      0.835252300264      0.549866888350
   537      9.193034226793     -1.178573073065     -0.721518903362      0.692394737192
   538     10.045819310882     -0.656311069511      0.852785084088      0.522262003554
   539      9.052426542368     -0.771075207924     -0.993392768513     -0.114764138413
   540      9.363815700263      0.179207272365      0.311389157895      0.950282480290
   541     10.183673379931     -0.393360090563      0.819857679667     -0.572567362928
   542      9.244152032467     -0.050869743751     -0.939521347464      0.342490346811
   543      8.383743980359     -0.560475457876     -0.860408052108     -0.509605714125
   544      7.394398643257     -0.414887670083     -0.989345337102      0.145587787793
   545      7.466858441609     -1.412259003952      0.072459798352     -0.997371333869
   546      8.424879968935     -1.698955277349      0.958021527326     -0.286696273397
   547      8.569386358982     -0.709451410133      0.144506390047      0.989503867216
   548      8.571368444110      0.290546625534      0.001982085128      0.999998035667
   549      8.321912182817     -0.677839440920     -0.249456261293     -0.968386066454
   550      7.323993038415     -0.742317198603     -0.997919144402     -0.064477757683
   551      7.812458864615     -1.614900224243      0.488465826200     -0.872583025640
   552      7.189156633941     -2.396881252936     -0.623302230675     -0.781981028693
   553      6.518601640769     -3.138741078733     -0.670554993172     -0.741859825797
   554      7.467875513727     -3.453191574232      0.949273872958     -0.314450495499
   555      8.136848992210     -2.709905300253      0.668973478483      0.743286273979
   556      9.037548050612     -3.144348859526      0.900699058402     -0.434443559273
   557      8.040677924384     -3.223405493871     -0.996870126228     -0.079056634345
   558      7.324079767761     -2.525919234562     -0.716598156623      0.697486259308
   559      7.191456593866     -1.534752702770     -0.132623173895      0.991166531793
   560      7.995757178123     -0.940530042345      0.804300584258      0.594222660425
   561      7.345022954298     -1.699835626376     -0.650734223826     -0.759305584032
   562      6.640968085631     -2.409981204343     -0.704054868667     -0.710145577967
   563      6.269950071729     -1.481355535217     -0.371018013901      0.928625669127
   564      6.806538287495     -0.637511303915      0.536588215765      0.843844231302
   565      6.046076629288      0.011871531089     -0.760461658207      0.649382835003
   566      5.323620094893     -0.679544809411     -0.722456534395     -0.691416340500
   567      6.278625209610     -0.976134139738      0.955005114717     -0.296589330328
   568      5.475423487935     -1.571841277767     -0.803201721675     -0.595707138029
   569      6.263096041039     -2.187935385097      0.787672553104     -0.616094107330
   570      5.292996901008     -2.430644384747     -0.970099140031     -0.242708999650
   571      5.704801544796     -3.341916536936      0.411804643788     -0.911272152189
   572      4.992064011895     -4.043347366878     -0.712737532901     -0.701430829942
   573      4.036550636043     -3.748399594269     -0.955513375852      0.294947772609
   574      3.040968000564     -3.842288975631     -0.995582635479     -0.093889381363
   575      3.283818044634     -4.812352816878      0.242850044071     -0.970063841247
   576      2.303005081658     -5.007303917561     -0.980812962977     -0.194951100682
   577      1.402789003325     -5.442747383824     -0.900216078333     -0.435443466263
   578      2.240761084117     -5.988460487764      0.837972080792     -0.545713103941
   579      1.309886489781     -5.623121618194     -0.930874594337      0.365338869570
   580      0.564257126439     -4.956760715587     -0.745629363341      0.666360902607
   581      1.522655804291     -4.671327756223      0.958398677852      0.285432959365
   582      2.182825977857     -5.422443820446      0.660170173566     -0.751116064223
   583      2.660518275726     -4.543916604842      0.477692297869      0.878527215604
   584      2.474110405142     -5.526389050147     -0.186407870584     -0.982472445305
   585      1.972846194055     -6.391683329963     -0.501264211088     -0.865294279816
   586      2.971810236490     -6.346176825787      0.998964042435      0.045506504176
   587      3.970454453526     -6.398231871453      0.998644217037     -0.052055045666
   588      3.186209658637     -5.777780340961     -0.784244794889      0.620451530492
   589      2.282007553902     -5.350675489910     -0.904202104736      0.427104851051
   590      2.339871560124     -6.348999964609      0.057864006222     -0.998324474699
   591      1.586627988206     -5.691258281755     -0.753243571918      0.657741682854
   592      0.715143680705     -5.200834891427     -0.871484307500      0.490423390328
   593      1.184138149498     -6.084035994372      0.468994468792     -0.883201102944
   594      0.546636479947     -5.313587020513     -0.637501669550      0.770448973859
   595     -0.088493094217     -6.085992629000     -0.635129574164     -0.772405608487
   596      0.910512699547     -6.041412094835      0.999005793764      0.044580534165
   597      1.676116033306     -6.684725032165      0.765603333759     -0.643312937331
   598      0.710341046991     -6.425343699361     -0.965774986316      0.259381332804
   599      1.048766107234     -7.366337046096      0.338425060244     -0.940993346735
   600      0.255791407757     -6.757082480263     -0.792974699478      0.609254565833
   601     -0.283654145278     -7.599102964166     -0.539445553034     -0.842020483903
   602     -1.202397493120     -7.204247723862     -0.918743347842      0.394855240304
   603     -0.592532034885     -7.996752690945      0.609865458235     -0.792504967083
   604      0.334502136950     -7.621775832660      0.927034171835      0.374976858285
   605      0.951644826005     -6.834924575212      0.617142689054      0.786851257448
   606      1.950550729358     -6.881689906879      0.998905903353     -0.046765331667
   607      2.934190160226     -7.061838373546      0.983639430868     -0.180148466667
   608      1.952619033855     -7.252935531753     -0.981571126371     -0.191097158207
   609      2.905878377163     -6.950782219021      0.953259343309      0.302153312732
   610      3.400106665330     -7.820114376011      0.494228288166     -0.869332156990
   611      4.178934588661     -8.447352023031      0.778827923331     -0.627237647020
   612      3.564359964716     -9.236210712280     -0.614574623945     -0.788858689249
   613      2.580893785015     -9.055118820179     -0.983466179701      0.181091892101
   614      2.904739581120     -8.109008942656      0.323845796105      0.946109877522
   615      2.413840062789     -8.980225140223     -0.490899518331     -0.871216197567
   616      1.557933629130     -8.463094424812     -0.855906433659      0.517130715411
   617      1.490180112270     -7.465392334530     -0.067753516860      0.997702090282
   618      0.505206594970     -7.638097778038     -0.984973517300     -0.172705443508
   619      1.157516516672     -6.880145427261      0.652309921702      0.757952350778
   620      0.204939240951     -7.184442212950     -0.952577275721     -0.304296785689
   621      0.536491964663     -8.127878904732      0.331552723712     -0.943436691781
   622     -0.444751489474     -7.935106282935     -0.981243454137      0.192772621796
   623      0.489132454833     -7.577530027340      0.933883944307      0.357576255596
   624      0.895791075536     -6.663949835891      0.406658620703      0.913580191449
   625      1.055059683574     -5.676714549602      0.159268608038      0.987235286289
   626      1.943437887241     -6.135826918471      0.888378203668     -0.459112368869
   627      1.432203564746     -6.995268287909     -0.511234322495     -0.859441369439
   628      2.051693282227     -6.210263517265      0.619489717481      0.785004770645
   629      1.428248404364     -6.992130823312     -0.623444877863     -0.781867306048
   630      0.783667019511     -7.756666524441     -0.644581384853     -0.764535701129
   631      1.658108493169     -7.271535501781      0.874441473658      0.485131022660
   632      2.345912939427     -6.545639473615      0.687804446258      0.725896028166
   633      3.000745233840     -5.789865257202      0.654832294413      0.755774216413
   634      3.661924036299     -6.540093616555      0.661178802460     -0.750228359353
   635      4.129765050206     -5.656280974811      0.467841013907      0.883812641744
   636      3.192420094805     -6.004683665077     -0.937344955401     -0.348402690266
   637      2.641319300762     -6.839122347549     -0.551100794043     -0.834438682472
   638      2.568495194715     -7.836467147294     -0.072824106047     -0.997344799745
   639      1.905581294855     -8.585162787306     -0.662913899860     -0.748695640012
   640      2.904839459100     -8.546651474807      0.999258164245      0.038511312499
   641      2.395766798734     -7.685927926583     -0.509072660366      0.860723548225
   642      2.487964651136     -8.681668633801      0.092197852402     -0.995740707219
   643      3.098590332505     -7.889749270954      0.610625681368      0.791919362848
   644      3.599381575594     -8.755317368128      0.500791243089     -0.865568097174
   645      4.236433515854     -9.526138245771      0.637051940260     -0.770820877643
   646      4.390857562348     -8.538133582895      0.154424046494      0.988004662876
   647      4.813848529731     -9.444267481119      0.422990967383     -0.906133898225
   648      5.121175975936    -10.395871306674      0.307327446205     -0.951603825554
   649      5.795334323850    -11.134458147836      0.674158347914     -0.738586841162
   650      4.799951667960    -11.230444440366     -0.995382655890     -0.095986292530
   651      4.391212885702    -12.143095856777     -0.408738782258     -0.912651416412
   652      4.536420673242    -11.153694675032      0.145207787540      0.989401181745
   653      3.898120532981    -10.383907086835     -0.638300140261      0.769787588197
   654      2.904933523385    -10.267375700633     -0.993187009596      0.116531386202
   655      3.693616062448    -10.882176361478      0.788682539064     -0.614800660846
   656      4.367467212114    -10.143309236689      0.673851149666      0.738867124789
   657      4.386187243088    -11.143134001556      0.018720030974     -0.999824764866
   658      4.490049189731    -10.148542278264      0.103861946643      0.994591723291
   659      5.231944121802    -10.819058430021      0.741894932072     -0.670516151756
   660      4.541792915932    -10.095393236002     -0.690151205871      0.723665194019
   661      5.112770807761    -10.916358671962      0.570977891829     -0.820965435961
   662      5.658132437351    -11.754559538683      0.545361629590     -0.838200866720
   663      6.532909502522    -11.270033908555      0.874777065171      0.484525630127
   664      5.576487015327    -10.978047563006     -0.956422487195      0.291986345549
   665      5.261797770344    -10.028852810023     -0.314689244983      0.949194752984
   666      4.601724336807     -9.277651730191     -0.660073433536      0.751201079831
   667      3.734694685028     -9.775908273485     -0.867029651780     -0.498256543294
   668      3.204792565442    -10.623967082565     -0.529902119585     -0.848058809080
   669      3.127530823933     -9.626956238442     -0.077261741509      0.997010844123
   670      2.251806530197    -10.109767755869     -0.875724293737     -0.482811517426
   671      3.090247227969    -10.654760596482      0.838440697772     -0.544992840613
   672      3.793497066514    -11.365703396280      0.703249838546     -0.710942799798
   673      3.266851719543    -12.215788497028     -0.526645346971     -0.850085100748
   674      4.266256326183    -12.181285856140      0.999404606639      0.034502640889
   675      4.925290332648    -12.933398998108      0.659034006466     -0.752113141969
   676      5.924784501271    -12.965201622029      0.999494168623     -0.031802623920
   677      5.608288959327    -12.016607624615     -0.316495541944      0.948593997414
   678      5.372079956020    -11.044905351922     -0.236209003308      0.971702272693
   679      6.044705439592    -11.784888432032      0.672625483572     -0.739983080110
   680      6.859253697544    -11.204792633507      0.814548257952      0.580095798525
   681      6.314279044556    -10.366340113921     -0.544974652988      0.838452519586
   682      6.234182853378     -9.369552975080     -0.080096191178      0.996787138841
   683      6.434947100527    -10.349192560370      0.200764247149     -0.979639585290
   684      6.955474943010    -11.203037256553      0.520527842483     -0.853844696183
   685      7.949528938509    -11.311925520532      0.994053995499     -0.108888263979
   686      7.773209818253    -10.327592463161     -0.176319120256      0.984333057370
   687      8.743741069876    -10.568567751570      0.970531251623     -0.240975288408
   688      9.461315461539    -11.265049619553      0.717574391663     -0.696481867984
   689      8.467458241860    -11.154379718983     -0.993857219679      0.110669900570
   690      8.986117348523    -10.299398589907      0.518659106663      0.854981129076
   691      8.169240513031    -10.876210721920     -0.816876835491     -0.576812132013
   692      7.250500468788    -10.481347794940     -0.918740044244      0.394862926980
   693      6.272978198412    -10.270515608309     -0.977522270376      0.210832186631
   694      6.223646918654    -11.269298079539     -0.049331279759     -0.998782471231
   695      5.876101772182    -10.331634829132     -0.347545146472      0.937663250407
   696      5.306903121901     -9.509434794762     -0.569198650281      0.822200034370
   697      4.885046659662     -8.602772164415     -0.421856462239      0.906662630347
   698      4.766003154305     -7.609883125382     -0.119043505357      0.992889039033
   699      5.642783527332     -7.128992100851      0.876780373027      0.480891024531
   700      6.316747159413     -7.867756625333      0.673963632081     -0.738764524481
   701      6.196914558900     -8.860550736845     -0.119832600513     -0.992794111513
   702      5.564565970659     -8.085866760666     -0.632348588241      0.774683976180
   703      6.381611637967     -7.509293801248      0.817045667309      0.576572959418
   704      6.917950638111     -8.353296453450      0.536339000144     -0.844002652203
   705      6.550221480143     -9.283229389946     -0.367729157968     -0.929932936496
   706      5.760880013977     -8.669274953696     -0.789341466166      0.613954436250
   707      4.834960703700     -8.291553587004     -0.925919310277      0.377721366692
   708      5.366967166048     -7.444813293868      0.532006462348      0.846740293136
   709      6.109958323206     -8.114114526784      0.742991157159     -0.669301232917
   710      5.137361755694     -7.881615243210     -0.972596567513      0.232499283574
   711      5.937132707822     -8.481920518992      0.799770952128     -0.600305275782
   712      6.749774960109     -7.899157642861      0.812642252288      0.582762876131
   713      7.409446089801     -7.147603253178      0.659671129692      0.751554389683
   714      8.343522271990     -7.504677035283      0.934076182189     -0.357073782105
   715      9.062598888942     -6.809746233725      0.719076616951      0.694930801558
   716      9.732862023501     -7.551869761482      0.670263134559     -0.742123527757
   717      8.831182374547     -7.984274445388     -0.901679648953     -0.432404683906
   718      9.086841650815     -8.951041394791      0.255659276268     -0.966766949403
   719      9.605658978854     -9.805926521651      0.518817328039     -0.854885126860
   720     10.141447300235    -10.650278862011      0.535788321381     -0.844352340360
   721      9.292188901762    -11.178256297725     -0.849258398473     -0.527977435714
   722      8.673879684609    -11.964191226319     -0.618309217153     -0.785934928594
   723      7.983465179786    -11.240777228991     -0.690414504823      0.723413997328
   724      8.890334729898    -10.819365768443      0.906869550111      0.421411460548
   725      9.639264082971    -10.156715918142      0.748929353074      0.662649850302
   726      9.972894077961     -9.214011814808      0.333629994990      0.942704103334
   727      9.261534300582     -8.511183765334     -0.711359777379      0.702828049474
   728     10.049166572513     -7.895038162239      0.787632271930      0.616145603095
   729     10.803046110514     -7.238025497077      0.753879538002      0.657012665161
   730     11.189720031545     -8.160242000288      0.386673921030     -0.922216503211
   731     10.385315239592     -8.754323586170     -0.804404791953     -0.594081585882
   732     10.117418765529     -9.717771290607     -0.267896474063     -0.963447704437
   733     10.159063881570    -10.716903756454      0.041645116041     -0.999132465847
   734     11.023220866857    -11.220126077878      0.864156985287     -0.503222321424
   735     10.170910530842    -11.743162492597     -0.852310336015     -0.523036414719
   736      9.191333859679    -11.542091496894     -0.979576671163      0.201070995703
   737      9.244047514331    -12.540701165690      0.052713654652     -0.998609668796
   738     10.244046546184    -12.542092672993      0.999999031853     -0.001391507303
   739     10.293552079359    -13.540866522363      0.049505533174     -0.998773849370
   740     10.903849031462    -14.333039249900      0.610296952103     -0.792172727537
   741     11.589850334291    -15.060639560865      0.686001302830     -0.727600310965
   742     11.981419988692    -15.980788030273      0.391569654400     -0.920148469407
   743     11.970739183797    -16.980730988849     -0.010680804895     -0.999942958577
   744     12.954453902230    -16.800994090196      0.983714718433      0.179736898653
   745     12.709976749285    -15.831339037258     -0.244477152945      0.969655052938
   746     11.929264263325    -16.456229439061     -0.780712485961     -0.624890401803
   747     12.096835972201    -17.442089328896      0.167571708876     -0.985859889834
   748     11.139324739890    -17.730485306672     -0.957511232311     -0.288395977777
   749     11.243098578222    -16.735884386465      0.103773838333      0.994600920208
   750     11.235277819961    -17.735853803867     -0.007820758261     -0.999969417402
   751     11.372051395550    -18.726456140338      0.136773575589     -0.990602336470
   752     10.372694437105    -18.690599905060     -0.999356958445      0.035856235278
   753     10.954404546961    -19.503996086568      0.581710109856     -0.813396181508
   754     11.601149741222    -18.741289948071      0.646745194261      0.762706138497
   755     12.052344463377    -17.848864420254      0.451194722155      0.892425527817
   756     11.067035705941    -17.678081948908     -0.985308757436      0.170782471346
   757     11.716510877269    -16.917699149374      0.649475171329      0.760382799534
   758     12.312887919142    -16.114994705680      0.596377041873      0.802704443694
   759     12.916753106973    -15.317908239274      0.603865187831      0.797086466405
   760     13.041381079420    -14.325704697412      0.124627972447      0.992203541862
   761     13.393788674400    -13.389858082309      0.352407594980      0.935846615103
   762     13.798826453223    -14.304158031848      0.405037778822     -0.914299949539
   763     12.839935676773    -14.587933433954     -0.958890776449     -0.283775402106
   764     13.598040697536    -13.935800949335      0.758105020763      0.652132484618
   765     12.978088005565    -14.720440140122     -0.619952691971     -0.784639190786
   766     13.225103585159    -13.751428631708      0.247015579594      0.969011508413
   767     12.870464514712    -12.816425353793     -0.354639070447      0.935003277915
   768     13.848774447978    -13.023571858643      0.978309933267     -0.207146504850
   769     13.111837202562    -12.347610693843     -0.736937245416      0.675961164801
   770     12.289435559732    -12.916518013069     -0.822401642831     -0.568907319226
   771     11.575544552967    -12.216261181285     -0.713891006765      0.700256831784
   772     12.575164384302    -12.188689587191      0.999619831335      0.027571594094
   773     12.469296470880    -13.183069788577     -0.105867913422     -0.994380201386
   774     11.481015443798    -13.335715166853     -0.988281027082     -0.152645378276
   775     11.013731808449    -14.219822628724     -0.467283635349     -0.884107461871
   776     11.270063276794    -13.253233689031      0.256331468344      0.966588939693
   777     10.433825396642    -12.704866833907     -0.836237880152      0.548366855124
   778     10.552736374931    -13.697771753445      0.118910978289     -0.992904919538
   779     11.365395837832    -14.280510629234      0.812659462901     -0.582738875790
   780     12.323572176116    -13.994332180094      0.958176338284      0.286178449140
   781     11.431790856358    -13.541865520847     -0.891781319759      0.452466659246
   782     12.393344166738    -13.267247183337      0.961553310380      0.274618337511
   783     11.518069765381    -13.750873818594     -0.875274401357     -0.483626635257
   784     12.353831324526    -14.299966357476      0.835761559145     -0.549092538882
   785     11.744212851072    -15.092661328334     -0.609618473454     -0.792694970858
   786     10.744934220331    -15.054684781044     -0.999278630741      0.037976547290
   787     10.352318518903    -15.974387402000     -0.392615701428     -0.919702620956
   788     10.670702883891    -16.922349108047      0.318384364988     -0.947961706047
   789      9.735178301837    -17.275610705695     -0.935524582054     -0.353261597649
   790     10.483119774799    -16.611846023731      0.747941472962      0.663764681965
   791     10.579723971139    -15.616523146846      0.096604196340      0.995322876884
   792     11.141160182780    -14.789003128806      0.561436211641      0.827520018041
   793     10.196819631244    -14.460033642798     -0.944340551536      0.328969486007
   794     10.865556670640    -13.716534636653      0.668737039396      0.743499006145
   795     11.250585442679    -12.793630066991      0.385028772039      0.922904569662
   796     11.136019623477    -11.800214407224     -0.114565819203      0.993415659767
   797     10.412360118408    -12.490371578254     -0.723659505069     -0.690157171030
   798     10.652342434887    -11.519594318643      0.239982316479      0.970777259611
   799     11.139424054830    -12.392950772511      0.487081619943     -0.873356453868
   800     11.714092621016    -11.574564531768      0.574668566186      0.818386240744
   801     10.814776005269    -11.137266435910     -0.899316615747      0.437298095858
   802      9.839774517564    -11.359464768428     -0.975001487705     -0.222198332518
   803     10.132155356974    -12.315766731589      0.292380839410     -0.956301963161
   804     11.061281068031    -12.685530728015      0.929125711057     -0.369763996426
   805     11.156654762464    -13.680972267439      0.095373694433     -0.995441539424
   806     12.099310898476    -14.014737767812      0.942656136012     -0.333765500373
   807     13.099246606605    -14.026077062675      0.999935708129     -0.011339294863
   808     12.405104952212    -14.745915491516     -0.694141654393     -0.719838428841
   809     11.653491051303    -14.086312168328     -0.751613900909      0.659603323188
   810     11.505166907838    -15.075250967479     -0.148324143465     -0.988938799151
   811     10.523271507164    -14.885827045715     -0.981895400673      0.189423921764
   812      9.785967243569    -15.561387866725     -0.737304263595     -0.675560821010
   813     10.597419568792    -16.145806487142      0.811452325223     -0.584418620417
   814      9.932934977389    -16.893108452740     -0.664484591403     -0.747301965599
   815      9.830458942579    -15.898372979215     -0.102476034810      0.994735473525
   816     10.039123647723    -16.876360218818      0.208664705145     -0.977987239603
   817     10.582788700021    -17.715662495063      0.543665052298     -0.839302276245
   818     11.225151907019    -16.949262136050      0.642363206998      0.766400359013
   819     12.214545000757    -16.803999249999      0.989393093738      0.145262886052
   820     12.511979894143    -15.849257146498      0.297434893386      0.954742103501
   821     12.811157368496    -16.803454630691      0.299177474353     -0.954197484193
   822     12.058343733597    -17.461688351423     -0.752813634900     -0.658233720732
   823     13.031695143079    -17.232369722308      0.973351409482      0.229318629115
   824     12.952444169864    -18.229224417459     -0.079250973214     -0.996854695151
   825     13.433631857313    -19.105842013362      0.481187687449     -0.876617595904
   826     12.864401528272    -18.283663910699     -0.569230329041      0.822178102664
   827     13.175443426884    -17.333267710523      0.311041898612      0.950396200175
   828     12.262883365652    -16.924325007148     -0.912560061232      0.408942703376
   829     11.503661812277    -16.273492745432     -0.759221553375      0.650832261716
   830     12.306871260314    -15.677796025125      0.803209448037      0.595696720306
   831     12.513743338946    -14.699428025300      0.206872078632      0.978367999825
   832     11.955019276886    -13.870074408032     -0.558724062060      0.829353617268
   833     12.847320954002    -14.321514013091      0.892301677116     -0.451439605059
   834     13.292873915082    -13.426258430102      0.445552961080      0.895255582989
   835     14.186442482385    -13.875185167473      0.893568567304     -0.448926737371
   836     13.316489979667    -14.368320689429     -0.869952502718     -0.493135521956
   837     14.316283660447    -14.388633145542      0.999793680780     -0.020312456113
   838     14.743825165237    -15.292628865489      0.427541504790     -0.903995719947
   839     15.729140171829    -15.121882451812      0.985315006593      0.170746413677
   840     16.189359317316    -16.009687801045      0.460219145487     -0.887805349233
   841     15.555549871297    -15.236198572848     -0.633809446019      0.773489228197
   842     16.213353719661    -15.989387856547      0.657803848363     -0.753189283699
   843     15.587237497080    -16.769117601921     -0.626116222580     -0.779729745375
   844     16.473422250902    -17.232449644947      0.886184753821     -0.463332043026
   845     15.675765768399    -17.835561687541     -0.797656482502     -0.603112042594
   846     16.177893937412    -18.700354900907      0.502128169013     -0.864793213366
   847     16.786533987329    -17.906908437913      0.608640049916      0.793446462994
   848     17.396772772926    -17.114690901783      0.610238785598      0.792217536130
   849     18.224306780740    -17.676106492866      0.827534007814     -0.561415591083
   850     17.549869657938    -18.414438780786     -0.674437122802     -0.738332287921
   851     17.210802855793    -19.355201080033     -0.339066802145     -0.940762299246
   852     18.151982076403    -19.693108870251      0.941179220611     -0.337907790219
   853     19.081899874951    -20.060876307558      0.929917798548     -0.367767437307
   854     18.721112249919    -20.993524306336     -0.360787625032     -0.932647998778
   855     18.526398450137    -21.974384406541     -0.194713799783     -0.980860100205
   856     18.099757866070    -21.069963148483     -0.426640584067      0.904421258058
   857     17.453403766409    -20.306925549244     -0.646354099661      0.763037599238
   858     17.830368712351    -21.233153075034      0.376964945942     -0.926227525790
   859     17.137349719234    -21.954072401436     -0.693018993117     -0.720919326401
   860     17.798726899903    -22.704125882790      0.661377180669     -0.750053481354
   861     17.698259563431    -21.709185525631     -0.100467336472      0.994940357158
   862     16.731177174788    -21.963648987795     -0.967082388643     -0.254463462164
   863     15.745101486792    -22.129946124103     -0.986075687996     -0.166297136307
   864     15.176533687703    -22.952582530931     -0.568567799089     -0.822636406828
   865     14.269609511452    -22.531288644752     -0.906924176251      0.421293886179
   866     13.406876289911    -23.036948004844     -0.862733221541     -0.505659360092
   867     14.395251392719    -22.884912955766      0.988375102808      0.152035049079
   868     13.672676876493    -22.193619914790     -0.722574516226      0.691293040975
   869     14.405547460901    -22.873987981728      0.732870584408     -0.680368066938
   870     14.479199503465    -21.876703981743      0.073652042564      0.997283999985
   871     13.605704327861    -22.363536784865     -0.873495175605     -0.486832803121
   872     13.126124956327    -23.241035289935     -0.479579371533     -0.877498505070
   873     12.194758601405    -23.605118677250     -0.931366354922     -0.364083387315
   874     12.710179984289    -22.748181807891      0.515421382884      0.856936869359
   875     12.837884705667    -21.756369575592      0.127704721378      0.991812232299
   876     11.874296917770    -22.023761750152     -0.963587787897     -0.267392174560
   877     11.000720815484    -22.510449322949     -0.873576102286     -0.486687572796
   878     11.624066337972    -21.728502803298      0.623345522488      0.781946519651
   879     12.479767355624    -21.211032254968      0.855701017652      0.517470548330
   880     12.242530690410    -22.182484139869     -0.237236665214     -0.971451884901
   881     11.986262927573    -21.215878308245     -0.256267762838      0.966605831624
   882     12.709041757447    -20.524798889447      0.722778829874      0.691079418797
   883     12.595930452060    -21.518381212455     -0.113111305387     -0.993582323008
   884     13.316023309152    -22.212258922981      0.720092857092     -0.693877710526
   885     13.213453393751    -21.217533125359     -0.102569915402      0.994725797622
   886     14.116288667900    -21.647519715558      0.902835274150     -0.429986590199
   887     14.582310217065    -20.762746345867      0.466021549164      0.884773369691
   888     14.570086819415    -19.762821054383     -0.012223397649      0.999925291484
   889     13.784304014890    -19.144318520749     -0.785782804526      0.618502533634
   890     13.307853171991    -18.265117409341     -0.476450842899      0.879201111408
   891     13.932120663944    -17.483906747297      0.624267491953      0.781210662044
   892     14.592759960217    -16.733203263743      0.660639296273      0.750703483554
   893     13.600227298750    -16.611224101916     -0.992532661468      0.121979161827
   894     12.886475276351    -15.910825607827     -0.713752022398      0.700398494089
   895     13.859690189233    -15.680928384390      0.973214912882      0.229897223437
   896     14.857600705221    -15.616317223736      0.997910515988      0.064611160654
   897     14.698440193934    -14.629064504496     -0.159160511287      0.987252719240
   898     15.443344217923    -15.296236142866      0.744904023988     -0.667171638370
   899     16.000607850664    -16.126571763940      0.557263632741     -0.830335621074
   900     15.002712747724    -16.191420538237     -0.997895102940     -0.064848774297
   901     15.931721948493    -15.821363914347      0.929009200770      0.370056623891
   902     16.664503399286    -15.140899848158      0.732781450792      0.680464066189
   903     16.930786652468    -14.177005025537      0.266283253182      0.963894822621
   904     15.949141006086    -13.986291038270     -0.981645646382      0.190713987267
   905     14.953480243598    -13.893233819087     -0.995660762488      0.093057219183
   906     14.347055718709    -14.688374872997     -0.606424524889     -0.795141053910
   907     13.458503200383    -14.229599958493     -0.888552518326      0.458774914503
   908     12.614481174924    -14.765908470956     -0.844022025459     -0.536308512463
   909     12.169263815529    -15.661330998534     -0.445217359395     -0.895422527577
   910     12.100030666494    -14.663730491780     -0.069233149035      0.997600506753
   911     12.755762701125    -15.418724199541      0.655732034631     -0.754993707761
   912     11.799284692753    -15.710528619488     -0.956478008372     -0.291804419947
   913     12.680192991445    -16.183815603564      0.880908298692     -0.473286984075
   914     12.846261931369    -15.197701458450      0.166068939924      0.986114145113
   915     13.835866078293    -15.341519511528      0.989604146924     -0.143818053078
   916     14.615961106046    -15.967180560081      0.780095027753     -0.625661048552
   917     15.289314119229    -16.706501680865      0.673353013183     -0.739321120784
   918     16.112920500672    -16.139339862292      0.823606381443      0.567161818573
   919     15.372797062085    -15.466868825255     -0.740123438587      0.672471037037
   920     14.420860864918    -15.160572438525     -0.951936197167      0.306296386730
   921     13.537888759934    -14.691146979244     -0.882972104983      0.469425459281
   922     12.818949840074    -13.996073724464     -0.718938919860      0.695073254780
   923     13.803498399228    -14.171185502106      0.984548559153     -0.175111777642
   924     14.258629989006    -13.280761313314      0.455131589778      0.890424188792
   925     13.558282827540    -13.994563704335     -0.700347161465     -0.713802391021
   926     14.228394071212    -14.736824387050      0.670111243672     -0.742260682715
   927     13.569184506549    -15.488783661118     -0.659209564663     -0.751959274068
   928     14.089461980961    -14.634786383828      0.520277474412      0.853997277290
   929     13.180704585434    -14.217461574988     -0.908757395528      0.417324808840
   930     13.474450810095    -13.261578132565      0.293746224661      0.955883442422
   931     14.219332804448    -13.928774366434      0.744881994353     -0.667196233869
   932     14.948854756280    -14.612731764081      0.729521951832     -0.683957397647
   933     14.164451653966    -13.992480385138     -0.784403102314      0.620251378943
   934     13.921674622444    -14.962562501747     -0.242777031521     -0.970082116610
   935     14.665860061353    -14.294589424059      0.744185438909      0.667973077688
   936     15.433645365124    -13.653882215333      0.767785303771      0.640707208726
   937     16.337977897591    -14.080710835183      0.904332532467     -0.426828619850
   938     17.082902570296    -14.747859418329      0.744924672706     -0.667148583146
   939     18.078412577651    -14.842515771821      0.995510007355     -0.094656353492
   940     18.828287690875    -15.504095180938      0.749875113224     -0.661579409117
   941     18.696662795518    -14.512795586001     -0.131624895357      0.991299594937
   942     19.660401427719    -14.245947597808      0.963738632201      0.266847988193
   943     20.660242393755    -14.228113847886      0.999840966036      0.017833749922
   944     21.629933856257    -13.983781149394      0.969691462501      0.244332698492
   945     22.466601233543    -13.436069820513      0.836667377287      0.547711328881
   946     23.437759801402    -13.674504373536      0.971158567859     -0.238434553022
   947     24.138030510121    -14.388381768128      0.700270708720     -0.713877394592
   948     24.474416985123    -15.330105793220      0.336386475001     -0.941724025092
   949     23.678479514192    -14.724726951198     -0.795937470931      0.605378842022
   950     22.688622310872    -14.582661061430     -0.989857203320      0.142065889769
   951     23.452829383656    -15.227632029696      0.764207072784     -0.644970968267
   952     24.001437530437    -16.063711631939      0.548608146781     -0.836079602242
   953     24.596493343089    -15.260027253698      0.595055812652      0.803684378241
   954     23.829926839985    -14.617862324479     -0.766566503104      0.642164929219
   955     22.843274795013    -14.455019633043     -0.986652044971      0.162842691435
   956     21.967384533019    -13.972509271554     -0.875890261994      0.482510361489
   957     21.572224888083    -13.053896809733     -0.395159644936      0.918612461822
   958     22.259684610016    -13.780119317453      0.687459721933     -0.726222507721
   959     23.238960139187    -13.982651877717      0.979275529171     -0.202532560264
   960     23.686637480483    -13.088456709932      0.447677341295      0.894195167785
   961     23.173718948874    -12.230019420473     -0.512918531609      0.858437289458
   962     24.097261285546    -12.613515903343      0.923542336673     -0.383496482870
   963     24.977599786323    -13.087861899479      0.880338500777     -0.474345996136
   964     24.724908387338    -12.120314971997     -0.252691398985      0.967546927481
   965     25.648767573697    -11.737582423369      0.923859186359      0.382732548628
   966     26.516418141988    -12.234756931308      0.867650568291     -0.497174507938
   967     26.152513704350    -13.166193220201     -0.363904437638     -0.931436288893
   968     25.509614801273    -13.932144263299     -0.642898903077     -0.765951043098
   969     24.710709720874    -14.533601387715     -0.798905080400     -0.601457124417
   970     23.939429387138    -15.170096986123     -0.771280333736     -0.636495598407
   971     24.097970855943    -14.182744666700      0.158541468805      0.987352319423
   972     24.788072750999    -14.906456884671      0.690101895056     -0.723712217971
   973     25.248858060747    -15.793968517451      0.460785309748     -0.887511632780
   974     26.093364197792    -16.329514392699      0.844506137044     -0.535545875247
   975     26.089594132034    -15.329521499422     -0.003770065757      0.999992893277
   976     25.511688658389    -16.145625208231     -0.577905473645     -0.816103708809
   977     24.797510312902    -16.845588986462     -0.714178345488     -0.699963778232
   978     24.174429563666    -16.063431470400     -0.623080749236      0.782157516062
   979     24.718139427737    -16.902704717747      0.543709864071     -0.839273247347
   980     24.039737233742    -16.168013991534     -0.678402193995      0.734690726213
   981     24.786007063460    -15.502370437331      0.746269829718      0.665643554204
   982     23.824366502216    -15.228057785471     -0.961640561244      0.274312651859
   983     23.656618709805    -16.213887729296     -0.167747792412     -0.985829943825
   984     23.137116663328    -15.359418523469     -0.519502046476      0.854469205827
   985     23.696511552972    -16.188319818824      0.559394889643     -0.828901295355
   986     24.587726873754    -15.734739338641      0.891215320783      0.453580480182
   987     24.996928149166    -14.822295194487      0.409201275412      0.912444144154
   988     24.845608939649    -15.810780144717     -0.151319209517     -0.988484950230
   989     24.008612730054    -15.263571459549     -0.836996209595      0.547208685168
   990     24.978167731495    -15.018697820340      0.969555001442      0.244873639209
   991     25.356530605591    -14.093040467155      0.378362874096      0.925657353185
   992     24.712252654536    -13.328249043443     -0.644277951056      0.764791423712
   993     23.735603485092    -13.113408637966     -0.976649169443      0.214840405478
   994     23.593879269598    -14.103314818744     -0.141724215494     -0.989906180778
   995     24.355014600720    -14.751907917472      0.761135331122     -0.648593098728
   996     23.572550550267    -15.374603677653     -0.782464050454     -0.622695760181
   997     24.191090763554    -16.160356822442      0.618540213287     -0.785753144790
   998     23.454518177443    -16.836715326040     -0.736572586111     -0.676358503598
   999     22.529155692950    -17.215798789532     -0.925362484493     -0.379083463492
  1000     23.066000971882    -16.372118075940      0.536845278933      0.843680713592
