# File chua thong tin toa do tai lan chay thu 5
##########################################################################################
#  Step                   x                   y            delta_x            delta_y
     1      0.000000000000      0.000000000000      0.000000000000      0.000000000000
     2     -0.948946348674     -0.315437517327     -0.948946348674     -0.315437517327
     3     -0.495984648713     -1.206967493474      0.452961699962     -0.891529976147
     4     -0.708960867318     -0.229910110150     -0.212976218605      0.977057383324
     5     -0.287309846841     -1.136668301141      0.421651020477     -0.906758190992
     6     -1.018695138014     -1.818632783981     -0.731385291173     -0.681964482840
     7     -0.738551139781     -0.858674795185      0.280143998233      0.959957988796
     8      0.256775980075     -0.762114324605      0.995327119856      0.096560470580
     9      0.986490107077     -1.445866686834      0.729714127002     -0.683752362229
    10      1.964980896072     -1.239576173598      0.978490788996      0.206290513235
    11      2.961325979360     -1.324995580104      0.996345083288     -0.085419406506
    12      3.278844560852     -0.376743530063      0.317518581492      0.948252050041
    13      2.441493139187      0.169921446532     -0.837351421665      0.546664976595
    14      2.289095677206      1.158240733798     -0.152397461980      0.988319287266
    15      2.853661818186      1.983628565341      0.564566140980      0.825387831543
    16      1.869609757842      2.161509262807     -0.984052060345      0.177880697467
    17      2.817637660377      2.479696465590      0.948027902535      0.318187202783
    18      3.569061700818      1.819876860359      0.751424040441     -0.659819605231
    19      3.112719729728      0.930072384408     -0.456341971090     -0.889804475951
    20      3.301009264266     -0.052041178874      0.188289534538     -0.982113563282
    21      2.494684435091      0.539431787419     -0.806324829175      0.591472966294
    22      1.599073239588      0.094594079386     -0.895611195504     -0.444837708033
    23      0.884222165171      0.793870806731     -0.714851074416      0.699276727345
    24      0.190170237243      1.513795748193     -0.694051927928      0.719924941462
    25      0.811459238444      0.730214241911      0.621289001201     -0.783581506282
    26      1.618582417538      1.320597315660      0.807123179094      0.590383073749
    27      1.749376039724      0.329187698804      0.130793622186     -0.991409616856
    28      2.008128186466     -0.636756050364      0.258752146742     -0.965943749168
    29      1.670639253152     -1.578085546285     -0.337488933314     -0.941329495921
    30      0.757455121830     -1.985632773367     -0.913184131322     -0.407547227082
    31      1.377271911329     -2.770379323188      0.619816789498     -0.784746549821
    32      1.403365778133     -1.770719826102      0.026093866804      0.999659497086
    33      2.400164724908     -1.690770719114      0.996798946775      0.079949106987
    34      3.121805408902     -0.998502907350      0.721640683994      0.692267811764
    35      2.294679238995     -0.436486627288     -0.827126169907      0.562016280062
    36      2.644139652852     -1.373437756828      0.349460413857     -0.936951129540
    37      2.743727547734     -2.368466525856      0.099587894882     -0.995028769028
    38      2.537846711665     -1.389889456158     -0.205880836069      0.978577069698
    39      1.656400150642     -0.917605685464     -0.881446561023      0.472283770694
    40      1.042675724503     -0.128085369854     -0.613724426139      0.789520315610
    41      1.286830392894      0.841650933427      0.244154668391      0.969736303282
    42      1.182332453886      1.836176036551     -0.104497939008      0.994525103124
    43      0.193067741880      1.690041408283     -0.989264712006     -0.146134628268
    44      1.082258884007      2.147577322461      0.889191142127      0.457535914178
    45      0.467715734379      2.936460531336     -0.614543149628      0.788883208875
    46     -0.373800765008      3.476691945879     -0.841516499387      0.540231414543
    47     -1.193314301189      4.049751771741     -0.819513536181      0.573059825862
    48     -0.846480225019      4.987678273983      0.346834076170      0.937926502242
    49     -1.823843469915      5.199246436821     -0.977363244896      0.211568162838
    50     -2.025870946330      6.178626291001     -0.202027476415      0.979379854180
    51     -2.895490686777      5.684904196068     -0.869619740447     -0.493722094932
    52     -2.003628268957      6.137210980983      0.891862417820      0.452306784914
    53     -2.126053364370      7.129688736911     -0.122425095413      0.992477755929
    54     -1.268134140064      7.643473326566      0.857919224306      0.513784589655
    55     -0.321025032533      7.322561596596      0.947109107531     -0.320911729970
    56      0.552712825854      7.808958712973      0.873737858387      0.486397116378
    57      0.893922694378      6.868971571773      0.341209868524     -0.939987141200
    58      1.893921398235      6.867361514514      0.999998703857     -0.001610057259
    59      1.640568331370      7.834735394412     -0.253353066865      0.967373879899
    60      2.471739595342      8.390751877933      0.831171263972      0.556016483521
    61      1.537281947142      8.034677582707     -0.934457648200     -0.356074295226
    62      0.804242837580      7.354491090741     -0.733039109561     -0.680186491966
    63      0.558331978451      8.323783538541     -0.245910859129      0.969292447800
    64     -0.378534798500      8.673470029909     -0.936866776951      0.349686491368
    65     -0.386778995777      7.673504013881     -0.008244197277     -0.999966016028
    66      0.570691004391      7.384971175580      0.957470000168     -0.288532838301
    67      0.834359785974      6.420357898863      0.263668781583     -0.964613276717
    68     -0.092598142415      6.045192603298     -0.926957928389     -0.375165295564
    69      0.484577198522      6.861812849076      0.577175340937      0.816620245778
    70     -0.501953267597      6.698235224018     -0.986530466119     -0.163577625058
    71     -1.045320932752      5.858740387546     -0.543367665156     -0.839494836472
    72     -0.310614514613      5.180355187866      0.734706418140     -0.678385199680
    73     -1.110211224202      5.780892532263     -0.799596709589      0.600537344396
    74     -0.269803359333      6.322846977457      0.840407864869      0.541954445195
    75      0.246799308879      7.179072230061      0.516602668211      0.856225252604
    76     -0.443683990538      6.455723895421     -0.690483299417     -0.723348334640
    77     -1.204503162870      5.806759961900     -0.760819172332     -0.648963933522
    78     -1.063728579815      4.816718287643      0.140774583055     -0.990041674257
    79     -2.055643793532      4.943620646943     -0.991915213717      0.126902359301
    80     -1.076623071603      5.147381354720      0.979020721929      0.203760707777
    81     -1.020481132179      4.148958557185      0.056141939425     -0.998422797535
    82     -1.793260073102      3.514283279216     -0.772778940923     -0.634675277969
    83     -1.377645600401      2.604742400486      0.415614472701     -0.909540878730
    84     -0.377646473385      2.603421049405      0.999999127015     -0.001321351081
    85     -0.437171938220      3.601647836782     -0.059525464835      0.998226787377
    86     -1.379474423143      3.266885194139     -0.942302484923     -0.334762642642
    87     -2.333472713811      3.566697237598     -0.953998290668      0.299812043458
    88     -2.686123559895      4.502452216615     -0.352650846084      0.935754979018
    89     -3.270579302533      3.691026628593     -0.584455742638     -0.811425588023
    90     -4.106162906765      4.240389933100     -0.835583604232      0.549363304507
    91     -3.692543045283      3.329940258385      0.413619861481     -0.910449674715
    92     -3.048750053988      2.564740556112      0.643792991295     -0.765199702273
    93     -2.098323686691      2.253790849009      0.950426367297     -0.310949707103
    94     -2.806818640318      1.548074970851     -0.708494953627     -0.705715878159
    95     -3.769029574937      1.820380162318     -0.962210934619      0.272305191467
    96     -3.330925120806      0.921456090290      0.438104454131     -0.898924072028
    97     -4.032769997097      0.209126272282     -0.701844876291     -0.712329818008
    98     -4.995456730878     -0.061492006116     -0.962686733781     -0.270618278397
    99     -5.712476944358      0.635560368860     -0.717020213481      0.697052374976
   100     -6.117084774351      1.550050666189     -0.404607829993      0.914490297329
   101     -6.839309348572      0.858392033342     -0.722224574221     -0.691658632847
   102     -7.762813506512      0.474803620759     -0.923504157940     -0.383588412583
   103     -7.619052947843     -0.514808880057      0.143760558668     -0.989612500816
   104     -8.590509992603     -0.752024415354     -0.971457044760     -0.237215535297
   105     -8.903697925832     -1.701715585409     -0.313187933228     -0.949691170055
   106     -8.373741991087     -0.853690404634      0.529955934745      0.848025180775
   107     -8.639381015542     -1.817762968649     -0.265639024456     -0.964072564015
   108     -8.919737340406     -0.857866968496     -0.280356324864      0.959896000153
   109     -8.881385634883      0.141397334220      0.038351705524      0.999264302716
   110     -8.093111994714      0.756722181935      0.788273640169      0.615324847715
   111     -8.844294959234      1.416816231155     -0.751182964520      0.660094049220
   112     -8.202694632933      2.183855357465      0.641600326301      0.767039126310
   113     -9.202392034245      2.208454256013     -0.999697401312      0.024598898548
   114     -8.236842326235      2.468672935900      0.965549708010      0.260218679887
   115     -7.292169139015      2.796685998669      0.944673187220      0.328013062769
   116     -6.505301558315      2.179564122178      0.786867580700     -0.617121876491
   117     -7.411377132693      2.602680008804     -0.906075574378      0.423115886627
   118     -6.659063250180      1.943875165031      0.752313882512     -0.658804843773
   119     -6.642891209324      0.944005941035      0.016172040856     -0.999869223996
   120     -6.798690731983     -0.043782755367     -0.155799522658     -0.987788696402
   121     -6.038656644863     -0.693665965194      0.760034087120     -0.649883209827
   122     -6.460717179466      0.212901685414     -0.422060534604      0.906567650609
   123     -5.532176340775     -0.158328581242      0.928540838692     -0.371230266657
   124     -6.207304638619     -0.896028914339     -0.675128297844     -0.737700333096
   125     -5.437463170204     -0.257793759000      0.769841468414      0.638235155338
   126     -6.113323644619      0.479235832755     -0.675860474415      0.737029591756
   127     -5.152754378698      0.201195034728      0.960569265921     -0.278040798027
   128     -5.489914239561     -0.740252376561     -0.337159860863     -0.941447411289
   129     -4.656951901424     -0.186922688902      0.832962338137      0.553329687659
   130     -4.093689593266     -1.013200833481      0.563262308158     -0.826278144579
   131     -3.179394526072     -0.608152033822      0.914295067194      0.405048799659
   132     -2.288974299074     -1.063291374413      0.890420226997     -0.455139340591
   133     -2.452839321236     -2.049774143909     -0.163865022162     -0.986482769496
   134     -2.454316704335     -3.049773052578     -0.001477383100     -0.999998908669
   135     -2.224088616025     -4.022909747680      0.230228088310     -0.973136695101
   136     -3.155347633890     -3.658551899342     -0.931259017865      0.364357848338
   137     -2.522353600160     -4.432708571639      0.632994033730     -0.774156672297
   138     -1.592890581045     -4.063793274995      0.929463019115      0.368915296644
   139     -1.151584985753     -4.961150155819      0.441305595293     -0.897356880825
   140     -1.894444992276     -4.291703361288     -0.742860006523      0.669446794531
   141     -2.837160992536     -3.958106984130     -0.942716000260      0.333596377158
   142     -3.830308409461     -4.074975321398     -0.993147416925     -0.116868337268
   143     -4.773406473184     -4.407490046187     -0.943098063723     -0.332514724789
   144     -4.717723798585     -3.409041529863      0.055682674600      0.998448516324
   145     -4.235075724060     -2.533227145329      0.482648074525      0.875814384534
   146     -3.237200648286     -2.598383366447      0.997875075773     -0.065156221118
   147     -4.061119635387     -3.165090965386     -0.823918987101     -0.566707598938
   148     -3.711697573220     -2.228125532474      0.349422062167      0.936965432911
   149     -3.847970960464     -3.218796801831     -0.136273387244     -0.990671269357
   150     -4.571163039282     -3.909443757326     -0.723192078818     -0.690646955495
   151     -3.838689595472     -3.228648153556      0.732473443810      0.680795603770
   152     -3.131707278948     -2.521416929611      0.706982316524      0.707231223945
   153     -2.669569410475     -3.408225020758      0.462137868473     -0.886808091147
   154     -2.827157500088     -4.395729954423     -0.157588089613     -0.987504933665
   155     -1.891524255222     -4.042756256959      0.935633244866      0.352973697464
   156     -2.426596160142     -4.887562777155     -0.535071904920     -0.844806520196
   157     -3.000469219839     -5.706507043485     -0.573873059696     -0.818944266330
   158     -3.596322380476     -6.509600444627     -0.595853160637     -0.803093401142
   159     -3.440115520029     -5.521876081888      0.156206860447      0.987724362740
   160     -2.467860360888     -5.755798944224      0.972255159141     -0.233922862336
   161     -2.973062532428     -6.618799967323     -0.505202171541     -0.863001023099
   162     -2.266719917721     -7.326670090049      0.706342614707     -0.707870122726
   163     -1.344790985996     -6.939311025551      0.921928931725      0.387359064498
   164     -0.522410976891     -7.508249616811      0.822380009105     -0.568938591260
   165     -1.297718112591     -6.876665223928     -0.775307135699      0.631584392883
   166     -1.240293867523     -7.875015090497      0.057424245067     -0.998349866569
   167     -0.338321059739     -7.443222253574      0.901972807784      0.431792836923
   168      0.037868009683     -8.369765174353      0.376189069422     -0.926542920780
   169      0.680439059194     -9.135991280885      0.642571049511     -0.766226106531
   170      0.930254254884     -8.167697746876      0.249815195689      0.968293534009
   171      1.920025754007     -8.310359513035      0.989771499123     -0.142661766159
   172      1.132317099023     -7.694311564524     -0.787708654983      0.616047948511
   173      1.816590148378     -6.965085677760      0.684273049354      0.729225886764
   174      2.437948168487     -6.181558900396      0.621358020109      0.783526777364
   175      1.718816079033     -5.486685503354     -0.719132089454      0.694873397042
   176      2.139830436077     -6.393739477031      0.421014357045     -0.907053973677
   177      2.298599939703     -7.381055153356      0.158769503626     -0.987315676326
   178      3.070728713070     -8.016521247919      0.772128773367     -0.635466094563
   179      3.926884354470     -7.499803222592      0.856155641400      0.516718025328
   180      2.926905564819     -7.493290139855     -0.999978789652      0.006513082737
   181      3.558142210382     -8.268880429439      0.631236645563     -0.775590289585
   182      4.417205108052     -8.780750469437      0.859062897670     -0.511870039997
   183      3.753565052852     -8.032698414340     -0.663640055200      0.748052055097
   184      3.974446160095     -7.057397672792      0.220881107243      0.975300741548
   185      4.865015664607     -7.512244853320      0.890569504512     -0.454847180527
   186      5.860360158285     -7.415863636763      0.995344493678      0.096381216557
   187      6.255568589825     -8.334455110510      0.395208431540     -0.918591473746
   188      5.386513520830     -8.829170470141     -0.869055068994     -0.494715359631
   189      6.386254300066     -8.851938305624      0.999740779236     -0.022767835483
   190      7.374265375929     -9.006321316260      0.988011075863     -0.154383010636
   191      6.385062050850     -9.152870903951     -0.989203325079     -0.146549587691
   192      5.636029982147     -8.490337161373     -0.749032068703      0.662533742578
   193      5.361971657026     -7.528624088553     -0.274058325121      0.961713072820
   194      6.167749090823     -6.936405609288      0.805777433797      0.592218479265
   195      5.664669311571     -6.072165633524     -0.503079779252      0.864239975764
   196      4.801591224267     -6.577236138716     -0.863078087304     -0.505070505192
   197      4.703484949471     -5.582060195053     -0.098106274796      0.995175943663
   198      4.365558116619     -6.523232578646     -0.337926832852     -0.941172383593
   199      5.007403260584     -7.290066857463      0.641845143965     -0.766834278817
   200      4.640932920666     -8.220496591489     -0.366470339918     -0.930429734026
   201      4.187437041716     -7.329238218303     -0.453495878950      0.891258373187
   202      3.313286212050     -6.843583683684     -0.874150829665      0.485654534618
   203      2.978390668570     -7.785838943663     -0.334895543481     -0.942255259978
   204      3.374507626314     -6.867638880611      0.396116957745      0.918200063051
   205      2.924722249614     -5.974502208592     -0.449785376700      0.893136672020
   206      3.921736998724     -5.897290874857      0.997014749110      0.077211333735
   207      4.920862844175     -5.939094522447      0.999125845451     -0.041803647590
   208      5.891268898509     -5.697615559154      0.970406054334      0.241478963292
   209      5.163933806154     -5.011333063800     -0.727335092354      0.686282495354
   210      4.765884000551     -5.928696869637     -0.398049805603     -0.917363805837
   211      4.773789509869     -4.928728118664      0.007905509318      0.999968750973
   212      5.656560784495     -5.398531137701      0.882771274626     -0.469803019037
   213      6.075296805039     -4.490423134708      0.418736020545      0.908108002992
   214      5.320180748466     -3.834831996036     -0.755116056573      0.655591138672
   215      5.563030104348     -2.864767982505      0.242849355882      0.970064013531
   216      5.778440209784     -1.888244308201      0.215410105435      0.976523674304
   217      5.455905977109     -2.834802108207     -0.322534232675     -0.946557800006
   218      4.469819588789     -3.001035783405     -0.986086388320     -0.166233675198
   219      4.767959232725     -3.955558047532      0.298139643936     -0.954522264127
   220      3.768159500369     -3.935545671853     -0.999799732356      0.020012375678
   221      4.455435178661     -4.661942355511      0.687275678292     -0.726396683657
   222      3.728442786963     -5.348587869887     -0.726992391698     -0.686645514376
   223      4.498046526426     -4.710066073701      0.769603739463      0.638521796186
   224      5.270261868196     -4.074705179457      0.772215341770      0.635360894245
   225      5.910079357321     -4.843232069429      0.639817489125     -0.768526889972
   226      6.778522687734     -5.339020514091      0.868443330413     -0.495788444662
   227      5.779234760368     -5.376751644754     -0.999287927366     -0.037731130664
   228      4.840921468051     -5.722537945035     -0.938313292317     -0.345786300280
   229      5.297048611653     -6.612452563900      0.456127143602     -0.889914618865
   230      5.627254464622     -5.668543619846      0.330205852969      0.943908944054
   231      6.469600981025     -5.129607309783      0.842346516403      0.538936310063
   232      7.437111327560     -4.876775885020      0.967510346535      0.252831424763
   233      8.041343111551     -5.673584488899      0.604231783991     -0.796808603879
   234      7.506988930907     -4.828323813351     -0.534354180644      0.845260675548
   235      8.416589969790     -5.243806604887      0.909601038883     -0.415482791536
   236      9.185766572819     -5.882842874086      0.769176603029     -0.639036269199
   237      9.996664411952     -6.468030617028      0.810897839133     -0.585187742942
   238     10.933515436685     -6.118301925815      0.936851024732      0.349728691214
   239     10.026710352193     -5.696751764220     -0.906805084492      0.421550161594
   240      9.203592314579     -6.264622080538     -0.823118037614     -0.567870316317
   241      8.940518557291     -5.299846356223     -0.263073757288      0.964775724315
   242      9.792952011047     -4.777010620148      0.852433453756      0.522835736075
   243      9.648550622508     -3.787491424282     -0.144401388540      0.989519195866
   244      9.284578269617     -4.718901176395     -0.363972352891     -0.931409752113
   245      8.390589698360     -5.166990938006     -0.893988571257     -0.448089761611
   246      9.282464279589     -4.714708137806      0.891874581229      0.452282800201
   247      8.557095614854     -4.026347549000     -0.725368664734      0.688360588806
   248      7.598988525446     -4.312757753470     -0.958107089409     -0.286410204471
   249      8.243203016020     -5.077602633256      0.644214490574     -0.764844879786
   250      7.782454459796     -5.965133347056     -0.460748556224     -0.887530713800
   251      6.789521688490     -5.846455161756     -0.992932771306      0.118678185299
   252      6.207564304994     -5.033235877803     -0.581957383496      0.813219283954
   253      5.211844924107     -5.125663766055     -0.995719380887     -0.092427888252
   254      6.188563431267     -4.911138807665      0.976718507160      0.214524958390
   255      5.333676139535     -5.429952568504     -0.854887291732     -0.518813760839
   256      4.333686011904     -5.425509074329     -0.999990127631      0.004443494174
   257      5.161700724535     -5.986215446387      0.828014712631     -0.560706372058
   258      5.871323487776     -5.281633631486      0.709622763241      0.704581814902
   259      6.095620523715     -4.307112805814      0.224297035939      0.974520825672
   260      6.051939174292     -5.306158320148     -0.043681349423     -0.999045514335
   261      6.775968208832     -5.995927815808      0.724029034540     -0.689769495660
   262      6.160606303788     -6.784172527697     -0.615361905044     -0.788244711889
   263      7.127286645715     -6.528185972325      0.966680341927      0.255986555372
   264      7.886648371449     -7.178854681801      0.759361725733     -0.650668709476
   265      8.323983785712     -6.279556213310      0.437335414263      0.899298468491
   266      9.250042271659     -6.656936234782      0.926058485947     -0.377380021472
   267      9.908300208158     -7.409728695581      0.658257936499     -0.752792460799
   268      9.764822052280     -8.399382179779     -0.143478155878     -0.989653484198
   269      9.925714696870     -7.412410266847      0.160892644590      0.986971912932
   270      8.927347608246     -7.469534310396     -0.998367088625     -0.057124043549
   271      9.878322884363     -7.778801224589      0.950975276117     -0.309266914193
   272      9.062840746374     -8.357583465697     -0.815482137989     -0.578782241108
   273      9.912810966913     -7.830752729884      0.849970220539      0.526830735813
   274      8.917779571272     -7.731191082199     -0.995031395641      0.099561647684
   275      8.146666438136     -7.094492930871     -0.771113133136      0.636698151328
   276      8.068482707014     -8.091431898004     -0.078183731122     -0.996938967133
   277      7.489538802767     -8.906799272709     -0.578943904247     -0.815367374706
   278      6.721823290020     -8.266008439841     -0.767715512746      0.640790832869
   279      7.589637271299     -8.762897656767      0.867813981279     -0.496889216926
   280      6.899461125510     -9.486539065052     -0.690176145789     -0.723641408285
   281      7.306492892077    -10.399953068122      0.407031766567     -0.913414003071
   282      6.420705833960     -9.935861172404     -0.885787058117      0.464091895719
   283      6.988006078333     -9.112350132566      0.567300244374      0.823511039837
   284      5.990140631977     -9.047046603046     -0.997865446356      0.065303529520
   285      6.558641783068     -8.224364136229      0.568501151092      0.822682466817
   286      6.075280579754     -7.348943124869     -0.483361203314      0.875421011360
   287      6.691073911215     -8.136850843405      0.615793331461     -0.787907718536
   288      7.676062025376     -7.964228669390      0.984988114161      0.172622174015
   289      8.675457990575     -7.929476622773      0.999395965199      0.034752046617
   290      8.706060830207     -8.929008246188      0.030602839632     -0.999531623415
   291      9.542685843320     -8.381232208529      0.836625013113      0.547776037659
   292     10.313809807792     -7.744547175395      0.771123964472      0.636685033134
   293      9.319439909991     -7.638582528715     -0.994369897802      0.105964646680
   294     10.130251869234     -8.223889257488      0.810811959244     -0.585306728773
   295     10.861509685481     -7.541788087442      0.731257816247      0.682101170046
   296     10.218845362351     -6.775640211523     -0.642664323131      0.766147875919
   297      9.599996977006     -7.561150667187     -0.618848385344     -0.785510455664
   298      8.739887620808     -7.051040977630     -0.860109356198      0.510109689557
   299      7.843576501307     -7.494466706539     -0.896311119501     -0.443425728910
   300      8.235323106997     -6.574393558942      0.391746605690      0.920073147598
   301      8.347935441621     -7.568032558826      0.112612334624     -0.993638999884
   302      8.316393305822     -8.567534981869     -0.031542135800     -0.999502423043
   303      7.358533595151     -8.854771425716     -0.957859710671     -0.287236443847
   304      8.120558486427     -9.502319157606      0.762024891276     -0.647547731890
   305      8.874336272820     -8.845189757305      0.753777786393      0.657129400301
   306      8.721933600087     -9.833508241066     -0.152402672733     -0.988318483761
   307      7.797400921181    -10.214611016750     -0.924532678906     -0.381102775684
   308      8.641248533296     -9.678028117724      0.843847612115      0.536582899026
   309      7.844847652853     -9.073259039786     -0.796400880443      0.604769077938
   310      6.923838781843     -8.683717438001     -0.921008871010      0.389541601785
   311      5.941444300568     -8.870535753914     -0.982394481275     -0.186818315913
   312      6.902240206142     -8.593279143835      0.960795905574      0.277256610079
   313      7.717881523716     -9.171837041600      0.815641317574     -0.578557897765
   314      8.658727414847     -8.833002260116      0.940845891130      0.338834781484
   315      8.865465190013     -7.854605871979      0.206737775166      0.978396388137
   316      8.139934925665     -8.542796133110     -0.725530264348     -0.688190261131
   317      7.346249213207     -7.934468104954     -0.793685712458      0.608328028156
   318      6.442181158209     -8.361856630689     -0.904068054999     -0.427388525736
   319      5.466608153489     -8.142181159909     -0.975573004719      0.219675470781
   320      5.589779921663     -7.149795793468      0.123171768174      0.992385366440
   321      5.817056773891     -8.123625980124      0.227276852228     -0.973830186655
   322      4.835824546260     -7.930796222415     -0.981232227631      0.192829757709
   323      4.184339341447     -7.172134883009     -0.651485204813      0.758661339406
   324      3.346769941859     -7.718465827467     -0.837569399589     -0.546330944458
   325      2.789103509143     -6.888400679528     -0.557666432715      0.830065147939
   326      2.733213151155     -5.889963767208     -0.055890357989      0.998436912320
   327      3.730281370326     -5.966481518867      0.997068219171     -0.076517751659
   328      3.357544893645     -5.038544280175     -0.372736476681      0.927937238692
   329      3.177468179915     -6.022196849516     -0.180076713730     -0.983652569342
   330      2.755061766759     -5.115790306003     -0.422406413157      0.906406543514
   331      2.220782246836     -5.961098175711     -0.534279519923     -0.845307869709
   332      1.311544928455     -6.377376326547     -0.909237318381     -0.416278150835
   333      0.426769984006     -6.843394885916     -0.884774944449     -0.466018559369
   334     -0.479455881158     -6.420600986589     -0.906225865164      0.422793899327
   335     -1.391730114484     -6.011021051522     -0.912274233326      0.409579935067
   336     -0.654226691173     -6.686364446104      0.737503423311     -0.675343394581
   337     -0.522916899297     -5.695023062645      0.131309791876      0.991341383458
   338     -1.500277659991     -5.483443424080     -0.977360760694      0.211579638565
   339     -2.447572431318     -5.803806680739     -0.947294771327     -0.320363256659
   340     -2.670499675778     -6.778641766114     -0.222927244460     -0.974835085375
   341     -3.178131677894     -7.640215762023     -0.507632002116     -0.861573995910
   342     -3.688098298341     -6.780021571139     -0.509966620447      0.860194190884
   343     -4.069986032058     -7.704230291524     -0.381887733718     -0.924208720385
   344     -4.923299230253     -7.182831609337     -0.853313198195      0.521398682188
   345     -3.947713244232     -7.402449422546      0.975585986021     -0.219617813209
   346     -4.944985199907     -7.328634475386     -0.997271955675      0.073814947160
   347     -4.457480712464     -6.455513994167      0.487504487442      0.873120481219
   348     -4.641170009972     -5.472529639266     -0.183689297508      0.982984354902
   349     -3.789029732667     -5.995843070963      0.852140277305     -0.523313431697
   350     -3.713328637590     -6.992973626208      0.075701095077     -0.997130555245
   351     -4.096263837272     -6.069198419329     -0.382935199682      0.923775206879
   352     -3.411743377062     -6.798192067830      0.684520460210     -0.728993648501
   353     -3.961672935805     -7.633403107280     -0.549929558744     -0.835211039451
   354     -4.918049812014     -7.925538813167     -0.956376876208     -0.292135705886
   355     -4.016892304472     -7.492047006322      0.901157507542      0.433491806845
   356     -4.942672270905     -7.870109770624     -0.925779966433     -0.378062764302
   357     -5.928313091175     -8.038965251490     -0.985640820270     -0.168855480866
   358     -6.680772608014     -7.380326750097     -0.752459516840      0.658638501393
   359     -6.627698474926     -8.378917325056      0.053074133089     -0.998590574959
   360     -6.519639772024     -7.384772810045      0.108058702901      0.994144515011
   361     -7.226987609647     -6.677907167500     -0.707347837623      0.706865642544
   362     -6.384817859164     -7.217119659354      0.842169750483     -0.539212491854
   363     -5.389683612767     -7.315647988512      0.995134246398     -0.098528329158
   364     -4.679226380224     -6.611907609730      0.710457232543      0.703740378782
   365     -4.794823961595     -5.618611481085     -0.115597581371      0.993296128645
   366     -5.758113745731     -5.887075243590     -0.963289784136     -0.268463762505
   367     -6.502626452401     -5.219466953044     -0.744512706670      0.667608290546
   368     -5.773342152948     -4.535256159085      0.729284299454      0.684210793959
   369     -6.574179774222     -3.936374614577     -0.800837621275      0.598881544507
   370     -6.498502396940     -4.933506970169      0.075677377282     -0.997132355592
   371     -5.533340165652     -5.195159157805      0.965162231288     -0.261652187636
   372     -4.919127712358     -5.984299869097      0.614212453294     -0.789140711292
   373     -5.537981297868     -6.769806227888     -0.618853585510     -0.785506358791
   374     -4.790781231957     -7.434405401453      0.747200065910     -0.664599173565
   375     -3.796351409064     -7.329004607620      0.994429822893      0.105400793833
   376     -3.211731807983     -8.140312146124      0.584619601081     -0.811307538503
   377     -3.582049759634     -7.211407083867     -0.370317951650      0.928905062256
   378     -4.405854924198     -6.644534037377     -0.823805164564      0.566873046490
   379     -4.891567153362     -7.518652811023     -0.485712229164     -0.874118773646
   380     -5.356784607561     -8.403849241376     -0.465217454199     -0.885196430352
   381     -6.321080057367     -8.139020456150     -0.964295449806      0.264828785225
   382     -5.967432244033     -7.203641803345      0.353647813334      0.935378652805
   383     -6.713838801761     -7.869132036617     -0.746406557728     -0.665490233272
   384     -5.796501716538     -8.267243418111      0.917337085223     -0.398111381494
   385     -5.884048756047     -7.271083031490     -0.087547039508      0.996160386621
   386     -6.635909583727     -6.611761186107     -0.751860827680      0.659321845384
   387     -6.297163303460     -7.552638945226      0.338746280267     -0.940877759119
   388     -6.139595912349     -6.565130708674      0.157567391111      0.987508236552
   389     -6.585918638588     -7.460002780001     -0.446322726239     -0.894872071328
   390     -7.265072710597     -6.726007039909     -0.679154072009      0.733995740092
   391     -8.003435281401     -6.051603070439     -0.738362570804      0.674403969469
   392     -7.283663689423     -6.745814029285      0.719771591978     -0.694210958846
   393     -6.425198350465     -6.232942445154      0.858465338957      0.512871584131
   394     -5.596604147760     -5.673092780296      0.828594202706      0.559849664859
   395     -4.596895542580     -5.648953502564      0.999708605180      0.024139277732
   396     -5.287151225169     -6.372519043931     -0.690255682589     -0.723565541367
   397     -5.888228887115     -7.171709662187     -0.601077661946     -0.799190618257
   398     -6.557062106881     -7.915122148051     -0.668833219766     -0.743412485863
   399     -5.853640500777     -8.625894997888      0.703421606104     -0.710772849837
   400     -5.530709964170     -7.679472328820      0.322930536607      0.946422669068
   401     -4.653470480991     -8.159525335427      0.877239483178     -0.480053006607
   402     -5.605938719555     -7.854887428187     -0.952468238563      0.304637907240
   403     -6.478158370072     -8.344001812817     -0.872219650517     -0.489114384630
   404     -6.093151305571     -9.266915438398      0.385007064501     -0.922913625582
   405     -5.153470136007     -8.924863834738      0.939681169564      0.342051603660
   406     -4.332109944192     -8.354453951143      0.821360191814      0.570409883595
   407     -4.981037936293     -7.593604122946     -0.648927992101      0.760849828197
   408     -5.651331461942     -6.851508044616     -0.670293525649      0.742096078330
   409     -4.972913609128     -7.586184311405      0.678417852815     -0.734676266789
   410     -5.966027688780     -7.703335601612     -0.993114079652     -0.117151290208
   411     -4.984024471583     -7.514471413861      0.982003217197      0.188864187751
   412     -5.127623943045     -6.524835525367     -0.143599471462      0.989635888494
   413     -5.767247759208     -5.756147439211     -0.639623816163      0.768688086155
   414     -4.924768828371     -5.217418146249      0.842478930837      0.538729292963
   415     -4.688598138324     -4.245706560868      0.236170690047      0.971711585381
   416     -5.037033192220     -3.308373635373     -0.348435053896      0.937332925495
   417     -5.318845587870     -2.348904108156     -0.281812395650      0.959469527217
   418     -4.394275178260     -2.729915338535      0.924570409609     -0.381011230379
   419     -3.413887680958     -2.532835773044      0.980387497302      0.197079565491
   420     -3.315663006446     -3.528000037533      0.098224674513     -0.995164264489
   421     -3.526858581311     -4.505443861575     -0.211195574865     -0.977443824042
   422     -4.384808608799     -5.019177012474     -0.857950027489     -0.513733150899
   423     -4.684372573203     -5.973253231248     -0.299563964403     -0.954076218774
   424     -5.648151192664     -6.239956760788     -0.963778619461     -0.266703529540
   425     -4.658117104069     -6.380784682093      0.990034088595     -0.140827921305
   426     -5.440820166888     -7.003179986906     -0.782703062819     -0.622395304813
   427     -5.140328644404     -6.049395501336      0.300491522484      0.953784485571
   428     -5.087817236187     -5.050775177085      0.052511408217      0.998620324251
   429     -4.368265071426     -5.745213570456      0.719552164760     -0.694438393372
   430     -3.936201754021     -4.843370297070      0.432063317405      0.901843273387
   431     -2.942894267587     -4.727870351647      0.993307486435      0.115499945423
   432     -2.011319964871     -5.091421336407      0.931574302715     -0.363550984760
   433     -1.011952940570     -5.055846756437      0.999367024301      0.035574579970
   434     -1.981552270692     -5.300544813289     -0.969599330122     -0.244698056852
   435     -1.471140724964     -6.160475074408      0.510411545728     -0.859930261119
   436     -0.768089572173     -6.871614355111      0.703051152791     -0.711139280703
   437      0.009201368608     -7.500755669427      0.777290940781     -0.629141314316
   438      0.670281020324     -8.251071399028      0.661079651716     -0.750315729601
   439      0.253364501234     -7.342126617367     -0.416916519090      0.908944781661
   440      0.449780744239     -6.361606011013      0.196416243005      0.980520606353
   441     -0.529227383219     -6.157784799234     -0.979008127458      0.203821211779
   442     -1.417601871016     -6.616904358207     -0.888374487797     -0.459119558973
   443     -2.211228397220     -7.225309598901     -0.793626526205     -0.608405240694
   444     -3.083292834415     -6.735918530960     -0.872064437194      0.489391067941
   445     -4.015483623596     -6.373951222262     -0.932190789181      0.361967308698
   446     -4.989217275925     -6.601641306196     -0.973733652329     -0.227690083933
   447     -5.803977457899     -7.181439414048     -0.814760181974     -0.579798107853
   448     -5.007495800390     -7.786102104523      0.796481657509     -0.604662690474
   449     -4.276470406241     -7.103751847609      0.731025394149      0.682350256913
   450     -3.402012034301     -7.588852410115      0.874458371940     -0.485100562506
   451     -2.427657917335     -7.813872530885      0.974354116966     -0.225020120770
   452     -1.431339264265     -7.728145396649      0.996318653070      0.085727134236
   453     -2.040403729280     -8.521266117255     -0.609064465015     -0.793120720607
   454     -2.455335963604     -9.431118435447     -0.414932234324     -0.909852318192
   455     -2.100646502694     -8.496134271774      0.354689460909      0.934984163673
   456     -2.339644857060     -7.525114299471     -0.238998354365      0.971019972303
   457     -1.360188040624     -7.726768321840      0.979456816436     -0.201654022368
   458     -1.504922987272     -8.716238783864     -0.144734946648     -0.989470462024
   459     -2.281350781419     -9.346445004459     -0.776427794147     -0.630206220595
   460     -2.319088454756    -10.345732684765     -0.037737673337     -0.999287680306
   461     -1.580903990432    -11.020331600144      0.738184464324     -0.674598915379
   462     -1.712018670208    -10.028964392321     -0.131114679776      0.991367207823
   463     -1.302583547201     -9.116625157141      0.409435123007      0.912339235180
   464     -0.336463088240     -9.374716727668      0.966120458961     -0.258091570527
   465     -0.162449233427     -8.389973523409      0.174013854813      0.984743204258
   466     -0.152753302648     -7.390020530051      0.009695930779      0.999952993358
   467     -0.517422638233     -6.458883442569     -0.364669335585      0.931137087482
   468     -0.555043856444     -5.459591371180     -0.037621218211      0.999292071389
   469      0.423826323804     -5.255108681886      0.978870180248      0.204482689295
   470      1.174208251573     -4.594104171706      0.750381927769      0.661004510179
   471      2.030408407185     -5.110748433777      0.856200155612     -0.516644262070
   472      1.038339727443     -5.236445429266     -0.992068679742     -0.125696995489
   473      1.298603657769     -4.270907917529      0.260263930326      0.965537511737
   474      2.204021610642     -3.846386621697      0.905417952873      0.424521295832
   475      3.196555168991     -3.968358485467      0.992533558349     -0.121971863770
   476      2.864873040633     -4.911749690496     -0.331682128358     -0.943391205030
   477      1.903013480387     -5.185293446346     -0.961859560245     -0.273543755850
   478      2.648812397042     -5.851464577451      0.745798916655     -0.666171131104
   479      1.692813329933     -5.558094872663     -0.955999067109      0.293369704787
   480      1.403956586659     -4.600722540775     -0.288856743274      0.957372331888
   481      1.552791608046     -5.589584581916      0.148835021386     -0.988862041141
   482      0.588427362681     -5.325006422834     -0.964364245364      0.264578159081
   483     -0.398790352993     -5.165628940551     -0.987217715674      0.159377482284
   484     -0.278498829827     -6.158367551392      0.120291523166     -0.992738610841
   485      0.269678533056     -6.994729661259      0.548177362884     -0.836362109868
   486      1.045885787166     -6.364251827654      0.776207254109      0.630477833606
   487      1.519087443145     -5.483297689927      0.473201655979      0.880954137727
   488      0.525127623947     -5.593042292621     -0.993959819198     -0.109744602695
   489      1.327990981263     -4.996879202955      0.802863357316      0.596163089666
   490      1.811860834933     -5.872019171594      0.483869853670     -0.875139968639
   491      2.492778686697     -6.604378973296      0.680917851764     -0.732359801702
   492      3.329144393147     -7.152550848782      0.836365706450     -0.548171875486
   493      4.178102267882     -6.624090323363      0.848957874734      0.528460525420
   494      3.254989885843     -6.239560051307     -0.923112382039      0.384530272055
   495      2.380264523242     -6.724179015053     -0.874725362601     -0.484618963746
   496      3.207268431511     -7.286375186961      0.827003908269     -0.562196171908
   497      2.430744115740     -6.656287901725     -0.776524315771      0.630087285237
   498      1.443928123908     -6.494441683777     -0.986815991832      0.161846217947
   499      0.661949581904     -5.871136333371     -0.781978542004      0.623305350407
   500      0.316800237433     -6.809684110531     -0.345149344471     -0.938547777160
   501      1.205542552159     -6.351276979243      0.888742314726      0.458407131287
   502      1.383122388312     -7.335383376841      0.177579836153     -0.984106397597
   503      0.509868003703     -7.822647965910     -0.873254384609     -0.487264589070
   504      1.161046998422     -7.063723782058      0.651178994719      0.758924183853
   505      2.055768028362     -6.617098347735      0.894721029940      0.446625434323
   506      2.164512478866     -5.623028609495      0.108744450504      0.994069738240
   507      1.512727670395     -4.864624651537     -0.651784808471      0.758403957958
   508      1.869088179367     -5.798973188029      0.356360508972     -0.934348536492
   509      2.099394285124     -6.772091422187      0.230306105756     -0.973118234158
   510      3.097078919224     -6.840101501436      0.997684634101     -0.068010079249
   511      3.001387675376     -5.844690437679     -0.095691243848      0.995411063757
   512      2.828854124139     -6.829694079143     -0.172533551238     -0.985003641464
   513      2.427251174738     -5.913880194649     -0.401602949401      0.915813884494
   514      2.829016232659     -4.998137415134      0.401765057921      0.915742779515
   515      3.791391001689     -4.726411811013      0.962374769030      0.271725604120
   516      3.144000302076     -3.964253505899     -0.647390699613      0.762158305114
   517      2.341760719867     -4.561255727618     -0.802239582208     -0.597002221719
   518      1.553210607027     -3.946285224636     -0.788550112841      0.614970502983
   519      2.289979817014     -3.270140912218      0.736769209987      0.676144312417
   520      3.258672095260     -3.518405428543      0.968692278246     -0.248264516325
   521      2.350378727364     -3.936739216128     -0.908293367896     -0.418333787585
   522      1.811424727128     -4.779074414033     -0.538954000236     -0.842335197905
   523      0.885856450334     -5.157655138573     -0.925568276794     -0.378580724539
   524      1.548295249320     -4.408539101101      0.662438798987      0.749116037472
   525      0.820563270074     -5.094400724450     -0.727731979246     -0.685861623349
   526     -0.146991166949     -4.841738080999     -0.967554437024      0.252662643451
   527     -1.096413595861     -4.527736406672     -0.949422428911      0.314001674328
   528     -0.790998377785     -3.575517133306      0.305415218075      0.952219273365
   529     -1.339907750213     -4.411399003466     -0.548909372428     -0.835881870159
   530     -1.121121434107     -3.435626208249      0.218786316106      0.975772795217
   531     -1.524187058115     -2.520455129847     -0.403065624008      0.915171078402
   532     -2.086100610025     -3.347651092228     -0.561913551910     -0.827195962381
   533     -1.581236748942     -2.484452110664      0.504863861083      0.863198981564
   534     -1.016379030622     -3.309640427386      0.564857718321     -0.825188316721
   535     -1.468442917118     -4.201625989223     -0.452063886496     -0.891985561837
   536     -1.064757743629     -5.116523951132      0.403685173489     -0.914897961909
   537     -1.803296429137     -4.442312849171     -0.738538685508      0.674211101962
   538     -2.232958232733     -5.345302735343     -0.429661803596     -0.902989886173
   539     -2.916432304673     -4.615327946062     -0.683474071940      0.729974789281
   540     -3.846150103424     -4.983600691029     -0.929717798751     -0.368272744967
   541     -2.903681947113     -5.317896629293      0.942468156311     -0.334295938264
   542     -2.111178566846     -4.708029109036      0.792503380267      0.609867520258
   543     -1.115377881039     -4.799576878783      0.995800685807     -0.091547769747
   544     -0.456474308529     -5.551804292624      0.658903572509     -0.752227413841
   545     -0.881720969506     -4.646726794656     -0.425246660976      0.905077497968
   546     -1.792996897329     -5.058523083335     -0.911275927823     -0.411796288680
   547     -2.485684981076     -5.779760366506     -0.692688083747     -0.721237283170
   548     -2.590366101256     -4.785254527871     -0.104681120181      0.994505838634
   549     -1.676743402256     -5.191817639664      0.913622699001     -0.406563111793
   550     -2.358634348760     -4.460363788026     -0.681890946504      0.731453851638
   551     -2.385722430998     -3.460730737452     -0.027088082239      0.999633050574
   552     -2.292675831830     -4.456392492459      0.093046599168     -0.995661755007
   553     -2.224259231237     -3.458735653278      0.068416600593      0.997656839180
   554     -2.992699944839     -4.098656640337     -0.768440713603     -0.639920987059
   555     -1.993297164155     -4.133212131358      0.999402780685     -0.034555491021
   556     -2.328158804138     -5.075479440601     -0.334861639983     -0.942267309243
   557     -2.672095781692     -4.136486706087     -0.343936977554      0.938992734515
   558     -1.710183113555     -4.409843650171      0.961912668136     -0.273356944084
   559     -1.840026902126     -3.418309187547     -0.129843788570      0.991534462623
   560     -2.479023401033     -2.649099544873     -0.638996498908      0.769209642675
   561     -1.543228693679     -2.296554135475      0.935794707355      0.352545409397
   562     -1.027162906019     -3.153103084927      0.516065787659     -0.856548949452
   563     -1.040129685289     -2.153187157144     -0.012966779270      0.999915927784
   564     -1.361975251918     -1.206394977602     -0.321845566629      0.946792179542
   565     -1.840438249952     -0.328287262391     -0.478462998034      0.878107715211
   566     -2.449523492830      0.464817501753     -0.609085242878      0.793104764144
   567     -3.183710669839     -0.214129616302     -0.734187177009     -0.678947118055
   568     -2.637890198566     -1.052031766400      0.545820471273     -0.837902150098
   569     -1.683295159929     -0.754125216942      0.954595038637      0.297906549458
   570     -2.343635382555     -1.505091787691     -0.660340222627     -0.750966570748
   571     -1.867787139158     -0.625564386608      0.475848243398      0.879527401083
   572     -1.870407661916     -1.625560953032     -0.002620522758     -0.999996566424
   573     -0.971137874340     -1.188166566747      0.899269787576      0.437394386285
   574     -0.230743977393     -0.515993317233      0.740393896948      0.672173249514
   575     -0.702054334048      0.365974112840     -0.471310356655      0.881967430073
   576     -1.645641363098      0.034849485836     -0.943587029050     -0.331124627004
   577     -1.510238556914     -0.955941147991      0.135402806183     -0.990790633826
   578     -1.218370958425      0.000517583452      0.291867598490      0.956458731442
   579     -1.977565184974     -0.650346554733     -0.759194226549     -0.650864138184
   580     -1.581565076456      0.267903908950      0.396000108518      0.918250463683
   581     -0.807494465954      0.901003182333      0.774070610502      0.633099273383
   582     -1.697538387869      0.445128400114     -0.890043921915     -0.455874782219
   583     -2.456796675632      1.095917807267     -0.759258287763      0.650789407153
   584     -1.700543488512      1.750196889135      0.756253187120      0.654279081868
   585     -2.156277532653      0.860080896126     -0.455734044141     -0.890115993009
   586     -2.962275540053      0.268162648335     -0.805998007400     -0.591918247791
   587     -3.928992544482      0.012314581416     -0.966717004430     -0.255848066920
   588     -3.259850695071     -0.730820120618      0.669141849411     -0.743134702034
   589     -3.931411822227      0.010129035865     -0.671561127155      0.740949156484
   590     -3.264990183168     -0.735446043516      0.666421639058     -0.745575079382
   591     -2.340076514222     -1.115623245616      0.924913668946     -0.380177202100
   592     -1.342313403767     -1.182472145495      0.997763110455     -0.066848899879
   593     -0.551023596305     -0.571030864089      0.791289807462      0.611441281406
   594      0.199747294424      0.089531827587      0.750770890729      0.660562691676
   595     -0.669132006452      0.584555827520     -0.868879300875      0.495023999934
   596     -0.700807576653     -0.414942375706     -0.031675570202     -0.999498203226
   597     -0.361510430364     -1.355621623122      0.339297146289     -0.940679247417
   598     -0.857680149668     -0.487396070834     -0.496169719303      0.868225552289
   599     -0.165972694619     -1.209573885939      0.691707455049     -0.722177815105
   600     -0.142934756589     -0.209839294454      0.023037938030      0.999734591485
   601      0.815169766596     -0.496258083386      0.958104523184     -0.286418788932
   602      0.237990032636      0.320359057449     -0.577179733960      0.816617140835
   603     -0.062327803633     -0.633480130894     -0.300317836269     -0.953839188343
   604     -1.014355713520     -0.939491337870     -0.952027909888     -0.306011206976
   605     -0.017694782141     -1.021142962845      0.996660931380     -0.081651624975
   606      0.974479291059     -1.146005320944      0.992174073200     -0.124862358099
   607      0.003266495256     -1.384218891647     -0.971212795804     -0.238213570703
   608      0.770216628868     -2.025925594551      0.766950133612     -0.641706702904
   609      1.604669997190     -1.474847037450      0.834453368322      0.551078557101
   610      2.222613665365     -2.261069412458      0.617943668175     -0.786222375008
   611      2.775959506754     -1.428117805330      0.553345841389      0.832951607128
   612      3.209127161137     -0.526804439626      0.433167654383      0.901313365704
   613      3.070900616360      0.463596197651     -0.138226544777      0.990400637277
   614      2.850125913766     -0.511728635774     -0.220774702594     -0.975324833425
   615      2.236239563770      0.277665783569     -0.613886349996      0.789394419342
   616      3.090167997892      0.798056242166      0.853928434121      0.520390458597
   617      3.861328198068      1.434697385719      0.771160200176      0.636641143553
   618      4.111678222569      2.402852778842      0.250350024502      0.968155393122
   619      3.469576492329      1.636233337383     -0.642101730240     -0.766619441459
   620      3.856968209515      0.714318125742      0.387391717186     -0.921915211641
   621      3.628968959682     -0.259343181940     -0.227999249833     -0.973661307681
   622      2.702942127436     -0.636800869583     -0.926026832246     -0.377457687643
   623      2.142543790211     -1.465024090481     -0.560398337226     -0.828223220898
   624      1.737175978649     -0.550870417760     -0.405367811561      0.914153672721
   625      2.475716388890      0.123338794905      0.738540410241      0.674209212665
   626      3.120102573481      0.888039027092      0.644386184591      0.764700232188
   627      2.189330189837      1.253638219987     -0.930772383644      0.365599192895
   628      1.592448537292      0.451308927953     -0.596881652545     -0.802329292034
   629      0.601427350951      0.585013857642     -0.991021186341      0.133704929689
   630      1.560577539620      0.302116498914      0.959150188669     -0.282897358729
   631      0.863824721873     -0.415194807955     -0.696752817747     -0.717311306868
   632      0.094306107810      0.223429575083     -0.769518614063      0.638624383038
   633      0.912896078982     -0.350948748930      0.818589971173     -0.574378324013
   634      0.395624240245     -1.206769901303     -0.517271838737     -0.855821152373
   635      1.392735201957     -1.282728640318      0.997110961713     -0.075958739015
   636      0.503208268350     -0.825845904391     -0.889526933607      0.456882735927
   637      0.455184466372      0.173000287194     -0.048023801978      0.998846191585
   638     -0.222074138795      0.908745339319     -0.677258605167      0.735745052125
   639     -0.187957125233      1.908163184560      0.034117013562      0.999417845241
   640     -1.128359348029      1.568098985679     -0.940402222796     -0.340064198880
   641     -1.652999234160      0.716774729076     -0.524639886130     -0.851324256603
   642     -2.614202274788      0.440932899964     -0.961203040628     -0.275841829112
   643     -3.236077623647     -0.342183343311     -0.621875348860     -0.783116243275
   644     -3.239058880698     -1.342178899354     -0.002981257051     -0.999995556043
   645     -3.900579887868     -2.092105533814     -0.661521007170     -0.749926634460
   646     -3.534106197493     -1.161677119447      0.366473690376      0.930428414367
   647     -4.007783352410     -0.280978559831     -0.473677154917      0.880698559616
   648     -4.186251546745      0.702967121399     -0.178468194336      0.983945681230
   649     -3.391354714037      1.309711734354      0.794896832708      0.606744612955
   650     -4.390342391399      1.264727064970     -0.998987677362     -0.044984669384
   651     -5.229805197623      0.721309916762     -0.839462806224     -0.543417148208
   652     -4.897830183042      1.664598096320      0.331975014581      0.943288179558
   653     -4.163098237173      2.342955647852      0.734731945869      0.678357551532
   654     -4.603380022093      1.445095998537     -0.440281784919     -0.897859649315
   655     -5.072635543491      2.328158428741     -0.469255521398      0.883062430204
   656     -6.060735554467      2.481971199047     -0.988100010976      0.153812770307
   657     -5.239356494473      3.052353912499      0.821379059993      0.570382713452
   658     -5.125783012710      4.045883511575      0.113573481764      0.993529599076
   659     -4.566264570580      3.217065610636      0.559518442130     -0.828817900939
   660     -3.579976309379      3.382097322183      0.986288261202      0.165031711546
   661     -3.815898253747      2.410325313857     -0.235921944369     -0.971772008326
   662     -4.381705625635      3.234862770809     -0.565807371888      0.824537456952
   663     -3.446766499025      2.880054612034      0.934939126610     -0.354808158775
   664     -4.434780260061      2.725688786793     -0.988013761037     -0.154365825241
   665     -5.232432187835      2.122570720309     -0.797651927773     -0.603118066484
   666     -4.574898495166      2.875995861252      0.657533692668      0.753425140944
   667     -3.708984828859      3.376189346318      0.865913666307      0.500193485065
   668     -4.312595029528      4.173468924414     -0.603610200669      0.797279578096
   669     -4.303631265663      5.173428749075      0.008963763864      0.999959824662
   670     -5.078477467077      5.805578544736     -0.774846201414      0.632149795661
   671     -5.574604740825      4.937328737225     -0.496127273748     -0.868249807511
   672     -4.643947517919      4.571436494273      0.930657222906     -0.365892242951
   673     -4.559763153536      3.574986298431      0.084184364383     -0.996450195842
   674     -4.951637678757      2.654967626619     -0.391874525221     -0.920018671812
   675     -5.790821360389      2.111119533414     -0.839183681632     -0.543848093205
   676     -5.708582258050      1.114506905536      0.082239102339     -0.996612627878
   677     -5.262971683227      2.009733812865      0.445610574823      0.895226907329
   678     -4.411378531320      1.485530509149      0.851593151906     -0.524203303715
   679     -3.549614137951      1.992839222184      0.861764393369      0.507308713035
   680     -2.705052123053      2.528296973078      0.844562014897      0.535457750894
   681     -3.699243094257      2.420666527674     -0.994190971203     -0.107630445404
   682     -4.109611566947      1.508746730421     -0.410368472690     -0.911919797253
   683     -4.810116398366      0.795099071447     -0.700504831419     -0.713647658974
   684     -4.970401276170      1.782169868273     -0.160284877805      0.987070796826
   685     -4.736409243288      0.809931354046      0.233992032883     -0.972238514228
   686     -4.278141454857     -0.078882818932      0.458267788431     -0.888814172978
   687     -4.529391427521      0.889039415153     -0.251249972664      0.967922234085
   688     -3.676368967707      0.367165212827      0.853022459814     -0.521874202326
   689     -4.452487500553     -0.263421833483     -0.776118532845     -0.630587046310
   690     -3.995041035475      0.625815329252      0.457446465077      0.889237162735
   691     -3.572920375509     -0.280724327040      0.422120659967     -0.906539656292
   692     -4.299753094940      0.406090202483     -0.726832719432      0.686814529523
   693     -5.275633599911      0.624395584958     -0.975880504971      0.218305382475
   694     -5.558044863885      1.583689011383     -0.282411263973      0.959293426424
   695     -6.281364944502      0.893176114345     -0.723320080617     -0.690512897038
   696     -5.434596135555      0.361215040398      0.846768808947     -0.531961073947
   697     -6.325751457147      0.814913390404     -0.891155321592      0.453698350006
   698     -5.720519937968      1.610962891497      0.605231519179      0.796049501094
   699     -6.662505060073      1.275308262851     -0.941985122106     -0.335654628646
   700     -7.532897223271      0.782949163977     -0.870392163198     -0.492359098874
   701     -8.231020813652      0.066971893002     -0.698123590381     -0.715977270975
   702     -7.264251003224      0.322620350156      0.966769810428      0.255648457154
   703     -6.519053555478     -0.344223532528      0.745197447746     -0.666843882684
   704     -6.245627746922     -1.306116628051      0.273425808556     -0.961893095523
   705     -5.466462377728     -0.679298211404      0.779165369194      0.626818416648
   706     -5.307960188982     -1.666656837316      0.158502188746     -0.987358625912
   707     -6.158674235535     -2.192285614113     -0.850714046553     -0.525628776797
   708     -7.111748079088     -2.495023534985     -0.953073843553     -0.302737920872
   709     -6.331709500814     -3.120754960122      0.780038578274     -0.625731425137
   710     -6.511599638110     -2.137068252626     -0.179890137296      0.983686707496
   711     -6.174716696139     -1.195521714526      0.336882941971      0.941546538100
   712     -6.844811192002     -0.453245912270     -0.670094495863      0.742275802256
   713     -6.172331621705      0.286869772966      0.672479570298      0.740115685236
   714     -5.198629194687      0.514693353002      0.973702427017      0.227823580036
   715     -4.207742916546      0.379992262469      0.990886278142     -0.134701090533
   716     -3.736360929441     -0.501936885611      0.471381987104     -0.881929148080
   717     -4.641443938062     -0.927171817745     -0.905083008620     -0.425234932134
   718     -4.979927226783     -1.868144220771     -0.338483288722     -0.940972403026
   719     -4.110619613084     -2.362415677325      0.869307613699     -0.494271456555
   720     -5.094175352908     -2.181810841680     -0.983555739824      0.180604835645
   721     -4.193635977680     -1.747036378696      0.900539375228      0.434774462985
   722     -4.140031427625     -0.748474136162      0.053604550055      0.998562242533
   723     -3.419632525235     -1.442034098556      0.720398902390     -0.693559962394
   724     -4.145316579226     -2.130062189395     -0.725684053990     -0.688028090840
   725     -5.075379542120     -2.497462359581     -0.930062962894     -0.367400170186
   726     -5.967022118306     -2.044722349936     -0.891642576186      0.452740009644
   727     -6.904536622688     -2.392668544158     -0.937514504382     -0.347946194221
   728     -6.658643487502     -3.361965488375      0.245893135186     -0.969296944217
   729     -6.550177297246     -4.356065626978      0.108466190256     -0.994100138603
   730     -5.778639738245     -4.992249401567      0.771537559002     -0.636183774589
   731     -5.401068830458     -4.066268727042      0.377570907786      0.925980674525
   732     -6.224196519068     -4.634125054157     -0.823127688610     -0.567856327115
   733     -6.500279297870     -3.672991192903     -0.276082778802      0.961133861254
   734     -6.535609464246     -4.672366887696     -0.035330166376     -0.999375694793
   735     -5.818231359450     -5.369050929970      0.717378104796     -0.696684042274
   736     -4.824414590221     -5.480083489151      0.993816769229     -0.111032559181
   737     -5.656392643202     -6.034892032126     -0.831978052981     -0.554808542975
   738     -4.904717657821     -6.694425743435      0.751674985381     -0.659533711309
   739     -4.498603362089     -5.780603452832      0.406114295732      0.913822290602
   740     -5.492340318195     -5.892348081649     -0.993736956106     -0.111744628817
   741     -6.217823436269     -6.580588043719     -0.725483118074     -0.688239962069
   742     -6.963092813785     -5.913824551215     -0.745269377516      0.666763492504
   743     -6.235615691162     -5.227692613422      0.727477122623      0.686131937793
   744     -6.233274351563     -6.227689872482      0.002341339599     -0.999997259061
   745     -5.492982723586     -5.555403991664      0.740291627976      0.672285880819
   746     -6.051802411290     -6.384693179242     -0.558819687704     -0.829289187578
   747     -6.713471316943     -5.634897034085     -0.661668905653      0.749796145157
   748     -6.352343053805     -4.702380880036      0.361128263139      0.932516154049
   749     -7.349604049079     -4.628418002152     -0.997260995274      0.073962877885
   750     -8.188328874908     -5.172973478240     -0.838724825829     -0.544555476088
   751     -8.108299239607     -4.176180993580      0.080029635301      0.996792484659
   752     -7.671556725102     -5.075767551964      0.436742514505     -0.899586558383
   753     -8.049389253607     -4.149893597041     -0.377832528505      0.925873954922
   754     -8.352199940537     -5.102944323855     -0.302810686930     -0.953050726814
   755     -7.894391565731     -5.991995217763      0.457808374806     -0.889050893907
   756     -8.491625381675     -5.189928032863     -0.597233815944      0.802067184900
   757     -9.238384571133     -5.855022547169     -0.746759189458     -0.665094514306
   758     -8.312583672244     -5.477011045206      0.925800898889      0.378011501962
   759     -9.301364048099     -5.626387644193     -0.988780375855     -0.149376598987
   760     -8.662673918008     -4.856923598428      0.638690130090      0.769464045765
   761     -8.371272815903     -3.900322637896      0.291401102105      0.956600960533
   762     -8.923111327291     -4.734273630070     -0.551838511388     -0.833950992174
   763     -9.475692364907     -5.567732805355     -0.552581037616     -0.833459175285
   764     -8.563126962305     -5.976663589196      0.912565402603     -0.408930783841
   765     -8.256608060513     -6.928528160890      0.306518901791     -0.951864571693
   766     -8.253839802289     -5.928531992524      0.002768258224      0.999996168366
   767     -7.459115367195     -5.321561587756      0.794724435095      0.606970404768
   768     -8.144670408432     -6.049582387894     -0.685555041237     -0.728020800138
   769     -8.089842246393     -7.048078192917      0.054828162039     -0.998495805022
   770     -7.447021190626     -6.282061815637      0.642821055768      0.766016377280
   771     -7.959974928852     -5.423645563204     -0.512953738226      0.858416252432
   772     -8.738860072588     -6.050812154204     -0.778885143737     -0.627166590999
   773     -9.291193927083     -6.884435158433     -0.552333854494     -0.833623004229
   774     -8.856137207457     -7.784838207466      0.435056719626     -0.900403049033
   775     -9.203353771916     -6.847053233516     -0.347216564459      0.937784973949
   776     -8.203939181214     -6.881265451967      0.999414590702     -0.034212218451
   777     -8.600937293948     -7.799084877827     -0.396998112735     -0.917819425860
   778     -7.695936525425     -8.224494808333      0.905000768523     -0.425409930506
   779     -6.759116191664     -7.874683913347      0.936820333762      0.349810894986
   780     -6.206404495241     -7.041311379220      0.552711696423      0.833372534127
   781     -5.546015492894     -7.792235054156      0.660389002347     -0.750923674936
   782     -5.751797673269     -6.813637233680     -0.205782180375      0.978597820476
   783     -5.900755145563     -7.802480836808     -0.148957472294     -0.988843603128
   784     -6.470396960638     -6.980587776539     -0.569641815075      0.821893060269
   785     -7.348214711972     -6.501593000531     -0.877817751334      0.478994776008
   786     -6.451131057958     -6.059732255837      0.897083654014      0.441860744694
   787     -5.451587143719     -6.089930989375      0.999543914239     -0.030198733538
   788     -6.259669173483     -6.679000962445     -0.808082029764     -0.589069973070
   789     -5.684468996382     -5.860988275341      0.575200177101      0.818012687104
   790     -5.525428197310     -4.873716264075      0.159040799071      0.987272011267
   791     -6.404852572074     -5.349754885482     -0.879424374764     -0.476038621408
   792     -7.392962422156     -5.196005335332     -0.988109850082      0.153749550150
   793     -6.722606493167     -4.453965627183      0.670355928988      0.742039708149
   794     -6.133707525468     -3.645758966828      0.588898967699      0.808206660355
   795     -5.384089508234     -4.307629670393      0.749618017234     -0.661870703565
   796     -4.561282733405     -4.875950892322      0.822806774829     -0.568321221929
   797     -5.551345059789     -5.016580156258     -0.990062326384     -0.140629263936
   798     -4.699133547287     -5.539777574025      0.852211512502     -0.523197417768
   799     -4.137476833377     -6.367147947993      0.561656713910     -0.827370373968
   800     -4.149480092555     -7.367075906283     -0.012003259178     -0.999927958290
   801     -5.075597620857     -6.989840802172     -0.926117528301      0.377235104111
   802     -4.892817409112     -6.006687002304      0.182780211745      0.983153799868
   803     -4.497093944848     -6.925056720790      0.395723464264     -0.918369718485
   804     -5.090128840425     -7.730233479413     -0.593034895577     -0.805176758624
   805     -4.390823268119     -7.015410622656      0.699305572306      0.714822856757
   806     -3.544399518786     -6.482900682312      0.846423749333      0.532509940345
   807     -2.544399781409     -6.483625420613      0.999999737377     -0.000724738301
   808     -3.321052941666     -5.853696957481     -0.776653160256      0.629928463132
   809     -2.924793692109     -6.771835621922      0.396259249557     -0.918138664441
   810     -1.976273001510     -6.455120450977      0.948520690598      0.316715170945
   811     -1.453901918250     -7.307838722960      0.522371083260     -0.852718271983
   812     -0.980360099187     -8.188610058551      0.473541819063     -0.880771335591
   813     -1.631219136337     -8.947808658233     -0.650859037150     -0.759198599683
   814     -0.831920121131     -9.548742168939      0.799299015207     -0.600933510706
   815     -1.770999216963     -9.205041060749     -0.939079095832      0.343701108191
   816     -2.651508739674     -9.679069520248     -0.880509522711     -0.474028459499
   817     -3.635884791871     -9.855148445337     -0.984376052197     -0.176078925089
   818     -3.674020296885    -10.854421022394     -0.038135505014     -0.999272577057
   819     -3.177058211802     -9.986648767715      0.496962085083      0.867772254679
   820     -3.340222349019     -9.000049829784     -0.163164137217      0.986598937931
   821     -3.833988999194     -8.130455386854     -0.493766650175      0.869594442930
   822     -2.938267329010     -8.575070602027      0.895721670184     -0.444615215173
   823     -2.030626420991     -8.994818123867      0.907640908019     -0.419747521840
   824     -2.924052281782     -8.545607448047     -0.893425860791      0.449210675819
   825     -2.082366789766     -9.085575532781      0.841685492016     -0.539968084733
   826     -2.628865678644     -8.248115704219     -0.546498888878      0.837459828562
   827     -3.558217835422     -8.617310190488     -0.929352156778     -0.369194486269
   828     -4.392378217726     -9.168832136193     -0.834160382304     -0.551521945705
   829     -3.553556128508     -8.624426494561      0.838822089218      0.544405641631
   830     -3.814840637294     -7.659164661965     -0.261284508786      0.965261832597
   831     -2.834520878565     -7.856580899000      0.980319758729     -0.197416237036
   832     -1.860235754816     -8.081899556994      0.974285123750     -0.225318657994
   833     -2.077536831445     -9.058004183607     -0.217301076629     -0.976104626613
   834     -1.404434756176     -8.318454593472      0.673102075268      0.739549590135
   835     -2.214723968348     -7.732424395753     -0.810289212171      0.586030197719
   836     -2.747479777503     -6.886155379534     -0.532755809155      0.846269016219
   837     -3.295292835517     -7.722756152585     -0.547813058014     -0.836600773051
   838     -2.668622279359     -8.502040448618      0.626670556158     -0.779284296033
   839     -3.309794160643     -7.734643146922     -0.641171881285      0.767397301696
   840     -3.911563394307     -8.533313159766     -0.601769233664     -0.798670012843
   841     -3.083553178998     -9.094026173118      0.828010215310     -0.560713013352
   842     -4.082992109665     -9.060532533934     -0.999438930668      0.033493639183
   843     -3.429812881509     -9.817735872480      0.653179228156     -0.757203338546
   844     -2.812378734395    -10.604358446513      0.617434147114     -0.786622574033
   845     -3.098889729563    -11.562435400441     -0.286510995167     -0.958076953928
   846     -2.348673237591    -10.901243132509      0.750216491972      0.661192267932
   847     -3.340151825728    -10.770973376746     -0.991478588137      0.130269755763
   848     -3.811322547401    -11.653015411481     -0.471170721673     -0.882042034734
   849     -4.625981599435    -11.073075217203     -0.814659052034      0.579940194278
   850     -4.907744537386    -10.113591164809     -0.281762937951      0.959484052393
   851     -5.901272229153    -10.000000999338     -0.993527691767      0.113590165472
   852     -5.672672494351    -10.973521497965      0.228599734801     -0.973520498628
   853     -5.784625930419    -11.967234951710     -0.111953436068     -0.993713453744
   854     -6.726667690913    -12.302730587279     -0.942041760494     -0.335495635569
   855     -6.589213527340    -11.312222458631      0.137454163573      0.990508128647
   856     -6.635481758785    -12.311151510546     -0.046268231445     -0.998929051915
   857     -7.364907166438    -11.627091151607     -0.729425407652      0.684060358939
   858     -7.603472875307    -10.655964793942     -0.238565708870      0.971126357665
   859     -7.879081659070    -11.617234682326     -0.275608783763     -0.961269888383
   860     -8.716857795437    -11.071220813148     -0.837776136366      0.546013869178
   861     -8.126462170375    -11.878334811235      0.590395625062     -0.807113998087
   862     -8.707618955242    -11.064543196997     -0.581156784867      0.813791614237
   863     -9.220604683158    -11.922940332916     -0.512985727916     -0.858397135919
   864     -8.351261171282    -12.417148647657      0.869343511876     -0.494208314741
   865     -7.353635422050    -12.348280189933      0.997625749232      0.068868457724
   866     -7.017251623178    -13.290005170942      0.336383798872     -0.941724981009
   867     -7.271475674719    -14.257150522799     -0.254224051541     -0.967145351857
   868     -7.523493486238    -13.289427926867     -0.252017811519      0.967722595932
   869     -7.040032328763    -12.414062112357      0.483461157475      0.875365814510
   870     -6.418639342455    -13.197561159305      0.621392986307     -0.783499046948
   871     -5.916893433157    -12.332546105966      0.501745909299      0.865015053338
   872     -6.824531303966    -12.752300195253     -0.907637870809     -0.419754089287
   873     -7.601531911117    -12.122800348958     -0.777000607152      0.629499846296
   874     -7.096886966583    -11.259473365738      0.504644944534      0.863326983220
   875     -8.078602356784    -11.449828015388     -0.981715390200     -0.190354649651
   876     -8.612467345925    -10.604258282386     -0.533864989141      0.845569733002
   877     -7.784363317076    -10.043683829343      0.828104028849      0.560574453043
   878     -7.072800447133    -10.746306261463      0.711562869943     -0.702622432120
   879     -7.145621277929     -9.748961222571     -0.072820830795      0.997345038892
   880     -8.131796528209     -9.583255532464     -0.986175250281      0.165705690107
   881     -8.862209252898     -8.900249491779     -0.730412724689      0.683006040685
   882     -8.200243302396     -9.649783400536      0.661965950502     -0.749533908756
   883     -9.018126274160    -10.225168006254     -0.817882971764     -0.575384605719
   884     -9.958412830994     -9.884784118507     -0.940286556834      0.340383887747
   885     -9.163606224632    -10.491646918886      0.794806606362     -0.606862800379
   886    -10.143336440545    -10.691968420543     -0.979730215913     -0.200321501658
   887     -9.464752219110     -9.957445817475      0.678584221436      0.734522603069
   888    -10.233494663461     -9.317887333633     -0.768742444351      0.639558483841
   889     -9.240433533640     -9.200288046054      0.993061129821      0.117599287579
   890     -9.167522339343    -10.197626482969      0.072911194297     -0.997338436914
   891     -8.255264440737     -9.788010166850      0.912257898606      0.409616316118
   892     -8.908127879647     -9.030534536791     -0.652863438910      0.757475630060
   893     -9.759468061485     -9.555148580434     -0.851340181838     -0.524614043643
   894     -9.768226253364    -10.555110226736     -0.008758191878     -0.999961646302
   895     -9.651527674622    -11.548277605237      0.116698578742     -0.993167378502
   896     -8.999224227627    -10.790319682237      0.652303446995      0.757957923000
   897     -8.738606841781     -9.824877515044      0.260617385847      0.965442167193
   898     -9.684889827447    -10.148217136864     -0.946282985666     -0.323339621819
   899     -9.205924121457    -11.026050750076      0.478965705990     -0.877833613212
   900     -8.768079354558    -10.127000161901      0.437844766899      0.899050588176
   901     -7.772391305540    -10.219764966874      0.995688049018     -0.092764804974
   902     -8.375016000770     -9.421740232484     -0.602624695231      0.798024734390
   903     -8.746232615774    -10.350286528985     -0.371216615003     -0.928546296501
   904     -9.001009075351    -11.317286506051     -0.254776459577     -0.966999977066
   905     -9.766315487596    -10.673620369473     -0.765306412245      0.643666136578
   906     -8.773905263841    -10.796591698596      0.992410223755     -0.122971329123
   907     -9.602953915442    -10.237415220838     -0.829048651601      0.559176477758
   908     -8.918353991989     -9.508496195975      0.684599923453      0.728919024863
   909     -8.826716036680     -8.512703805390      0.091637955309      0.995792390585
   910     -8.829862815964     -7.512708756512     -0.003146779284      0.999995048878
   911     -8.804074331156     -8.512376178234      0.025788484808     -0.999667421721
   912     -8.010376891380     -9.120688905450      0.793697439776     -0.608312727216
   913     -7.729910479616    -10.080552745727      0.280466411764     -0.959863840277
   914     -6.876086319154    -10.601114272360      0.853824160462     -0.520561526633
   915     -7.850852857180    -10.824341054679     -0.974766538026     -0.223226782318
   916     -7.307538678279    -11.663870508006      0.543314178901     -0.839529453328
   917     -6.582531888928    -12.352612226937      0.725006789351     -0.688741718931
   918     -7.533860871808    -12.660789394055     -0.951328982880     -0.308177167118
   919     -6.761370512353    -13.295815885273      0.772490359456     -0.635026491218
   920     -6.686644383734    -12.298611790966      0.074726128619      0.997204094307
   921     -6.647839408237    -13.297858594252      0.038804975497     -0.999246803286
   922     -6.006316514905    -14.064962483781      0.641522893332     -0.767103889529
   923     -5.087896578700    -14.460569385618      0.918419936205     -0.395606901837
   924     -4.660888081369    -13.556321773950      0.427008497330      0.904247611668
   925     -5.449585296131    -12.941539939940     -0.788697214761      0.614781834009
   926     -6.143912003291    -12.221880003773     -0.694326707160      0.719659936167
   927     -7.014508662671    -12.713877419088     -0.870596659380     -0.491997415315
   928     -7.685844415721    -13.455030781542     -0.671335753050     -0.741153362454
   929     -6.773232827911    -13.863858483386      0.912611587810     -0.408827701844
   930     -6.071566346367    -13.151352940476      0.701666481544      0.712505542910
   931     -5.653216511172    -14.059638917133      0.418349835195     -0.908285976657
   932     -5.912749158850    -15.025373251611     -0.259532647678     -0.965734334478
   933     -5.278455658941    -15.798465585018      0.634293499909     -0.773092333407
   934     -4.689499278985    -14.990300761168      0.588956379956      0.808164823851
   935     -4.802085878478    -13.996658844975     -0.112586599492      0.993641916193
   936     -4.401291588263    -13.080490772550      0.400794290215      0.916168072425
   937     -5.226986119468    -13.644608261323     -0.825694531204     -0.564117488773
   938     -6.099098843929    -13.155303248234     -0.872112724461      0.489305013088
   939     -5.586633242722    -14.014011002700      0.512465601207     -0.858707754466
   940     -5.811301176146    -14.988446387777     -0.224667933424     -0.974435385077
   941     -6.631201417833    -14.415939974117     -0.819900241686      0.572506413661
   942     -7.544631229095    -14.008943684334     -0.913429811263      0.406996289783
   943     -8.337843610890    -13.399998598659     -0.793212381795      0.608945085675
   944     -9.195962085886    -12.886546864928     -0.858118474996      0.513451733731
   945     -8.218688566495    -13.098529100736      0.977273519390     -0.211982235808
   946     -8.480628507358    -14.063613277055     -0.261939940863     -0.965084176319
   947     -8.175027253496    -13.111453692932      0.305601253861      0.952159584124
   948     -7.433720699542    -13.782620284073      0.741306553955     -0.671166591141
   949     -8.372321149617    -13.437614204245     -0.938600450076      0.345006079827
   950     -8.930842637714    -14.267104256828     -0.558521488096     -0.829490052583
   951     -9.926488682890    -14.360318808939     -0.995646045176     -0.093214552111
   952    -10.870309879654    -14.690775384814     -0.943821196764     -0.330456575875
   953    -10.322649880423    -13.854074407617      0.547659999231      0.836700977197
   954    -10.586625874061    -14.818603657968     -0.263975993638     -0.964529250351
   955    -10.258583529582    -13.873940638565      0.328042344479      0.944663019404
   956    -11.039931234326    -14.498036596163     -0.781347704744     -0.624095957599
   957    -11.600079808375    -15.326428758723     -0.560148574049     -0.828392162560
   958    -12.025461894650    -14.421414902102     -0.425382086275      0.905013856621
   959    -11.444715365164    -13.607330466377      0.580746529486      0.814084435725
   960    -12.428704974381    -13.429104629438     -0.983989609217      0.178225836939
   961    -12.818433606885    -12.508174885642     -0.389728632503      0.920929743795
   962    -13.719014784979    -12.942862752580     -0.900581178094     -0.434687866937
   963    -13.777461885004    -13.941153259646     -0.058447100025     -0.998290507066
   964    -12.923376153680    -14.461285515470      0.854085731324     -0.520132255824
   965    -13.665118827793    -15.131970095134     -0.741742674114     -0.670684579664
   966    -12.996523868118    -14.388343320538      0.668594959676      0.743626774596
   967    -12.628748020174    -13.458428848304      0.367775847944      0.929914472233
   968    -13.174223695146    -12.620302194383     -0.545475674972      0.838126653922
   969    -13.921217483939    -11.955471178633     -0.746993788794      0.664831015750
   970    -13.306931140281    -12.744554373229      0.614286343658     -0.789083194597
   971    -12.307331669510    -12.772854515158      0.999599470772     -0.028300141928
   972    -11.393275084456    -12.367267829824      0.914056585054      0.405586685334
   973    -10.604534574857    -11.752541542345      0.788740509599      0.614726287479
   974    -10.137602916349    -10.868248137256      0.466931658508      0.884293405088
   975    -10.579151690560    -11.765485385699     -0.441548774211     -0.897237248442
   976    -11.230531829067    -12.524236936049     -0.651380138507     -0.758751550350
   977    -10.375936721651    -12.004942027177      0.854595107416      0.519294908872
   978    -11.260342296171    -11.538222861343     -0.884405574520      0.466719165834
   979    -10.429957402300    -10.981032653217      0.830384893871      0.557190208126
   980    -10.034154727960    -11.899368236206      0.395802674341     -0.918335582989
   981     -9.165388202496    -11.404146342269      0.868766525463      0.495221893937
   982     -8.221618629024    -11.734750323172      0.943769573472     -0.330603980902
   983     -8.163381981917    -12.733053129405      0.058236647107     -0.998302806234
   984     -8.812098185146    -13.494083541194     -0.648716203229     -0.761030411789
   985     -9.634260053708    -14.063337317539     -0.822161868562     -0.569253776345
   986     -9.079357205947    -14.895252475201      0.554902847761     -0.831915157662
   987     -8.129887105499    -14.581394978312      0.949470100449      0.313857496889
   988     -8.046478089817    -13.584879581490      0.083409015682      0.996515396822
   989     -7.780453164690    -14.548845731939      0.266024925127     -0.963966150449
   990     -6.996760284761    -15.169994240710      0.783692879929     -0.621148508771
   991     -6.990535874160    -16.169974868879      0.006224410601     -0.999980628169
   992     -6.380493629163    -15.377605977945      0.610042244997      0.792368890933
   993     -6.867914137913    -14.504438612746     -0.487420508750      0.873167365200
   994     -7.535518604489    -15.248954748372     -0.667604466576     -0.744516135626
   995     -6.762204638567    -14.614931475841      0.773313965922      0.634023272530
   996     -7.760009710578    -14.681151097329     -0.997805072011     -0.066219621488
   997     -8.090953908561    -15.624801423362     -0.330944197983     -0.943650326033
   998     -8.653817149960    -14.798251381633     -0.562863241400      0.826550041728
   999     -9.388198869313    -15.476988068634     -0.734381719353     -0.678736687000
  1000     -9.089641075448    -16.431379625450      0.298557793865     -0.954391556816
