# File chua thong tin toa do tai lan chay thu 23
##########################################################################################
#  Step                   x                   y            delta_x            delta_y
     1      0.000000000000      0.000000000000      0.000000000000      0.000000000000
     2     -0.989508840633      0.144472330597     -0.989508840633      0.144472330597
     3     -0.686229104549      1.097373900373      0.303279736084      0.952901569776
     4      0.227041491736      0.690020469111      0.913270596285     -0.407353431262
     5     -0.543734992252      1.327126121048     -0.770776483988      0.637105651938
     6     -1.298834990013      1.982735755954     -0.755099997761      0.655609634906
     7     -1.238454479096      0.984560323527      0.060380510917     -0.998175432427
     8     -0.827970853022      1.896428292437      0.410483626074      0.911867968911
     9     -1.019785181548      2.877859524553     -0.191814328526      0.981431232116
    10     -0.652753492414      1.947651085991      0.367031689134     -0.930208438562
    11     -0.925090752310      0.985449227298     -0.272337259896     -0.962201858693
    12     -1.199441065845      0.023819410028     -0.274350313535     -0.961629817270
    13     -1.808429617667      0.816998421190     -0.608988551823      0.793179011162
    14     -2.807715743405      0.779219605581     -0.999286125737     -0.037778815610
    15     -3.389261289217     -0.034294240734     -0.581545545813     -0.813513846315
    16     -3.586285787204      0.946104324745     -0.197024497986      0.980398565479
    17     -4.297675148225      0.243306219293     -0.711389361021     -0.702798105452
    18     -4.885499314626     -0.565682500897     -0.587824166401     -0.808988720190
    19     -4.094154219459      0.045687223865      0.791345095167      0.611369724761
    20     -3.212395933948      0.517388745945      0.881758285511      0.471701522080
    21     -2.299972405978      0.108141503306      0.912423527970     -0.409247242639
    22     -3.240055857853      0.449085932079     -0.940083451875      0.340944428772
    23     -3.371875723804      1.440359619281     -0.131819865951      0.991273687203
    24     -2.460238879312      1.851356290514      0.911636844492      0.410996671232
    25     -2.352060039206      2.845487739847      0.108178840106      0.994131449333
    26     -2.516590741801      1.859115777601     -0.164530702595     -0.986371962245
    27     -1.517278257128      1.822040745904      0.999312484674     -0.037075031698
    28     -0.742206609994      2.453914104900      0.775071647134      0.631873358996
    29     -1.267995597957      1.603299068508     -0.525788987963     -0.850615036392
    30     -1.314986791844      2.602194372179     -0.046991193887      0.998895303672
    31     -0.798105304521      3.458251337610      0.516881487323      0.856056965431
    32     -0.624895944856      4.443136365278      0.173209359665      0.984885027668
    33     -0.788120209411      3.456547373113     -0.163224264555     -0.986588992165
    34      0.189494698019      3.246145156467      0.977614907431     -0.210402216646
    35     -0.248687024542      2.347258746506     -0.438181722561     -0.898886409961
    36      0.699277140046      2.665635791309      0.947964164588      0.318377044803
    37      1.585661220966      3.128586394604      0.886384080921      0.462950603294
    38      2.412897932925      2.566732835046      0.827236711959     -0.561853559558
    39      2.453054618806      1.567539440062      0.040156685881     -0.999193394984
    40      3.450014820833      1.489626953432      0.996960202028     -0.077912486630
    41      2.991134843564      0.601128688683     -0.458879977269     -0.888498264749
    42      3.777702484672     -0.016375437588      0.786567641108     -0.617504126272
    43      2.845729215060      0.346151561032     -0.931973269612      0.362526998620
    44      3.484390238554     -0.423336643601      0.638661023495     -0.769488204633
    45      4.255212720996      0.213713354878      0.770822482442      0.637049998479
    46      5.002266329369      0.878477152190      0.747053608373      0.664763797312
    47      5.188007906966      1.861075781515      0.185741577597      0.982598629325
    48      4.252465440984      2.214290014444     -0.935542465983      0.353214232929
    49      3.253268489597      2.174221918159     -0.999196951387     -0.040068096285
    50      2.267946784012      2.003514166420     -0.985321705585     -0.170707751739
    51      1.425500589015      1.464733683724     -0.842446194997     -0.538780482696
    52      0.842896734254      2.277489950029     -0.582603854761      0.812756266305
    53      1.525837000631      1.547015725595      0.682940266376     -0.730474224434
    54      2.096187956165      0.725614613153      0.570350955534     -0.821401112442
    55      1.379284651972      0.028442000067     -0.716903304193     -0.697172613086
    56      2.044354707048      0.775222973205      0.665070055076      0.746780973138
    57      1.468174159809     -0.042099470500     -0.576180547239     -0.817322443705
    58      0.826108420123      0.724550114331     -0.642065739686      0.766649584831
    59      1.710792685671      1.190740794517      0.884684265548      0.466190680186
    60      2.078481638278      0.260791960370      0.367688952608     -0.929948834146
    61      2.506472686411     -0.642991012870      0.427991048132     -0.903782973240
    62      3.230180763653     -1.333097250296      0.723708077242     -0.690106237426
    63      3.717875183450     -0.460082844401      0.487694419797      0.873014405894
    64      2.726070187036     -0.587843750347     -0.991804996414     -0.127760905946
    65      3.704702918737     -0.793459840291      0.978632731701     -0.205616089944
    66      3.114192780603     -1.600490060767     -0.590510138134     -0.807030220476
    67      2.509095506620     -2.396641609794     -0.605097273983     -0.796151549027
    68      3.014722079232     -1.533889171914      0.505626572612      0.862752437881
    69      3.601995215236     -0.724500350810      0.587273136004      0.809388821104
    70      2.748780585369     -1.246060314172     -0.853214629867     -0.521559963362
    71      3.748765039625     -1.240484361631      0.999984454256      0.005575952541
    72      2.947042924719     -1.838181317011     -0.801722114906     -0.597696955380
    73      3.884503195132     -2.186273605632      0.937460270413     -0.348092288620
    74      3.321983683896     -3.013057615805     -0.562519511236     -0.826784010173
    75      4.192095246819     -2.520202801414      0.870111562923      0.492854814391
    76      4.232267224261     -3.519395581727      0.040171977442     -0.999192780312
    77      4.845022229744     -4.309668511324      0.612755005483     -0.790272929598
    78      5.826077075245     -4.115938312026      0.981054845500      0.193730199299
    79      6.342707813727     -4.972146627831      0.516630738483     -0.856208315806
    80      6.189530294811     -5.960345316202     -0.153177518917     -0.988198688371
    81      5.258162123724     -6.324424057530     -0.931368171087     -0.364078741327
    82      5.611250681920     -7.260013962387      0.353088558196     -0.935589904857
    83      6.392882328599     -6.636273656723      0.781631646679      0.623740305664
    84      6.874668858476     -7.512562273350      0.481786529877     -0.876288616627
    85      5.944526344613     -7.879760998709     -0.930142513863     -0.367198725359
    86      5.011762428890     -7.519273166009     -0.932763915723      0.360487832700
    87      5.856109027671     -8.055070535474      0.844346598781     -0.535797369466
    88      4.935366068166     -7.664900825576     -0.920742959505      0.390169709898
    89      5.681671537281     -6.999297229756      0.746305469115      0.665603595820
    90      6.328699906286     -6.236831302843      0.647028369005      0.762465926913
    91      5.652095162254     -5.500484903142     -0.676604744032      0.736346399702
    92      6.151731839021     -6.366719970100      0.499636676767     -0.866235066959
    93      7.125183231809     -6.137826139080      0.973451392788      0.228893831020
    94      6.706889088595     -5.229514513176     -0.418294143214      0.908311625904
    95      5.870201519637     -5.777194996625     -0.836687568958     -0.547680483449
    96      5.569315334263     -4.823534940079     -0.300886185374      0.953660056546
    97      4.574778095689     -4.719152560867     -0.994537238574      0.104382379212
    98      3.642196265038     -4.358193935622     -0.932581830651      0.360958625245
    99      3.367325457691     -5.319675105104     -0.274870807347     -0.961481169482
   100      3.923406278395     -4.488546883441      0.556080820704      0.831128221663
   101      3.773817063807     -3.499798651139     -0.149589214588      0.988748232301
   102      2.817303965318     -3.208109274545     -0.956513098489      0.291689376594
   103      2.158435649092     -2.455850979892     -0.658868316226      0.752258294653
   104      1.457396086007     -3.168973361388     -0.701039563084     -0.713122381496
   105      2.127392050753     -3.911338101408      0.669995964746     -0.742364740019
   106      1.882127387485     -2.941881942032     -0.245264663269      0.969456159376
   107      0.882467386163     -2.967956484354     -0.999660001322     -0.026074542322
   108      1.347634161030     -3.853179547520      0.465166774867     -0.885223063165
   109      0.532801367966     -4.432875605250     -0.814832793064     -0.579696057730
   110      1.393848496618     -4.941400769071      0.861047128652     -0.508525163821
   111      0.762663432160     -4.165768501559     -0.631185064458      0.775632267512
   112      0.567527372849     -3.184992319978     -0.195136059311      0.980776181581
   113      0.839212413434     -2.222606098796      0.271685040585      0.962386221183
   114      0.027382159386     -1.638712582294     -0.811830254048      0.583893516501
   115      0.683676076148     -0.884207251086      0.656293916762      0.754505331208
   116     -0.068137300032     -1.543583204088     -0.751813376180     -0.659375953002
   117      0.617888329244     -2.271160578651      0.686025629276     -0.727577374563
   118      1.576789715317     -2.554900127863      0.958901386073     -0.283739549212
   119      1.897094647498     -3.502214621798      0.320304932180     -0.947314493936
   120      2.353013849956     -4.392235790552      0.455919202458     -0.890021168754
   121      1.958761295724     -3.473233655907     -0.394252554232      0.919002134645
   122      2.616989287631     -2.720415011963      0.658227991907      0.752818643944
   123      2.099959960771     -3.576382695446     -0.517029326860     -0.855967683482
   124      2.925777766591     -3.012445685141      0.825817805820      0.563937010305
   125      3.904921896952     -3.215612542623      0.979144130361     -0.203166857482
   126      3.141097679035     -2.570188213887     -0.763824217917      0.645424328736
   127      2.164418800710     -2.784893520373     -0.976678878325     -0.214705306486
   128      2.831579104375     -3.529807696110      0.667160303665     -0.744914175737
   129      3.233767887311     -2.614250934964      0.402188782937      0.915556761146
   130      2.283384317127     -2.303170447753     -0.950383570185      0.311080487211
   131      1.713507280836     -1.481440465638     -0.569877036291      0.821729982116
   132      1.698926726391     -0.481546767572     -0.014580554444      0.999893698066
   133      0.703943293364     -0.581586599643     -0.994983433028     -0.100039832071
   134     -0.294861980758     -0.532719183228     -0.998805274122      0.048867416415
   135     -0.722299048978      0.371325922235     -0.427437068220      0.904045105463
   136     -1.722175933730      0.387017172596     -0.999876884752      0.015691250361
   137     -0.845479602733      0.868061394281      0.876696330997      0.481044221685
   138     -1.511672153674      0.122281611054     -0.666192550941     -0.745779783227
   139     -1.031017725180      0.999191709279      0.480654428494      0.876910098225
   140     -0.034073963935      0.921069133059      0.996943761245     -0.078122576220
   141      0.584759267237      1.706591527391      0.618833231172      0.785522394332
   142      0.705764837852      2.699243355516      0.121005570615      0.992651828125
   143     -0.285879556855      2.828244884365     -0.991644394707      0.129001528849
   144     -0.382827509442      3.823534336981     -0.096947952587      0.995289452616
   145     -0.093115815648      2.866420375909      0.289711693794     -0.957113961072
   146     -0.628552609278      3.710995677483     -0.535436793630      0.844575301573
   147     -0.171227809807      4.600295417609      0.457324799471      0.889299740126
   148     -1.003342625481      4.045692015586     -0.832114815674     -0.554603402023
   149     -0.420948236026      3.232785640208      0.582394389455     -0.812906375378
   150      0.444011232444      2.730943914258      0.864959468470     -0.501841725950
   151      1.165690995464      3.423170986574      0.721679763020      0.692227072316
   152      2.164672577420      3.468290814954      0.998981581956      0.045119828380
   153      1.187427706701      3.256176547037     -0.977244870719     -0.212114267918
   154      1.828111936182      4.023981026116      0.640684229480      0.767804479080
   155      2.365296231985      4.867445923040      0.537184295804      0.843464896923
   156      2.064472181728      3.913766264671     -0.300824050258     -0.953679658369
   157      2.232471108594      4.899553442804      0.167998926866      0.985787178133
   158      1.317120934445      4.496894705550     -0.915350174148     -0.402658737254
   159      1.835712782308      5.351916632363      0.518591847862      0.855021926813
   160      0.915727872387      5.743870412187     -0.919984909921      0.391953779823
   161      0.235048140146      6.476451535420     -0.680679732240      0.732581123233
   162     -0.471490113282      7.184126387624     -0.706538253428      0.707674852205
   163      0.262857426260      7.862900054740      0.734347539542      0.678773667115
   164     -0.622633032684      8.327557613722     -0.885490458944      0.464657558982
   165     -1.316402231907      7.607360211470     -0.693769199223     -0.720197402252
   166     -2.151331833477      8.157716968876     -0.834929601570      0.550356757405
   167     -1.695924147331      9.047999979721      0.455407686146      0.890283010845
   168     -1.008489657748      9.774246372161      0.687434489583      0.726246392440
   169     -1.986851210280      9.981148939879     -0.978361552531      0.206902567718
   170     -2.679821109009      9.260182422310     -0.692969898729     -0.720966517569
   171     -3.574165551930      9.707561475705     -0.894344442921      0.447379053395
   172     -4.315166167523      9.036057128965     -0.741000615593     -0.671504346740
   173     -5.029446934921      9.735916390049     -0.714280767398      0.699859261084
   174     -4.029465343948      9.729848629816      0.999981590973     -0.006067760233
   175     -4.971215248313      9.393534613415     -0.941749904366     -0.336314016401
   176     -5.762658115891     10.004777762547     -0.791442867578      0.611243149132
   177     -6.732901208638     10.246910661957     -0.970243092747      0.242132899410
   178     -6.354217381486     11.172436760484      0.378683827152      0.925526098527
   179     -5.666032973508     11.897972576702      0.688184407978      0.725535816218
   180     -4.682355021639     12.077910585493      0.983677951869      0.179938008791
   181     -5.092237973132     12.990048714329     -0.409882951492      0.912138128836
   182     -5.752867333524     12.239336487049     -0.660629360393     -0.750712227280
   183     -4.931909277522     11.668347984287      0.820958056002     -0.570988502761
   184     -5.232624340610     10.714633954385     -0.300715063087     -0.953714029902
   185     -5.930016212966      9.997943940243     -0.697391872356     -0.716690014143
   186     -6.916943385971     10.159110795344     -0.986927173006      0.161166855101
   187     -6.077473762912     10.702517412861      0.839469623059      0.543406617517
   188     -6.693430933613     11.490297054552     -0.615957170700      0.787779641691
   189     -7.209560019771     10.633786245268     -0.516129086158     -0.856510809285
   190     -6.511449684114     11.349776440207      0.698110335657      0.715990194939
   191     -5.804434447702     12.056974754317      0.707015236412      0.707198314111
   192     -6.797003977468     12.178653546962     -0.992569529766      0.121678792645
   193     -6.217865509835     11.363424355073      0.579138467633     -0.815229191889
   194     -6.982679724418     10.719173458937     -0.764814214583     -0.644250896136
   195     -6.182632024031     11.319109853153      0.800047700387      0.599936394217
   196     -5.234730667418     11.000545859374      0.947901356612     -0.318563993779
   197     -6.234645823535     10.987519709956     -0.999915156116     -0.013026149418
   198     -7.196242858009     10.713054514910     -0.961597034474     -0.274465195046
   199     -8.169314353405     10.943558017807     -0.973071495396      0.230503502897
   200     -9.132163581957     11.213597576161     -0.962849228552      0.270039558354
   201     -9.496289280633     12.144947389907     -0.364125698676      0.931349813745
   202     -9.965621257928     11.261925592277     -0.469331977295     -0.883021797629
   203     -9.249595510463     11.959999462987      0.716025747465      0.698073870710
   204     -8.661607996545     12.768869467052      0.587987513919      0.808870004065
   205     -7.788005450569     12.282229362186      0.873602545976     -0.486640104866
   206     -7.993615657442     11.303595394438     -0.205610206873     -0.978633967748
   207     -8.517751030686     10.451960431256     -0.524135373244     -0.851634963182
   208     -9.506946443446     10.598563416816     -0.989195412760      0.146602985560
   209     -9.974157925129      9.714417822819     -0.467211481683     -0.884145593996
   210     -9.604630126130     10.643637498551      0.369527798999      0.929219675732
   211     -8.805686241140     11.245043076042      0.798943884990      0.601405577491
   212     -9.463142013502     10.491549939120     -0.657455772362     -0.753493136922
   213     -8.722547480678      9.819597754846      0.740594532824     -0.671952184274
   214     -8.545837501249     10.803860719287      0.176709979429      0.984262964441
   215     -9.239387271747     10.083452004846     -0.693549770498     -0.720408714441
   216     -9.683800098293      9.187629902194     -0.444412826546     -0.895822102653
   217    -10.015590980427     10.130982863992     -0.331790882134      0.943352961798
   218    -10.886277605549     10.622821049611     -0.870686625122      0.491838185620
   219    -11.422421457446     11.466947681150     -0.536143851898      0.844126631538
   220    -10.796489042199     10.687070375708      0.625932415247     -0.779877305442
   221    -11.385240674110     11.495384371580     -0.588751631910      0.808313995872
   222    -10.674580892274     10.791848534197      0.710659781835     -0.703535837383
   223    -11.102635141478     11.695601575541     -0.428054249204      0.903753041344
   224    -12.096512441888     11.585112156451     -0.993877300409     -0.110489419090
   225    -12.776304257392     12.318517288403     -0.679791815505      0.733405131952
   226    -12.027181958580     12.980949006712      0.749122298812      0.662431718309
   227    -11.042002566907     12.809421847863      0.985179391673     -0.171527158849
   228    -11.401229741680     13.742671994878     -0.359227174773      0.933250147016
   229    -12.387393985013     13.908443178051     -0.986164243334      0.165771183172
   230    -13.319693404481     14.270130601748     -0.932299419468      0.361687423697
   231    -14.314178434181     14.375009225413     -0.994485029700      0.104878623665
   232    -13.363169648958     14.684173082337      0.951008785223      0.309163856924
   233    -14.343070588285     14.484688373385     -0.979900939327     -0.199484708952
   234    -14.743973555881     15.400808895244     -0.400902967596      0.916120521860
   235    -15.552627519433     15.989093492384     -0.808653963552      0.588284597140
   236    -14.561980151953     15.852646457588      0.990647367480     -0.136447034796
   237    -13.739808051106     15.283407459812      0.822172100847     -0.569238997776
   238    -13.499201467679     16.254030183640      0.240606583427      0.970622723828
   239    -12.517312558100     16.443487749459      0.981888909579      0.189457565819
   240    -11.868686315015     17.204594835736      0.648626243085      0.761107086277
   241    -12.821427891662     17.508376810394     -0.952741576647      0.303781974658
   242    -13.610850591089     16.894526827393     -0.789422699427     -0.613849983001
   243    -14.532600380724     16.506741673852     -0.921749789636     -0.387785153541
   244    -14.332391042203     15.526988531081      0.200209338521     -0.979753142771
   245    -14.712268093204     16.452025517435     -0.379877051002      0.925036986354
   246    -14.818358484309     17.446382007289     -0.106090391105      0.994356489854
   247    -15.351430520616     16.600312149590     -0.533072036307     -0.846069857700
   248    -14.645340796755     15.892189771849      0.706089723861     -0.708122377741
   249    -15.471505843259     15.328761590147     -0.826165046504     -0.563428181702
   250    -14.656574429649     14.749204180469      0.814931413609     -0.579557409678
   251    -13.954970980117     14.036636569919      0.701603449532     -0.712567610550
   252    -13.455674551065     13.170205340141      0.499296429053     -0.866431229778
   253    -14.157905527572     12.458256145582     -0.702230976507     -0.711949194559
   254    -13.261826666126     12.902151036371      0.896078861446      0.443894890790
   255    -14.037347228805     12.270828728147     -0.775520562680     -0.631322308224
   256    -13.552388673340     13.145365862569      0.484958555465      0.874537134421
   257    -14.551808701537     13.111312856239     -0.999420028196     -0.034053006329
   258    -15.485083605858     12.752150006038     -0.933274904321     -0.359162850202
   259    -15.735299836131     13.720339986417     -0.250216230274      0.968189980380
   260    -15.850290927887     14.713706509316     -0.114991091756      0.993366522899
   261    -16.166144334431     15.662514511799     -0.315853406544      0.948808002482
   262    -15.841944797047     16.608503232640      0.324199537384      0.945988720842
   263    -16.322658794800     15.731625788316     -0.480713997753     -0.876877444324
   264    -16.496086568643     16.716472379040     -0.173427773843      0.984846590724
   265    -15.682084193172     16.135610835531      0.814002375471     -0.580861543509
   266    -14.707195963279     15.912916113512      0.974888229894     -0.222694722019
   267    -13.835097757398     15.423585224134      0.872098205880     -0.489330889379
   268    -14.834753297141     15.449830259117     -0.999655539743      0.026245034983
   269    -14.813552258463     14.450055026398      0.021201038678     -0.999775232719
   270    -14.252437835790     15.277793272867      0.561114422673      0.827738246470
   271    -13.869987035336     16.201769130361      0.382450800455      0.923975857494
   272    -14.736473489501     15.702568544676     -0.866486454165     -0.499200585685
   273    -13.841119152235     16.147923022299      0.895354337266      0.445354477622
   274    -14.555425419482     15.448089787470     -0.714306267248     -0.699833234829
   275    -13.803880639188     16.107771864847      0.751544780294      0.659682077377
   276    -13.429573175911     17.035076519713      0.374307463277      0.927304654866
   277    -13.090476756129     16.094324895696      0.339096419783     -0.940751624017
   278    -12.281821690700     16.682607978197      0.808655065428      0.588283082501
   279    -11.503031773039     16.055323143254      0.778789917661     -0.627284834942
   280    -10.770095632504     16.735620588419      0.732936140535      0.680297445165
   281    -10.555545534275     15.758907603275      0.214550098229     -0.976712985144
   282    -11.554746131975     15.718930540399     -0.999200597700     -0.039977062876
   283    -10.737567479952     15.142546076106      0.817178652023     -0.576384464293
   284    -10.025769872298     15.844930704167      0.711797607654      0.702384628062
   285     -9.190933735055     15.294432181051      0.834836137243     -0.550498523116
   286     -9.815146510287     16.075686564231     -0.624212775232      0.781254383180
   287    -10.806688944249     15.945903662230     -0.991542433963     -0.129782902000
   288    -11.746715225987     15.604801639893     -0.940026281738     -0.341102022337
   289    -10.753455730220     15.720713563652      0.993259495767      0.115911923759
   290    -11.732855293284     15.922645472646     -0.979399563064      0.201931908994
   291    -12.214253029837     15.046143208393     -0.481397736553     -0.876502264253
   292    -11.240454579690     14.818730415237      0.973798450147     -0.227412793156
   293    -11.091534233106     13.829881220277      0.148920346584     -0.988849194960
   294    -11.855218150053     13.184290889652     -0.763683916947     -0.645590330625
   295    -11.043579008350     12.600131747247      0.811639141704     -0.584159142404
   296    -11.049237815876     11.600147758427     -0.005658807526     -0.999983988821
   297    -11.658601820972     10.807257154817     -0.609364005096     -0.792890603610
   298    -10.661327200692     10.881036093188      0.997274620279      0.073778938371
   299    -11.659081410341     10.814054475342     -0.997754209648     -0.066981617846
   300    -11.142330763717     11.670190427872      0.516750646623      0.856135952530
   301    -12.040312652804     11.230158012165     -0.897981889086     -0.440032415707
   302    -13.016543456694     11.013424494831     -0.976230803890     -0.216733517335
   303    -13.547228727567     10.165855534050     -0.530685270873     -0.847568960781
   304    -12.592518988788     10.463394295693      0.954709738779      0.297538761643
   305    -11.833149512961     11.114053960328      0.759369475827      0.650659664634
   306    -12.346855102894     10.256087430170     -0.513705589934     -0.857966530158
   307    -11.450192247919     10.698801473891      0.896662854975      0.442714043720
   308    -10.810265316104      9.930365710838      0.639926931815     -0.768435763053
   309    -10.064916277658      9.263691269385      0.745349038446     -0.666674441453
   310    -11.048574777585      9.083646953951     -0.983658499928     -0.180044315434
   311    -10.060869832604      8.927317360910      0.987704944981     -0.156329593041
   312    -10.861198252222      8.327755503590     -0.800328419617     -0.599561857320
   313     -9.951662163874      8.743380459522      0.909536088348      0.415624955932
   314     -9.390161966513      7.915903856612      0.561500197361     -0.827476602910
   315    -10.362576490435      7.682644358061     -0.972414523923     -0.233259498550
   316     -9.655229960438      8.389511309122      0.707346529997      0.706866951060
   317     -9.125987893592      9.237982189400      0.529242066846      0.848470880278
   318    -10.054795696556      8.867420365742     -0.928807802964     -0.370561823659
   319     -9.368483414703      8.140113379815      0.686312281853     -0.727306985926
   320    -10.297100586850      7.769074099423     -0.928617172147     -0.371039280393
   321     -9.929225640031      6.839198826333      0.367874946819     -0.929875273089
   322    -10.894316500003      6.577283511780     -0.965090859972     -0.261915314554
   323     -9.902218114541      6.451821192486      0.992098385463     -0.125462319294
   324     -9.103570706172      5.850021959264      0.798647408368     -0.601799233222
   325     -8.103765230791      5.869745331112      0.999805475382      0.019723371847
   326     -7.918956492593      6.852519837438      0.184808738197      0.982774506327
   327     -8.603701477584      7.581302593498     -0.684744984991      0.728782756059
   328     -9.395438452124      8.192164740915     -0.791736974539      0.610862147417
   329    -10.220444486619      8.757288659226     -0.825006034495      0.565123918311
   330     -9.293316932100      8.382542748439      0.927127554519     -0.374745910787
   331     -9.909316639345      7.594796367506     -0.615999707246     -0.787746380933
   332    -10.775419345278      7.094930282664     -0.866102705933     -0.499866084842
   333    -10.023060505748      6.436176780525      0.752358839531     -0.658753502139
   334     -9.153310268614      5.942684607329      0.869750237134     -0.493492173196
   335     -9.963007107385      6.529532994294     -0.809696838772      0.586848386965
   336    -10.012354482891      7.528314670403     -0.049347375505      0.998781676109
   337     -9.575017522232      8.427612386869      0.437336960659      0.899297716466
   338     -8.584769069233      8.566924989794      0.990248452999      0.139312602925
   339     -7.848504654023      9.243618946392      0.736264415210      0.676693956598
   340     -7.484752303406     10.175114640113      0.363752350617      0.931495693721
   341     -7.951298385951      9.290617747601     -0.466546082545     -0.884496892511
   342     -8.538591274569      8.481243258889     -0.587292888618     -0.809374488713
   343     -7.994524315492      7.642201457761      0.544066959077     -0.839041801128
   344     -7.409584969339      8.453278495607      0.584939346153      0.811077037847
   345     -7.864350682496      9.343889603856     -0.454765713158      0.890611108249
   346     -7.091127254506      9.978023288821      0.773223427990      0.634133684965
   347     -6.097068464319     10.086867772609      0.994058790187      0.108844483788
   348     -5.238282598379     10.599202464448      0.858785865940      0.512334691839
   349     -4.287125251888     10.290495965948      0.951157346491     -0.308706498500
   350     -4.781112884070      9.421027036514     -0.493987632182     -0.869468929434
   351     -4.619516918079      8.434170033815      0.161595965991     -0.986857002699
   352     -5.198357519924      7.618729320057     -0.578840601845     -0.815440713759
   353     -4.776847857947      6.711905409444      0.421509661978     -0.906823910613
   354     -3.939280691312      6.165571041702      0.837567166635     -0.546334367742
   355     -4.197899352808      7.131550538341     -0.258618661496      0.965979496638
   356     -5.025540675682      6.570293163625     -0.827641322873     -0.561257374715
   357     -5.720042867588      7.289783751081     -0.694502191907      0.719490587455
   358     -5.359960342470      8.222704205945      0.360082525118      0.932920454865
   359     -6.098465703300      7.548456601555     -0.738505360830     -0.674247604390
   360     -6.550717892756      8.440346705285     -0.452252189456      0.891890103730
   361     -6.981064505859      7.537682984627     -0.430346613102     -0.902663720658
   362     -7.506744501392      6.687000586611     -0.525679995534     -0.850682398017
   363     -7.881350555808      5.759816514274     -0.374606054415     -0.927184072337
   364     -6.953622021611      6.133072146296      0.927728534197      0.373255632022
   365     -7.321217903307      7.063057774013     -0.367595881696      0.929985627717
   366     -6.450147701364      7.554216305739      0.871070201943      0.491158531726
   367     -7.322483064782      8.043124286580     -0.872335363418      0.488907980841
   368     -6.564552986655      8.695460087124      0.757930078126      0.652335800544
   369     -7.561981639067      8.623793614149     -0.997428652411     -0.071666472975
   370     -6.649228512261      9.032305216808      0.912753126806      0.408511602659
   371     -5.725613281989      9.415626109024      0.923615230272      0.383320892216
   372     -4.772130063733      9.114180006871      0.953483218256     -0.301446102153
   373     -4.329417296277     10.010843491982      0.442712767456      0.896663485111
   374     -5.250701511647     10.399733443651     -0.921284215371      0.388889951669
   375     -5.927156057075     11.136217827715     -0.676454545428      0.736484384064
   376     -4.956190895839     11.375438762555      0.970965161236      0.239220934841
   377     -5.844094407176     10.915409030304     -0.887903511337     -0.460029732251
   378     -6.402728465182     10.085994785649     -0.558634058006     -0.829414244655
   379     -7.256164475417      9.564797149014     -0.853436010235     -0.521197636635
   380     -7.893457355893      8.794175462001     -0.637292880476     -0.770621687013
   381     -7.481918042066      9.705567470511      0.411539313826      0.911392008510
   382     -7.541004593476      8.707314607033     -0.059086551410     -0.998252863478
   383     -6.577107208069      8.441040630827      0.963897385408     -0.266273976206
   384     -7.166232018689      9.249082682648     -0.589124810621      0.808042051821
   385     -6.592890479860      8.429766211525      0.573341538829     -0.819316471123
   386     -6.379580075038      7.452781733043      0.213310404822     -0.976984478482
   387     -5.408093679012      7.689877035267      0.971486396026      0.237095302223
   388     -5.909022152032      8.555365720876     -0.500928473020      0.865488685609
   389     -5.531463101892      7.629380211455      0.377559050140     -0.925985509421
   390     -4.671095511577      7.119706188638      0.860367590315     -0.509674022818
   391     -5.547286227699      6.637741637055     -0.876190716122     -0.481964551582
   392     -6.089858439829      5.797732473638     -0.542572212130     -0.840009163417
   393     -7.004462067486      6.202084058619     -0.914603627657      0.404351584981
   394     -7.778762746559      6.834901930038     -0.774300679073      0.632817871419
   395     -6.788629217927      6.975028999080      0.990133528632      0.140127069042
   396     -7.705028330067      6.574763253268     -0.916399112139     -0.400265745812
   397     -6.706463503771      6.628319650511      0.998564826295      0.053556397243
   398     -6.725750964963      5.628505670893     -0.019287461192     -0.999813979619
   399     -6.818064989464      6.624235614643     -0.092314024501      0.995729943750
   400     -5.932189895692      7.088159442696      0.885875093771      0.463923828053
   401     -6.708561624652      7.718434730544     -0.776371728960      0.630275287848
   402     -7.462376670201      8.375521389291     -0.753815045549      0.657086658747
   403     -8.441468940873      8.578938019661     -0.979092270672      0.203416630370
   404     -9.406913628287      8.839546069314     -0.965444687414      0.260608049653
   405    -10.171195169756      9.484428791497     -0.764281541469      0.644882722183
   406    -11.159118321325      9.639373448051     -0.987923151569      0.154944656554
   407    -10.753068431499      8.725522537359      0.406049889826     -0.913850910692
   408    -11.336272354370      7.913196750283     -0.583203922871     -0.812325787076
   409    -10.999973787848      8.854952171905      0.336298566522      0.941755421622
   410    -11.912556781087      9.263843698413     -0.912582993240      0.408891526508
   411    -11.248020446534     10.011099651924      0.664536334553      0.747255953511
   412    -10.520247955042     10.696918287300      0.727772491491      0.685818635375
   413     -9.675805121420     10.161272601473      0.844442833622     -0.535645685826
   414     -9.101914752626     10.980204738225      0.573890368794      0.818932136752
   415     -9.959686622716     11.494235300431     -0.857771870090      0.514030562206
   416     -9.342021725596     10.707793900920      0.617664897120     -0.786441399512
   417     -8.974242766749     11.637707142802      0.367778958848      0.929913241883
   418     -9.935785944539     11.363053329350     -0.961543177791     -0.274653813452
   419     -9.348799515820     10.553456557804      0.586986428720     -0.809596771547
   420     -8.571996416441      9.923713003017      0.776803099379     -0.629743554787
   421     -9.541614443008      9.679089041483     -0.969618026567     -0.244623961534
   422     -8.979751506116      8.851858698623      0.561862936891     -0.827230342860
   423     -8.157665441318      9.421221941259      0.822086064798      0.569363242636
   424     -7.395159724144     10.068203418024      0.762505717174      0.646981476765
   425     -7.094079410329      9.114604632039      0.301080313816     -0.953598785985
   426     -8.034787853644      8.775388440391     -0.940708443315     -0.339216191648
   427     -7.529572471216      7.912395151102      0.505215382428     -0.862993289289
   428     -7.431822738673      8.907606178868      0.097749732543      0.995211027766
   429     -8.071419436114      9.676316829649     -0.639596697441      0.768710650780
   430     -7.128353011083      9.343712382925      0.943066425030     -0.332604446724
   431     -7.903154932527      8.711508315770     -0.774801921444     -0.632204067155
   432     -6.998143906108      9.136896423338      0.905011026419      0.425388107568
   433     -7.746338262579      9.800376042426     -0.748194356471      0.663479619088
   434     -7.495427470345      8.832365828461      0.250910792234     -0.968010213965
   435     -8.147073795122      9.590888779600     -0.651646324776      0.758522951139
   436     -7.210161731081      9.940453915526      0.936912064041      0.349565135926
   437     -6.558170544442     10.698680459868      0.651991186639      0.758226544342
   438     -7.320836048752     11.345473570944     -0.762665504310      0.646793111076
   439     -7.819239046207     12.212419043352     -0.498402997455      0.866945472407
   440     -8.769601879467     12.523562876903     -0.950362833260      0.311143833552
   441     -9.306333313499     11.679809733074     -0.536731434031     -0.843753143830
   442    -10.206304322131     12.115759482037     -0.899971008632      0.435949748964
   443    -10.943477491947     12.791463350388     -0.737173169816      0.675703868351
   444    -11.611354679852     13.535734847811     -0.667877187905      0.744271497423
   445    -10.781411136375     14.093582241496      0.829943543477      0.557847393685
   446    -11.284485640269     14.957825288058     -0.503074503895      0.864243046562
   447    -10.451085134257     15.510494806468      0.833400506012      0.552669518410
   448     -9.759946268741     16.233216792139      0.691138865517      0.722721985671
   449    -10.360947281990     17.032465052740     -0.601001013249      0.799248260601
   450    -11.049078610808     16.306878893625     -0.688131328818     -0.725586159115
   451    -10.587076710903     17.193757828138      0.462001899906      0.886878934513
   452    -11.531606905130     16.865333236806     -0.944530194228     -0.328424591332
   453    -10.561005996615     17.106027807559      0.970600908515      0.240694570753
   454     -9.771527489610     17.719806014223      0.789478507006      0.613778206664
   455     -9.322283840894     16.826396732825      0.449243648716     -0.893409281398
   456     -8.717740773314     17.622969189945      0.604543067580      0.796572457120
   457     -8.023604823118     18.342813119311      0.694135950196      0.719843929366
   458     -7.201242392951     18.911777119445      0.822362430168      0.568964000134
   459     -7.839101636933     18.141624157452     -0.637859243982     -0.770152961993
   460     -6.839722258097     18.176849959884      0.999379378836      0.035225802431
   461     -5.841835504955     18.241827093592      0.997886753141      0.064977133708
   462     -5.089503404554     17.583043054087      0.752332100401     -0.658784039505
   463     -4.314702557957     18.215248438525      0.774800846597      0.632205384438
   464     -3.621567610735     17.494440596629      0.693134947222     -0.720807841896
   465     -4.614161258164     17.372958700517     -0.992593647429     -0.121481896111
   466     -5.549275796932     17.018613107367     -0.935114538768     -0.354345593150
   467     -4.751379565387     16.415818280177      0.797896231545     -0.602794827190
   468     -4.943157390462     17.397256645950     -0.191777825075      0.981438365772
   469     -5.352023456146     18.309851046728     -0.408866065684      0.912594400778
   470     -6.030975214810     17.575668161197     -0.678951758664     -0.734182885531
   471     -5.144174809293     17.113515544873      0.886800405517     -0.462152616324
   472     -5.232525962872     16.117426154476     -0.088351153579     -0.996089390397
   473     -5.149499844543     17.113973525992      0.083026118329      0.996547371516
   474     -4.528371819935     17.897682641063      0.621128024609      0.783709115071
   475     -3.535207102853     17.780961414444      0.993164717082     -0.116721226619
   476     -2.711798662705     17.213512261927      0.823408440148     -0.567449152518
   477     -3.296837726903     18.024517374957     -0.585039064199      0.811005113031
   478     -2.494742025002     17.427321858403      0.802095701901     -0.597195516554
   479     -2.944315257038     18.320565335310     -0.449573232036      0.893243476907
   480     -3.063522480536     17.327695939133     -0.119207223497     -0.992869396178
   481     -2.340393519230     16.636982897905      0.723128961305     -0.690713041227
   482     -2.768765639771     15.733380481826     -0.428372120540     -0.903602416079
   483     -3.633715581712     15.231522336594     -0.864949941941     -0.501858145232
   484     -3.504531290668     14.239901734273      0.129184291044     -0.991620602321
   485     -3.435359515632     13.242296970081      0.069171775036     -0.997604764192
   486     -4.146757778437     12.539507875346     -0.711398262805     -0.702789094735
   487     -4.961629707605     13.119148918625     -0.814871929168      0.579641043279
   488     -4.406633540601     12.287296014194      0.554996167004     -0.831852904431
   489     -3.866257271657     11.445872525122      0.540376268944     -0.841423489072
   490     -4.692297990827     10.882262083174     -0.826040719170     -0.563610441948
   491     -4.784193477240     11.878030740833     -0.091895486413      0.995768657659
   492     -4.087208222181     12.595116198941      0.696985255059      0.717085458108
   493     -3.658221992494     13.498427227734      0.428986229686      0.903311028793
   494     -4.439946232419     12.874802971700     -0.781724239925     -0.623624256034
   495     -4.749515011849     13.825680025163     -0.309568779430      0.950877053463
   496     -3.855006779546     13.378628548996      0.894508232302     -0.447051476167
   497     -4.625716546764     12.741442191080     -0.770709767218     -0.637186357916
   498     -3.899522074424     13.428931527973      0.726194472340      0.687489336894
   499     -4.440094855642     12.587634274794     -0.540572781218     -0.841297253179
   500     -3.935431823992     11.724317864383      0.504663031650     -0.863316410412
   501     -3.396743965817     10.881812439205      0.538687858175     -0.842505425178
   502     -4.058485406233     11.631544568726     -0.661741440416      0.749732129521
   503     -3.068416449058     11.490961994987      0.990068957175     -0.140582573739
   504     -2.602633277041     10.606063109991      0.465783172017     -0.884898884995
   505     -1.611118109482     10.736054157760      0.991515167559      0.129991047769
   506     -0.646662249962     10.471810151133      0.964455859520     -0.264244006627
   507     -0.150898123444     11.340267364159      0.495764126519      0.868457213026
   508     -1.088956648791     10.993790520743     -0.938058525347     -0.346476843416
   509     -1.627043848370     10.150901343182     -0.538087199579     -0.842889177561
   510     -1.773092074424      9.161623871658     -0.146048226054     -0.989277471525
   511     -2.422783079618      9.921822265348     -0.649691005194      0.760198393691
   512     -2.995711912782     10.741427384982     -0.572928833164      0.819605119633
   513     -2.370291709118     11.521715516923      0.625420203664      0.780288131942
   514     -2.696631183300     12.466968153836     -0.326339474182      0.945252636913
   515     -2.741679767964     11.467983356645     -0.045048584664     -0.998984797192
   516     -1.818893090189     11.082672122288      0.922786677775     -0.385311234357
   517     -1.348411238778     10.200262451278      0.470481851412     -0.882409671010
   518     -0.353838528856     10.096218591873      0.994572709921     -0.104043859404
   519     -1.160131805804      9.504702614448     -0.806293276947     -0.591515977425
   520     -1.116892210803     10.503767345796      0.043239595001      0.999064731348
   521     -2.113401313864     10.420283170550     -0.996509103061     -0.083484175246
   522     -1.657836939569     11.310486013094      0.455564374295      0.890202842544
   523     -1.937418125161     12.270608068180     -0.279581185592      0.960122055086
   524     -1.074642218188     11.765021543094      0.862775906972     -0.505586525086
   525     -2.024981427438     11.453805561237     -0.950339209249     -0.311215981858
   526     -1.575353144415     12.347021328622      0.449628283023      0.893215767385
   527     -1.179291156098     11.428797553385      0.396061988316     -0.918223775237
   528     -0.970625532882     10.450810509663      0.208665623216     -0.977987043722
   529     -1.907057096997     10.099960220040     -0.936431564115     -0.350850289623
   530     -2.797601625006     10.554856300078     -0.890544528008      0.454896080039
   531     -2.080646111212      9.857737378200      0.716955513793     -0.697118921879
   532     -1.814361041318      8.893843057461      0.266285069894     -0.963894320738
   533     -1.855892772007      7.894705872013     -0.041531730688     -0.999137185449
   534     -1.013116123198      7.356442441876      0.842776648809     -0.538263430137
   535     -0.476664448341      8.200373482034      0.536451674857      0.843931040159
   536     -0.240547134117      9.172098038647      0.236117314225      0.971724556612
   537     -0.406791035510     10.158182702988     -0.166243901393      0.986084664342
   538     -0.998355444990      9.351924959188     -0.591564409480     -0.806257743800
   539     -0.232188467444      9.994566509758      0.766166977546      0.642641550570
   540      0.512684446826     10.661772880821      0.744872914270      0.667206371063
   541      0.210876692566     11.615141686409     -0.301807754260      0.953368805588
   542      1.126511955936     12.017151716724      0.915635263370      0.402010030315
   543      1.607456446072     12.893902763149      0.480944490136      0.876751046425
   544      2.532095422551     13.274747565103      0.924638976479      0.380844801954
   545      3.498195432534     13.016579459577      0.966100009983     -0.258168105526
   546      4.244758010926     13.681894660474      0.746562578392      0.665315200897
   547      5.153111437107     13.263691297091      0.908353426181     -0.418203363383
   548      4.179454213415     13.491707986728     -0.973657223692      0.228016689637
   549      4.912207842026     12.811213960481      0.732753628610     -0.680494026248
   550      5.681195683520     12.171950556528      0.768987841495     -0.639263403953
   551      5.684756898043     11.171956897672      0.003561214523     -0.999993658855
   552      4.684906625924     11.189261040046     -0.999850272119      0.017304142374
   553      4.379491046932     10.237041882441     -0.305415578992     -0.952219157605
   554      5.157713927000      9.609053706646      0.778222880068     -0.627988175795
   555      4.568704894691     10.417180157059     -0.589009032310      0.808126450413
   556      4.071189878450     11.284635521107     -0.497515016240      0.867455364048
   557      3.379264816723     10.562666194228     -0.691925061727     -0.721969326879
   558      3.018780410457      9.629900954289     -0.360484406265     -0.932765239940
   559      3.494632507196     10.509426270599      0.475852096738      0.879525316310
   560      3.540660242832      9.510486108451      0.046027735637     -0.998940162148
   561      4.518007743368      9.722126991074      0.977347500535      0.211640882623
   562      4.170355719010      8.784503361913     -0.347652024358     -0.937623629160
   563      3.450835741063      9.478975104560     -0.719519977947      0.694471742647
   564      2.754790361761     10.196972897003     -0.696045379302      0.717997792443
   565      1.899447864462     10.715035839428     -0.855342497299      0.518062942425
   566      2.761893476755     11.221185585883      0.862445612293      0.506149746455
   567      3.034651886958     12.183268144535      0.272758410203      0.962082558653
   568      2.066643294503     11.932351096623     -0.968008592455     -0.250917047912
   569      3.055121093983     12.083717010669      0.988477799480      0.151365914046
   570      3.986651396106     11.720053297567      0.931530302123     -0.363663713102
   571      3.959190409443     10.720430421572     -0.027460986663     -0.999622875995
   572      3.591369410504     11.650327035578     -0.367820998939      0.929896614006
   573      4.182128808574     12.457174811551      0.590759398070      0.806847775973
   574      3.357133772543     13.022314785827     -0.824995036031      0.565139974276
   575      4.175398588337     13.597156234606      0.818264815794      0.574841448779
   576      3.201259876800     13.371205419856     -0.974138711537     -0.225950814749
   577      3.144962663087     14.369619474108     -0.056297213714      0.998414054252
   578      3.000690900079     15.359157577669     -0.144271763008      0.989538103561
   579      3.836747816528     14.810514859266      0.836056916450     -0.548642718403
   580      2.996274940618     14.268661239864     -0.840472875910     -0.541853619402
   581      3.905479236568     14.685011510942      0.909204295949      0.416350271079
   582      4.600684897834     13.966200625839      0.695205661266     -0.718810885104
   583      5.515498378785     14.370077209797      0.914813480951      0.403876583958
   584      4.992578422756     15.222459001946     -0.522919956029      0.852381792149
   585      5.967505569740     14.999934715463      0.974927146983     -0.222524286483
   586      5.363274287482     15.796743699813     -0.604231282258      0.796808984350
   587      6.183900206384     15.225277951736      0.820625918903     -0.571465748077
   588      6.943483579029     15.875687899386      0.759583372645      0.650409947650
   589      7.617087491949     16.614780429789      0.673603912921      0.739092530403
   590      8.597248019717     16.416575132668      0.980160527767     -0.198205297121
   591      8.852102388374     15.449595685742      0.254854368657     -0.966979446926
   592      9.849666961716     15.519344678660      0.997564573342      0.069748992918
   593     10.674015863823     16.085426728891      0.824348902108      0.566082050231
   594     10.177273640166     15.217528599364     -0.496742223657     -0.867898129527
   595     10.312846408476     14.226761207646      0.135572768309     -0.990767391719
   596      9.447682970139     13.725271202795     -0.865163438337     -0.501490004851
   597      8.453804874943     13.614788933226     -0.993878095196     -0.110482269568
   598      7.467705648564     13.780946436020     -0.986099226379      0.166157502794
   599      6.552279243837     14.183431836412     -0.915426404727      0.402485400392
   600      5.649764416719     14.614090618782     -0.902514827118      0.430658782371
   601      5.137020352105     13.755549108893     -0.512744064614     -0.858541509889
   602      4.500581882704     12.984221633259     -0.636438469400     -0.771327475634
   603      4.184196720933     13.932852451550     -0.316385161772      0.948630818291
   604      5.179668086567     13.837790575902      0.995471365635     -0.095061875648
   605      4.457923843501     13.145630733379     -0.721744243066     -0.692159842523
   606      3.956240869080     12.280579178166     -0.501682974421     -0.865051555213
   607      3.345579317224     11.488687475289     -0.610661551856     -0.791891702877
   608      4.271637622790     11.866067939402      0.926058305565      0.377380464112
   609      3.564838215644     11.158653917729     -0.706799407146     -0.707414021672
   610      4.564832389615     11.155240411660      0.999994173971     -0.003413506069
   611      5.078484017850     12.013239248962      0.513651628235      0.857998837302
   612      4.123175757470     12.308850696051     -0.955308260380      0.295611447089
   613      4.976412485499     11.787326884570      0.853236728029     -0.521523811481
   614      5.953584911931     11.574879128590      0.977172426432     -0.212447755980
   615      5.247176912162     12.282684001321     -0.706407999769      0.707804872731
   616      6.103122447190     12.799749994272      0.855945535028      0.517065992950
   617      5.230523349571     13.288187108784     -0.872599097619      0.488437114513
   618      5.541399013507     12.337736520078      0.310875663936     -0.950450588706
   619      5.792354961998     11.369738011858      0.250955948491     -0.967998508220
   620      5.155973031299     12.141112135276     -0.636381930700      0.771374123418
   621      4.603660917039     12.974749543531     -0.552312114259      0.833637408255
   622      4.374043377316     13.948030482136     -0.229617539723      0.973280938605
   623      5.191456798022     13.371979009045      0.817413420706     -0.576051473091
   624      5.907847020345     12.674279181498      0.716390222323     -0.697699827547
   625      6.662319859006     12.017947911694      0.754472838661     -0.656331269804
   626      6.435059275301     12.991781895027     -0.227260583705      0.973833983333
   627      7.403469010513     13.241146256446      0.968409735212      0.249364361419
   628      8.039332491702     12.469344705986      0.635863481188     -0.771801550459
   629      8.814935715240     11.838123952497      0.775603223539     -0.631220753490
   630      8.606870521089     12.816238912500     -0.208065194152      0.978114960003
   631      8.826261510313     11.840601892986      0.219390989225     -0.975637019514
   632      8.348804180504     10.961946956045     -0.477457329810     -0.878654936941
   633      8.592244794618      9.992031151761      0.243440614114     -0.969915804284
   634      9.296506727551      9.282090922008      0.704261932934     -0.709940229752
   635      8.651655849463     10.046399331636     -0.644850878089      0.764308409628
   636      8.966062762092     10.995687640471      0.314406912629      0.949288308835
   637      8.538384293354     11.899618571117     -0.427678468738      0.903930930646
   638      9.047053250524     11.038656381464      0.508668957170     -0.860962189653
   639      8.376680353148     11.780680760082     -0.670372897376      0.742024378618
   640      8.407293832859     10.781149462493      0.030613479711     -0.999531297589
   641      9.387249494446     10.581933746940      0.979955661587     -0.199215715554
   642     10.262779850459     10.098770631937      0.875530356013     -0.483163115003
   643      9.279322727741      9.917629560459     -0.983457122718     -0.181141071478
   644      9.700063591172      9.010448693245      0.420740863431     -0.907180867214
   645     10.397267652761      9.727321413123      0.697204061588      0.716872719878
   646     10.954795604684     10.557479580476      0.557527951923      0.830158167354
   647     10.244135810989     11.261015405879     -0.710659793695      0.703535825403
   648      9.423276861415     10.689884435869     -0.820858949574     -0.571130970010
   649      9.556539263455      9.698803645922      0.133262402040     -0.991080789947
   650      8.689648163065     10.197301208669     -0.866891100390      0.498497562746
   651      9.438511599785     10.860025550415      0.748863436720      0.662724341747
   652     10.081717818318     11.625718544010      0.643206218533      0.765692993595
   653      9.719966185291     10.693444037225     -0.361751633027     -0.932274506786
   654      9.013152181602     11.400843474735     -0.706814003689      0.707399437510
   655      8.546814332502     12.285450172933     -0.466337849100      0.884606698198
   656      8.800001294513     11.318032805781      0.253186962011     -0.967417367152
   657      8.030682159575     10.679168134181     -0.769319134938     -0.638864671600
   658      7.228093405727     10.082635409013     -0.802588753848     -0.596532725168
   659      8.064481300099      9.534497387938      0.836387894372     -0.548138021075
   660      8.901845714333     10.081142462713      0.837364414234      0.546645074774
   661      9.584462479469     10.811919003083      0.682616765136      0.730776540370
   662      9.039415805443      9.973513299897     -0.545046674026     -0.838405703185
   663      9.113184667905     10.970788665547      0.073768862462      0.997275365649
   664      8.132236572188     10.776518663981     -0.980948095717     -0.194270001566
   665      7.262118529543     11.269362038557     -0.870118042645      0.492843374577
   666      6.487355569165     10.637110225411     -0.774762960378     -0.632251813146
   667      6.040488464676      9.742509872781     -0.446867104489     -0.894600352630
   668      6.063367357699     10.742248116650      0.022878893022      0.999738243869
   669      5.063528910384     10.724273710656     -0.999838447315     -0.017974405994
   670      6.048721822345     10.895723196574      0.985192911961      0.171449485917
   671      5.506346902102     11.735859760408     -0.542374920243      0.840136563834
   672      6.052694015427     12.573418613124      0.546347113325      0.837558852715
   673      5.881546396971     11.588173215927     -0.171147618455     -0.985245397197
   674      6.600308073307     10.892916678646      0.718761676336     -0.695256537280
   675      6.182162218664     11.801296579484     -0.418145854643      0.908379900837
   676      7.015352551239     11.248310259848      0.833190332575     -0.552986319635
   677      7.885057296517     11.741882601092      0.869704745278      0.493572341243
   678      8.851344609784     11.484416432016      0.966287313267     -0.257466169076
   679      8.527674558596     12.430586447375     -0.323670051188      0.946170015359
   680      9.122932227808     11.627051564968      0.595257669211     -0.803534882407
   681      8.708942868890     10.716769844453     -0.413989358917     -0.910281720515
   682      8.630293045384     11.713672149226     -0.078649823507      0.996902304773
   683      9.580843598258     12.024242022895      0.950550552874      0.310569873669
   684      8.757928360705     12.592406182099     -0.822915237552      0.568164159204
   685      8.036981647430     13.285396684644     -0.720946713275      0.692990502545
   686      7.395732987682     14.052729830267     -0.641248659748      0.767333145623
   687      6.497931593326     14.493130393722     -0.897801394357      0.440400563455
   688      5.866145467930     13.717987637994     -0.631786125396     -0.775142755728
   689      4.874060994701     13.592415356107     -0.992084473229     -0.125572281887
   690      4.056282798428     14.167948866599     -0.817778196273      0.575533510493
   691      5.042477718360     14.333537452860      0.986194919932      0.165588586261
   692      4.456051832052     13.523534564058     -0.586425886308     -0.810002888802
   693      3.969181070451     12.650060545270     -0.486870761601     -0.873474018788
   694      4.800266887986     13.206204738706      0.831085817534      0.556144193437
   695      5.772488462484     13.440267145084      0.972221574499      0.234062406378
   696      6.481997904280     14.144963073838      0.709509441796      0.704695928754
   697      7.363786681308     13.673318554409      0.881788777028     -0.471644519429
   698      6.637680281204     12.985736198812     -0.726106400104     -0.687582355596
   699      6.073100326435     13.811114581539     -0.564579954769      0.825378382727
   700      6.915780469790     14.349529083568      0.842680143355      0.538414502029
   701      7.154935248333     13.378547625506      0.239154778543     -0.970981458062
   702      6.700093611001     12.487975289899     -0.454841637333     -0.890572335607
   703      5.713911856248     12.653642264864     -0.986181754752      0.165666974964
   704      4.840017941755     13.139758944491     -0.873893914493      0.486116679628
   705      5.394238185508     12.307388881710      0.554220243753     -0.832370062781
   706      5.422859019820     13.306979221721      0.028620834313      0.999590340011
   707      5.780686844415     14.240766803533      0.357827824594      0.933787581812
   708      5.468123053774     15.190663575177     -0.312563790641      0.949896771644
   709      6.422654318156     14.892552747939      0.954531264383     -0.298110827238
   710      6.314480329969     15.886684725234     -0.108173988188      0.994131977295
   711      7.309656808372     15.788583874924      0.995176478404     -0.098100850310
   712      6.653407536770     16.543128037662     -0.656249271602      0.754544162738
   713      5.757420486548     16.987208217172     -0.895987050222      0.444080179511
   714      4.910389909147     16.455664050666     -0.847030577402     -0.531544166506
   715      5.837904630964     16.829450675376      0.927514721818      0.373786624709
   716      5.070725500668     16.188017762252     -0.767179130296     -0.641432913124
   717      4.607436208069     17.074224866355     -0.463289292599      0.886207104103
   718      3.943996089502     17.822454249014     -0.663440118568      0.748229382659
   719      3.528040630610     18.731839236915     -0.415955458892      0.909384987900
   720      4.431166106211     18.302462508015      0.903125475601     -0.429376728900
   721      5.248249662360     18.878981772454      0.817083556149      0.576519264440
   722      5.659683906043     19.790421218126      0.411434243682      0.911439445671
   723      6.531232197196     19.300111544361      0.871548291154     -0.490309673765
   724      7.442038964749     19.712944479312      0.910806767553      0.412832934951
   725      7.171005930492     20.675514525771     -0.271033034257      0.962570046460
   726      6.182288454381     20.825306890176     -0.988717476110      0.149792364405
   727      6.074223615860     21.819450738256     -0.108064838521      0.994143848080
   728      5.147104552828     21.444683820076     -0.927119063032     -0.374766918180
   729      6.025271706735     21.923037716056      0.878167153907      0.478353895980
   730      6.863863071357     21.378276738030      0.838591364622     -0.544760978027
   731      6.179968107770     20.648696256671     -0.683894963587     -0.729580481359
   732      5.688296086926     21.519476724939     -0.491672020845      0.870780468269
   733      6.042803712310     22.454529848320      0.354507625384      0.935053123381
   734      5.103216747395     22.796840139376     -0.939586964914      0.342310291056
   735      5.956916762853     22.276075044916      0.853700015457     -0.520765094460
   736      6.911256561263     22.574798243164      0.954339798410      0.298723198248
   737      7.909732602649     22.519611335504      0.998476041387     -0.055186907660
   738      8.666736717159     23.173021444559      0.757004114510      0.653410109055
   739      7.766078520689     23.607549709614     -0.900658196470      0.434528265055
   740      8.549637883077     22.986232781134      0.783559362387     -0.621316928479
   741      9.177577818941     22.207970976247      0.627939935864     -0.778261804888
   742      8.906644221324     23.170569015764     -0.270933597617      0.962598039517
   743      8.441005143755     22.285594298927     -0.465639077569     -0.884974716837
   744      8.298174931613     21.295847093577     -0.142830212142     -0.989747205351
   745      8.849246211675     22.130305267658      0.551071280062      0.834458174081
   746      9.750022194872     22.564589308459      0.900775983197      0.434284040802
   747      8.761004054747     22.712383484603     -0.989018140126      0.147794176144
   748      9.416894252256     21.957527174560      0.655890197509     -0.754856310043
   749      8.808162514710     21.164151052091     -0.608731737546     -0.793376122469
   750      7.811806697610     21.078856938975     -0.996355817099     -0.085294113116
   751      7.308751557091     20.214602621314     -0.503055140520     -0.864254317662
   752      7.288486491931     21.214397263795     -0.020265065159      0.999794642481
   753      8.274484190955     21.047638343432      0.985997699023     -0.166758920363
   754      7.274528886432     21.038183770096     -0.999955304523     -0.009454573335
   755      7.984592953943     21.742320844841      0.710064067511      0.704137074745
   756      7.944429046049     22.741513949552     -0.040163907893      0.999193104711
   757      8.168434284503     21.766926009372      0.224005238453     -0.974587940181
   758      7.262736537569     21.343001969950     -0.905697746934     -0.423924039421
   759      6.500120761954     20.696150225898     -0.762615775615     -0.646851744052
   760      6.857758753990     21.630010529505      0.357637992036      0.933860303607
   761      6.946980243675     22.626022339565      0.089221489684      0.996011810060
   762      6.589497294083     23.559942004606     -0.357482949592      0.933919665041
   763      5.946622938146     22.793970358604     -0.642874355937     -0.765971646002
   764      5.352552209552     21.989557548271     -0.594070728594     -0.804412810333
   765      5.564409163119     22.966858234460      0.211856953567      0.977300686189
   766      6.317961102214     22.309469859839      0.753551939094     -0.657388374621
   767      7.315251564542     22.235905372835      0.997290462329     -0.073564487004
   768      7.012992502287     23.189131190406     -0.302259062255      0.953225817571
   769      6.253585041799     23.839746521423     -0.759407460488      0.650615331017
   770      6.392140202786     24.830101239372      0.138555160987      0.990354717949
   771      5.610149455836     25.453391277544     -0.781990746951      0.623290038171
   772      5.012754802175     26.255338674682     -0.597394653661      0.801947397138
   773      5.695119181750     25.524326463097      0.682364379576     -0.731012211585
   774      5.400040123424     26.479799303809     -0.295079058326      0.955472840712
   775      6.278495641508     26.001975170107      0.878455518084     -0.477824133701
   776      6.625867946224     26.939702466242      0.347372304716      0.937727296135
   777      5.692331243060     26.581220634283     -0.933536703164     -0.358481831960
   778      6.234165504051     27.421705990262      0.541834260991      0.840485355980
   779      7.024084409487     28.034917310147      0.789918905436      0.613211319885
   780      6.801255569381     27.060059726694     -0.222828840106     -0.974857583454
   781      7.640906193989     27.603186625858      0.839650624608      0.543126899164
   782      7.275778163122     28.534143940172     -0.365128030867      0.930957314314
   783      7.955296996422     27.800485875956      0.679518833300     -0.733658064217
   784      7.972117430720     26.800627349468      0.016820434298     -0.999858526488
   785      7.516204932193     25.910602746613     -0.455912498527     -0.890024602855
   786      6.709270479920     25.319961747584     -0.806934452273     -0.590640999029
   787      7.625874842149     24.920166245930      0.916604362229     -0.399795501654
   788      7.763814546412     25.910606874129      0.137939704263      0.990440628199
   789      6.972167001875     26.521584914021     -0.791647544536      0.610978039891
   790      7.843713444135     27.011897874266      0.871546442260      0.490312960245
   791      7.154482097830     27.736439212818     -0.689231346305      0.724541338552
   792      6.616357211034     28.579304330266     -0.538124886796      0.842865117448
   793      6.189471653913     27.674998673354     -0.426885557120     -0.904305656912
   794      7.026640646985     28.221942982254      0.837168993072      0.546944308900
   795      7.222759429259     29.202523128515      0.196118782274      0.980580146260
   796      7.776741786489     30.035051535164      0.553982357230      0.832528406649
   797      7.332829652656     29.138981215693     -0.443912133833     -0.896070319470
   798      7.731037816776     28.221686138835      0.398208164119     -0.917295076858
   799      8.031568647886     29.175458239262      0.300530831110      0.953772100427
   800      8.315375706848     30.134339646571      0.283807058963      0.958881407309
   801      8.658205800110     29.194942218879      0.342830093262     -0.939397427692
   802      8.511432747997     28.205772025650     -0.146773052113     -0.989170193229
   803      7.523685317796     28.049711094821     -0.987747430201     -0.156060930829
   804      7.065240658748     27.160988137657     -0.458444659048     -0.888722957164
   805      6.940989625292     26.168737322245     -0.124251033456     -0.992250815412
   806      6.423816027755     25.312856799035     -0.517173597537     -0.855880523210
   807      7.210613747206     24.695645855623      0.786797719451     -0.617210943411
   808      6.534491756970     23.958856160853     -0.676121990236     -0.736789694770
   809      7.299139325186     24.603304837182      0.764647568215      0.644448676329
   810      6.749140536619     25.438470289398     -0.549998788567      0.835165452216
   811      6.037977610632     24.735443054717     -0.711162925986     -0.703027234681
   812      5.040579502459     24.663352737662     -0.997398108173     -0.072090317055
   813      4.146238047820     25.110737764808     -0.894341454639      0.447385027145
   814      3.169337000881     24.897045592540     -0.976901046939     -0.213692172268
   815      3.302024887995     23.905887721859      0.132687887114     -0.991157870681
   816      2.438882717746     23.400926739269     -0.863142170249     -0.504960982589
   817      2.292866173803     24.390208887544     -0.146016543943      0.989282148275
   818      1.426355162010     24.889366844951     -0.866511011792      0.499157957407
   819      0.774269643795     24.131221425566     -0.652085518215     -0.758145419385
   820      1.770319387738     24.042424423417      0.996049743943     -0.088797002149
   821      1.550285861776     23.066932113118     -0.220033525963     -0.975492310299
   822      1.235070418140     24.015952252048     -0.315215443635      0.949020138930
   823      1.963785100692     23.331134822776      0.728714682551     -0.684817429271
   824      1.493627536207     22.448552325467     -0.470157564485     -0.882582497310
   825      0.903333426712     21.641364079581     -0.590294109495     -0.807188245886
   826      1.752795894666     22.169013125386      0.849462467953      0.527649045805
   827      2.749209024865     22.084391178075      0.996413130199     -0.084621947311
   828      2.598973228423     23.073041371757     -0.150235796442      0.988650193682
   829      2.782324569837     24.056088820053      0.183351341414      0.983047448296
   830      3.312380693823     23.208126258718      0.530056123986     -0.847962561334
   831      2.844590791373     22.324286563317     -0.467789902449     -0.883839695401
   832      3.504896933968     23.075283099962      0.660306142594      0.750996536644
   833      4.499896766603     23.175159689091      0.994999832635      0.099876589129
   834      5.302622911068     22.578811856872      0.802726144465     -0.596347832219
   835      6.224818381131     22.192087775652      0.922195470063     -0.386724081219
   836      6.185110123486     21.192876459526     -0.039708257645     -0.999211316126
   837      6.733105637413     20.356395188537      0.547995513928     -0.836481270989
   838      5.766366582633     20.100630452965     -0.966739054780     -0.255764735572
   839      5.956693985002     19.118909779908      0.190327402369     -0.981720673057
   840      6.167660420355     18.141416473970      0.210966435353     -0.977493305938
   841      5.670959613290     19.009338307006     -0.496700807065      0.867921833036
   842      4.872491407414     18.407301327904     -0.798468205876     -0.602036979102
   843      5.539693105283     19.152178428076      0.667201697869      0.744877100172
   844      6.392834707689     18.630499018627      0.853141602406     -0.521679409450
   845      7.180247059659     19.246925646836      0.787412351970      0.616426628209
   846      6.281583122685     19.685563456860     -0.898663936974      0.438637810024
   847      7.263835397506     19.497998885020      0.982252274821     -0.187564571840
   848      6.932896676397     20.441651131810     -0.330938721109      0.943652246789
   849      6.069111636617     19.937790630228     -0.863785039779     -0.503860501581
   850      5.205506041397     20.441958633878     -0.863605595221      0.504168003649
   851      5.611890948289     21.355660613436      0.406384906893      0.913701979559
   852      6.544893436308     21.715530530699      0.933002488019      0.359869917262
   853      7.535831572098     21.581211466384      0.990938135789     -0.134319064314
   854      6.957442438697     20.765450465623     -0.578389133401     -0.815761000762
   855      6.263329704768     21.485316781405     -0.694112733929      0.719866315783
   856      6.468981623871     20.506691578291      0.205651919102     -0.978625203114
   857      7.375974618296     20.085545869464      0.906992994425     -0.421145708828
   858      7.992085970496     19.297886805090      0.616111352200     -0.787659064374
   859      7.718703765606     20.259792294236     -0.273382204891      0.961905489146
   860      8.640696148511     19.872584280548      0.921992382905     -0.387208013688
   861      9.639224172606     19.926822505975      0.998528024095      0.054238225427
   862      9.612243903626     18.927186539692     -0.026980268979     -0.999635966283
   863      9.073100196854     18.084972752434     -0.539143706773     -0.842213787258
   864      8.305707980564     17.443794784645     -0.767392216289     -0.641177967789
   865      7.579832917174     18.131621356063     -0.725875063390      0.687826571418
   866      6.761344112604     18.706143833250     -0.818488804570      0.574522477187
   867      5.828835660582     19.067291984163     -0.932508452022      0.361148150913
   868      6.484303637751     18.312069016486      0.655467977169     -0.755222967677
   869      7.352752916082     18.807847042389      0.868449278330      0.495778025902
   870      6.461028025743     19.260424903039     -0.891724890339      0.452577860650
   871      6.505234514091     18.261402487681      0.044206488348     -0.999022415358
   872      6.179684168005     17.315877780355     -0.325550346085     -0.945524707326
   873      7.163028621647     17.134126066490      0.983344453641     -0.181751713864
   874      7.498381438369     18.076218677817      0.335352816722      0.942092611327
   875      8.044080821454     18.914199693892      0.545699383085      0.837981016074
   876      8.558455300253     19.771765373918      0.514374478799      0.857565680027
   877      9.047208261947     20.644187601074      0.488752961694      0.872422227156
   878      8.048584285705     20.591745689645     -0.998623976242     -0.052441911429
   879      8.718946317282     19.849711494598      0.670362031578     -0.742034195047
   880      9.680026669965     20.125980486141      0.961080352682      0.276268991543
   881      9.022490923793     19.372557137348     -0.657535746171     -0.753423348793
   882      9.935535398322     19.780417147073      0.913044474529      0.407860009725
   883     10.880756537931     19.453986454220      0.945221139609     -0.326430692852
   884     11.877562166251     19.533852212530      0.996805628320      0.079865758310
   885     11.496805752026     18.609176835424     -0.380756414225     -0.924675377106
   886     12.494696142902     18.674098078458      0.997890390876      0.064921243034
   887     11.510722994704     18.495781383712     -0.983973148198     -0.178316694746
   888     12.014523071547     19.359601667436      0.503800076844      0.863820283724
   889     12.199048814424     20.342429348271      0.184525742877      0.982827680835
   890     12.125414870867     21.339714684750     -0.073633943557      0.997285336479
   891     12.989718742074     20.836744687417      0.864303871207     -0.502969997332
   892     13.142956237252     19.848555297638      0.153237495178     -0.988189389779
   893     13.352873460710     20.826274459410      0.209917223459      0.977719161772
   894     12.805735970201     19.989231708722     -0.547137490509     -0.837042750688
   895     12.878237076218     18.991863376747      0.072501106017     -0.997368331975
   896     13.878147507738     19.005247282717      0.999910431519      0.013383905970
   897     13.128837085714     19.667466197764     -0.749310422024      0.662218915048
   898     12.586839489909     18.827086161030     -0.541997595805     -0.840380036734
   899     12.303698741920     19.786164529480     -0.283140747989      0.959078368450
   900     13.195534181610     20.238524506172      0.891835439690      0.452359976692
   901     12.828096155046     19.308476498468     -0.367438026564     -0.930048007704
   902     13.797187605160     19.555178264405      0.969091450114      0.246701765937
   903     12.895647806153     19.122482076754     -0.901539799006     -0.432696187651
   904     13.895627913595     19.116174563762      0.999980107442     -0.006307512992
   905     14.403502377611     18.254743470290      0.507874464015     -0.861431093472
   906     15.360644618097     18.544361721573      0.957142240486      0.289618251284
   907     14.972086661968     17.622937435629     -0.388557956129     -0.921424285945
   908     14.317709936335     16.866768736891     -0.654376725633     -0.756168698737
   909     14.783022573800     17.751915136881      0.465312637465      0.885146399990
   910     14.230446429540     18.585377556427     -0.552576144260      0.833462419545
   911     14.800151831071     17.763528570623      0.569705401531     -0.821848985803
   912     15.346299851355     16.925839881467      0.546148020284     -0.837688689156
   913     14.357572484125     17.075566944125     -0.988727367229      0.149727062657
   914     13.618210130490     17.748874682106     -0.739362353636      0.673307737982
   915     13.960827091945     16.809399500038      0.342616961455     -0.939475182069
   916     14.198702136814     17.780695264998      0.237875044868      0.971295764960
   917     15.108094576317     17.364756097602      0.909392439504     -0.415939167395
   918     14.130120151572     17.156031339743     -0.977974424746     -0.208724757860
   919     14.966631593473     16.608081882613      0.836511441901     -0.547949457130
   920     15.450191249635     17.483393289446      0.483559656162      0.875311406833
   921     16.391839836619     17.819990880987      0.941648586984      0.336597591541
   922     16.560111916447     16.834250292825      0.168272079829     -0.985740588162
   923     16.224338103793     17.776192937966     -0.335773812655      0.941942645141
   924     15.556175366694     17.032177779012     -0.668162737099     -0.744015158954
   925     16.158244899001     17.830621439059      0.602069532307      0.798443660046
   926     15.174297273104     17.652163966558     -0.983947625897     -0.178457472500
   927     15.082349779406     16.656400109812     -0.091947493698     -0.995763856746
   928     14.279528245851     16.060180699476     -0.802821533555     -0.596219410336
   929     14.884602381847     15.264011565467      0.605074135996     -0.796169134009
   930     14.428949250078     14.373854150450     -0.455653131769     -0.890157415017
   931     15.243721448668     13.794072929295      0.814772198590     -0.579781221156
   932     14.264426949193     13.591632114991     -0.979294499476     -0.202440814304
   933     13.584641879638     14.325043499693     -0.679785069555      0.733411384702
   934     12.614062523172     14.565824962440     -0.970579356466      0.240781462747
   935     12.653639245730     15.565041497047      0.039576722558      0.999216534607
   936     13.282347594525     16.342682681755      0.628708348795      0.777641184709
   937     12.668256439247     15.553447575460     -0.614091155278     -0.789235106295
   938     11.668256692829     15.552735421277     -0.999999746418     -0.000712154183
   939     12.092479080054     16.458293462585      0.424222387225      0.905558041308
   940     12.513361058351     17.365408868884      0.420881978297      0.907115406299
   941     11.915576589361     16.563752004237     -0.597784468990     -0.801656864646
   942     12.740301434492     17.129286202871      0.824724845131      0.565534198633
   943     12.371675624341     18.058864070556     -0.368625810151      0.929577867685
   944     12.983816503671     17.268115346970      0.612140879330     -0.790748723586
   945     12.107547010884     17.749936658258     -0.876269492787      0.481821311288
   946     11.379998047129     17.063880898615     -0.727548963755     -0.686055759643
   947     10.408540464170     17.301094229843     -0.971457582959      0.237213331227
   948     10.101675626521     18.252847334074     -0.306864837649      0.951753104232
   949      9.328475060172     17.618685774062     -0.773200566349     -0.634161560012
   950     10.259324446244     17.984088867164      0.930849386072      0.365403093102
   951     10.379720761316     16.991362959717      0.120396315072     -0.992725907447
   952     10.308957444262     17.988856094009     -0.070763317054      0.997493134292
   953      9.438361328027     17.496857717593     -0.870596116235     -0.491998376416
   954     10.196807487380     16.845122017050      0.758446159353     -0.651735700543
   955     11.062279776137     17.346078818973      0.865472288757      0.500956801923
   956     10.487572804078     18.164438089872     -0.574706972059      0.818359270899
   957      9.756803831971     17.481813222609     -0.730768972107     -0.682624867263
   958      8.757886865156     17.435284807527     -0.998916966815     -0.046528415082
   959      8.041162071520     16.737928678862     -0.716724793637     -0.697356128665
   960      7.347801581093     16.017337789165     -0.693360490427     -0.720590889698
   961      8.347697177164     16.002887980901      0.999895596070     -0.014449808264
   962      8.209995773677     15.012414193526     -0.137701403487     -0.990473787375
   963      9.158209998931     15.330045714358      0.948214225254      0.317631520832
   964      9.640560732642     16.206023893132      0.482350733712      0.875978178774
   965     10.344390702919     16.916392370009      0.703829970277      0.710368476877
   966      9.713530107130     17.692288567113     -0.630860595789      0.775896197104
   967      9.191129115270     16.839588617715     -0.522400991860     -0.852699949398
   968     10.091398492168     17.274921879733      0.900269376898      0.435333262018
   969     10.878795105718     16.658475148077      0.787396613550     -0.616446731656
   970     11.454561286447     15.840860749274      0.575766180729     -0.817614398802
   971     11.842266585823     14.919077368628      0.387705299376     -0.921783380647
   972     11.098185696475     14.250987831135     -0.744080889348     -0.668089537493
   973     11.178179630464     13.254192480762      0.079993933990     -0.996795350373
   974     10.178179779997     13.254739349025     -0.999999850468      0.000546868263
   975      9.464231819077     12.554540585032     -0.713947960920     -0.700198763994
   976     10.237731023020     11.920743313422      0.773499203943     -0.633797271609
   977     10.762832742944     12.771782785910      0.525101719924      0.851039472488
   978     11.673560838834     12.358776326690      0.910728095889     -0.413006459221
   979     11.073160642088     11.559076630711     -0.600400196745     -0.799699695979
   980     11.484582421577     12.470521702760      0.411421779488      0.911445072049
   981     10.664015897659     13.042072732700     -0.820566523918      0.571551029940
   982     11.262150244449     13.843468579450      0.598134346791      0.801395846751
   983     11.867059221008     13.047173954278      0.604908976558     -0.796294625173
   984     10.929572294156     13.395194445028     -0.937486926852      0.348020490751
   985     10.094985653499     12.844317744452     -0.834586640657     -0.550876700576
   986      9.398634731992     13.562019210324     -0.696350921508      0.717701465872
   987      8.484909902185     13.968352737607     -0.913724829807      0.406333527282
   988      9.396921150017     14.378517928509      0.912011247832      0.410165190902
   989      9.311632337952     15.374874199396     -0.085288812065      0.996356270887
   990     10.070238623414     14.723324889169      0.758606285462     -0.651549310227
   991     10.740684535178     15.465283297302      0.670445911764      0.741958408133
   992      9.745518510164     15.563490133410     -0.995166025014      0.098206836108
   993      8.880251866450     16.064802047568     -0.865266643714      0.501311914158
   994      8.397101835588     15.189264471173     -0.483150030862     -0.875537576394
   995      9.123915018145     15.876099675325      0.726813182557      0.686835204151
   996      9.591019725657     16.760301684042      0.467104707512      0.884202008718
   997      8.592068014218     16.714525290419     -0.998951711439     -0.045776393623
   998      9.396703341733     16.120755983603      0.804635327514     -0.593769306815
   999      8.526902627268     15.627352784266     -0.869800714465     -0.493403199338
  1000      8.103245143261     16.533175248243     -0.423657484007      0.905822463977
