# File chua thong tin toa do tai lan chay thu 27
##########################################################################################
#  Step                   x                   y            delta_x            delta_y
     1      0.000000000000      0.000000000000      0.000000000000      0.000000000000
     2     -0.318897662940      0.947789154069     -0.318897662940      0.947789154069
     3      0.275134649847      0.143347974514      0.594032312787     -0.804441179555
     4     -0.547034874537     -0.425894744521     -0.822169524384     -0.569242719035
     5     -0.218408028153      0.518565098900      0.328626846384      0.944459843421
     6     -1.001972835109     -0.102744963226     -0.783564806956     -0.621310062127
     7     -0.014319618979     -0.259401034504      0.987653216130     -0.156656071278
     8      0.373889485238     -1.180972351008      0.388209104217     -0.921571316504
     9     -0.419130577845     -1.790167869333     -0.793020063083     -0.609195518325
    10      0.523994048736     -1.457728493303      0.943124626581      0.332439376031
    11      0.669793219136     -0.468414285424      0.145799170401      0.989314207879
    12     -0.305406438260     -0.689741256699     -0.975199657397     -0.221326971275
    13     -0.662236100895     -1.623910723051     -0.356829662635     -0.934169466352
    14     -1.607551696417     -1.297753667536     -0.945315595522      0.326157055515
    15     -1.280178963958     -0.352858385485      0.327372732459      0.944895282051
    16     -1.986421262401     -1.060828593820     -0.706242298443     -0.707970208335
    17     -2.174183311710     -2.043043139039     -0.187762049309     -0.982214545219
    18     -3.056845592788     -2.513050902338     -0.882662281079     -0.470007763299
    19     -3.851026242021     -3.120732641725     -0.794180649232     -0.607681739387
    20     -2.925309721058     -3.498950730684      0.925716520963     -0.378218088959
    21     -3.898493173833     -3.268920369116     -0.973183452776      0.230030361569
    22     -2.899281630286     -3.308622903565      0.999211543547     -0.039702534450
    23     -3.889576209615     -3.169638565771     -0.990294579329      0.138984337795
    24     -3.036721723938     -3.691787228760      0.852854485676     -0.522148662989
    25     -4.036719896456     -3.689875433274     -0.999998172517      0.001911795486
    26     -4.907080280695     -3.197460159804     -0.870360384239      0.492415273470
    27     -3.909394944536     -3.265459939316      0.997685336159     -0.067999779512
    28     -2.923220640192     -3.431171258939      0.986174304344     -0.165711319622
    29     -3.750955242737     -3.992291056975     -0.827734602545     -0.561119798037
    30     -3.336313987106     -3.082306096040      0.414641255631      0.909984960935
    31     -2.380125005691     -3.375056214437      0.956188981415     -0.292750118397
    32     -3.253827639803     -2.888595828438     -0.873702634112      0.486460385999
    33     -2.981074514077     -3.850679885268      0.272753125726     -0.962084056830
    34     -3.440275128084     -4.739012478442     -0.459200614007     -0.888332593174
    35     -2.813338355652     -5.518082618656      0.626936772432     -0.779070140214
    36     -3.455301390026     -6.284818207042     -0.641963034374     -0.766735588386
    37     -4.427254009856     -6.049641454778     -0.971952619830      0.235176752264
    38     -3.927928689861     -6.916056034995      0.499325319995     -0.866414580217
    39     -3.042170805524     -6.451908461119      0.885757884337      0.464147573876
    40     -2.647599136529     -7.370773629698      0.394571668995     -0.918865168578
    41     -1.722486263309     -6.991081423032      0.925112873220      0.379692206665
    42     -2.335591631328     -7.781082567149     -0.613105368019     -0.790001144117
    43     -2.447308006188     -8.774822699975     -0.111716374859     -0.993740132826
    44     -2.721295976729     -9.736555818880     -0.273987970542     -0.961733118905
    45     -2.562239787912    -10.723825350871      0.159056188818     -0.987269531992
    46     -3.329235544091    -11.365477523004     -0.766995756180     -0.641652172133
    47     -3.284615408068    -12.364481548752      0.044620136023     -0.999004025748
    48     -4.257984951992    -12.593723191920     -0.973369543923     -0.229241643168
    49     -4.656340363671    -13.510954332901     -0.398355411679     -0.917231140981
    50     -5.336246255254    -14.244253711457     -0.679905891583     -0.733299378556
    51     -5.999598371833    -13.495946308426     -0.663352116578      0.748307403031
    52     -5.076879019540    -13.110473875034      0.922719352292      0.385472433392
    53     -5.586735053427    -12.250214132451     -0.509856033887      0.860259742583
    54     -5.721923917034    -11.259394284468     -0.135188863607      0.990819847983
    55     -6.020862373711    -12.213666676985     -0.298938456677     -0.954272392517
    56     -6.943979742490    -12.598184977538     -0.923117368778     -0.384518300553
    57     -6.809102592761    -13.589047306260      0.134877149729     -0.990862328722
    58     -5.813995963085    -13.490240446301      0.995106629676      0.098806859959
    59     -6.673834040403    -14.000807269346     -0.859838077318     -0.510566823044
    60     -7.391288142566    -14.697413048312     -0.717454102163     -0.696605778966
    61     -7.057805510670    -15.640169291581      0.333482631897     -0.942756243269
    62     -7.694527011785    -16.411263144505     -0.636721501116     -0.771093852924
    63     -6.823106997390    -15.920725522592      0.871420014395      0.490537621913
    64     -6.611151342591    -16.898004807341      0.211955654799     -0.977279284749
    65     -5.713521415331    -16.457254862716      0.897629927260      0.440749944625
    66     -4.865261558882    -15.927674636559      0.848259856449      0.529580226157
    67     -5.103751496411    -14.956529668134     -0.238489937530      0.971144968425
    68     -4.938966990657    -13.970200074811      0.164784505754      0.986329593322
    69     -5.934439802110    -13.875153340737     -0.995472811453      0.095046734075
    70     -4.980018593216    -13.576690351385      0.954421208894      0.298462989351
    71     -5.290016193785    -14.527427690318     -0.309997600569     -0.950737338933
    72     -4.291607932112    -14.471027840832      0.998408261674      0.056399849486
    73     -4.109591226921    -15.454323279157      0.182016705190     -0.983295438325
    74     -4.822267580480    -16.155816269199     -0.712676353558     -0.701492990042
    75     -3.823268467353    -16.111086279579      0.998999113127      0.044729989620
    76     -3.277030002066    -16.948715994334      0.546238465287     -0.837629714755
    77     -2.382419324578    -17.395562428498      0.894610677488     -0.446846434164
    78     -3.098891097654    -18.093178510872     -0.716471773075     -0.697616082373
    79     -3.675396079718    -18.910272144218     -0.576504982064     -0.817093633346
    80     -2.954008578214    -19.602803784415      0.721387501504     -0.692531640197
    81     -3.943301201141    -19.456858225311     -0.989292622927      0.145945559104
    82     -4.668082194254    -18.767878899045     -0.724780993113      0.688979326266
    83     -4.037102547595    -17.992079514216      0.630979646660      0.775799384829
    84     -4.946109642960    -17.575298875781     -0.909007095366      0.416780638435
    85     -4.717484335744    -18.548813369201      0.228625307216     -0.973514493421
    86     -5.424173632239    -17.841289349666     -0.706689296495      0.707524019535
    87     -4.713480172674    -17.137787532660      0.710693459565      0.703501817006
    88     -5.642261121875    -16.767158407521     -0.928780949201      0.370629125139
    89     -5.729824092880    -15.770999421159     -0.087562971005      0.996158986362
    90     -6.080416856358    -14.834471410795     -0.350592763478      0.936528010364
    91     -6.963032064441    -14.364375256312     -0.882615208083      0.470096154483
    92     -7.310601788299    -15.302029396738     -0.347569723858     -0.937654140426
    93     -7.454584036852    -14.312449126066     -0.143982248553      0.989580270671
    94     -8.442823661009    -14.465362321200     -0.988239624157     -0.152913195133
    95     -8.129622162550    -13.515675624777      0.313201498459      0.949686696423
    96     -8.719286643897    -14.323323938981     -0.589664481347     -0.807648314205
    97     -8.952479249424    -15.295754506543     -0.233192605527     -0.972430567561
    98     -8.226983610748    -14.607527742850      0.725495638676      0.688226763692
    99     -9.110301120885    -15.076302930212     -0.883317510137     -0.468775187362
   100     -9.658203219366    -15.912845392063     -0.547902098482     -0.836542461851
   101     -9.490047941576    -14.927084872184      0.168155277791      0.985760519878
   102     -8.754483817470    -14.249629767156      0.735564124106      0.677455105028
   103     -7.756698296698    -14.183116200591      0.997785520772      0.066513566565
   104     -6.933798175047    -13.614930148502      0.822900121651      0.568186052088
   105     -6.080078566622    -13.094197174522      0.853719608425      0.520732973980
   106     -6.853260806472    -12.460013270611     -0.773182239850      0.634183903912
   107     -7.569401480825    -11.762057301701     -0.716140674353      0.697955968910
   108     -8.484948428749    -11.359846180339     -0.915546947924      0.402211121362
   109     -8.878058193957    -12.279337731414     -0.393109765208     -0.919491551075
   110     -9.873751767454    -12.186632242386     -0.995693573497      0.092705489028
   111    -10.591204332668    -12.883239604296     -0.717452565214     -0.696607361910
   112    -11.231584452855    -12.115181467389     -0.640380120187      0.768058136907
   113    -11.641739203268    -13.027197410623     -0.410154750413     -0.912015943234
   114    -10.643272632781    -13.082555405714      0.998466570487     -0.055357995091
   115     -9.643349589785    -13.094961375447      0.999923042996     -0.012405969733
   116    -10.100599806711    -12.205623285000     -0.457250216926      0.889338090448
   117     -9.215190917265    -11.740810313483      0.885408889446      0.464812971517
   118     -9.747912002076    -12.587101188891     -0.532721084810     -0.846290875408
   119     -9.781335548700    -13.586542466071     -0.033423546625     -0.999441277180
   120    -10.264798940156    -14.461907046758     -0.483463391456     -0.875364580688
   121    -10.333423754724    -13.464264508158     -0.068624814568      0.997642538601
   122     -9.437264516037    -13.020531909720      0.896159238687      0.443732598438
   123     -8.438412778364    -13.068440219522      0.998851737673     -0.047908309802
   124     -7.832095496042    -12.273217387130      0.606317282322      0.795222832392
   125     -8.815741536611    -12.093105014226     -0.983646040569      0.180112372904
   126     -9.294362557725    -11.215083421013     -0.478621021114      0.878021593213
   127     -9.646853140067    -12.150898781733     -0.352490582342     -0.935815360720
   128     -8.790983147974    -11.633707756449      0.855869992093      0.517191025284
   129     -7.853398710958    -11.285950048461      0.937584437016      0.347757707988
   130     -8.612542716987    -10.635027335606     -0.759144006029      0.650922712855
   131     -8.415284444786    -11.615378891962      0.197258272201     -0.980351556355
   132     -7.524396058741    -11.161156607600      0.890888386045      0.454222284362
   133     -6.538902924374    -11.330871904832      0.985493134367     -0.169715297232
   134     -6.874505761598    -12.272875480010     -0.335602837224     -0.942003575178
   135     -6.196949809974    -11.537404248473      0.677555951624      0.735471231538
   136     -7.101742418230    -11.963256730025     -0.904792608256     -0.425852481553
   137     -6.955288758776    -12.952474262033      0.146453659455     -0.989217532008
   138     -7.140806908597    -11.969833424246     -0.185518149821      0.982640837787
   139     -6.793699109130    -12.907658661457      0.347107799467     -0.937825237211
   140     -6.765863280081    -11.908046153221      0.027835829049      0.999612508236
   141     -7.253697488039    -12.780982454188     -0.487834207958     -0.872936300967
   142     -7.018229466388    -13.752864551348      0.235468021652     -0.971882097160
   143     -7.535680819388    -14.608577176753     -0.517451353001     -0.855712625405
   144     -6.683049429729    -14.086064293307      0.852631389660      0.522512883446
   145     -6.657685167862    -13.086386017951      0.025364261867      0.999678275357
   146     -7.482222199777    -13.652194009234     -0.824537031915     -0.565807991283
   147     -6.519380508438    -13.922260440726      0.962841691339     -0.270066431492
   148     -6.085853789820    -13.021119727938      0.433526718618      0.901140712788
   149     -5.405592680167    -12.288149863146      0.680261109653      0.732969864793
   150     -6.405592086954    -12.289239094872     -0.999999406787     -0.001089231726
   151     -6.635761703763    -13.262389621511     -0.230169616809     -0.973150526639
   152     -5.685859100736    -13.574935689737      0.949902603026     -0.312546068226
   153     -4.980903266271    -14.284186894498      0.704955834465     -0.709251204760
   154     -5.215941159850    -15.256173102518     -0.235037893579     -0.971986208021
   155     -6.215393936105    -15.223095193932     -0.999452776255      0.033077908586
   156     -6.107133072481    -16.217217714252      0.108260863624     -0.994122520320
   157     -7.086715322557    -16.016173899781     -0.979582250075      0.201043814471
   158     -6.167761625179    -15.621808457488      0.918953697378      0.394365442293
   159     -6.766189562827    -16.422985094342     -0.598427937649     -0.801176636855
   160     -5.937917113083    -15.862659520238      0.828272449744      0.560325574104
   161     -6.688881867223    -15.202317231694     -0.750964754140      0.660342288544
   162     -7.415878686586    -14.515676405179     -0.726996819363      0.686640826514
   163     -6.743978729228    -15.256318320886      0.671899957359     -0.740641915706
   164     -7.743920398401    -15.245517476026     -0.999941669174      0.010800844860
   165     -6.756392953424    -15.088070515380      0.987527444977      0.157446960646
   166     -5.770729730263    -14.919345856521      0.985663223161      0.168724658859
   167     -4.818383144679    -15.224363857510      0.952346585584     -0.305018000988
   168     -5.558104705663    -15.897276936752     -0.739721560984     -0.672913079242
   169     -4.576078317491    -15.708533266835      0.982026388172      0.188743669917
   170     -5.218019246326    -14.941779170735     -0.641940928835      0.766754096100
   171     -6.180256168610    -14.669565825372     -0.962236922284      0.272213345363
   172     -5.182338301742    -14.734063352333      0.997917866869     -0.064497526961
   173     -4.189622317937    -14.854541464448      0.992715983805     -0.120478112115
   174     -3.192511515539    -14.778580634140      0.997110802398      0.075960830308
   175     -2.553486286372    -14.009394859124      0.639025229167      0.769185775017
   176     -3.508991044613    -14.304370547916     -0.955504758241     -0.294975688792
   177     -4.208793090217    -15.018707371108     -0.699802045604     -0.714336823193
   178     -4.655851758118    -14.124202733080     -0.447058667901      0.894504638029
   179     -5.197179291403    -14.965014544193     -0.541327533285     -0.840811811113
   180     -4.666344688456    -15.812489985911      0.530834602947     -0.847475441717
   181     -5.133701749065    -16.696558635903     -0.467357060609     -0.884068649992
   182     -4.689191937828    -15.800784653409      0.444509811237      0.895773982494
   183     -5.352465632924    -16.549161567399     -0.663273695096     -0.748376913990
   184     -5.951335302615    -17.350008068749     -0.598869669691     -0.800846501350
   185     -5.901545387313    -16.351248355737      0.049789915302      0.998759713011
   186     -5.181074787196    -17.044733838186      0.720470600117     -0.693485482449
   187     -4.429462830947    -17.704339377295      0.751611956249     -0.659605539109
   188     -4.147295657655    -18.663704629072      0.282167173292     -0.959365251777
   189     -3.424451434545    -17.972693609538      0.722844223110      0.691011019534
   190     -3.637542119630    -16.995661184319     -0.213090685085      0.977032425219
   191     -4.294905363820    -17.749235046119     -0.657363244190     -0.753573861800
   192     -3.385778566154    -18.165754512369      0.909126797666     -0.416519466250
   193     -2.742193458006    -17.400379957938      0.643585108148      0.765374554431
   194     -3.233661230968    -16.529484196012     -0.491467772962      0.870895761926
   195     -4.179857297197    -16.853078083860     -0.946196066229     -0.323593887848
   196     -4.472766734345    -17.809218273178     -0.292909437148     -0.956140189318
   197     -3.615385063467    -18.323899407903      0.857381670878     -0.514681134725
   198     -2.651255742917    -18.589332362255      0.964129320550     -0.265432954352
   199     -1.829055332667    -19.158530469582      0.822200410250     -0.569198107327
   200     -0.829971432137    -19.115736080918      0.999083900530      0.042794388665
   201     -1.113166840058    -18.156673850960     -0.283195407922      0.959062229958
   202     -0.501592085964    -18.947860504130      0.611574754094     -0.791186653170
   203      0.366015876834    -19.445109358215      0.867607962798     -0.497248854085
   204      0.117266147009    -20.413677152390     -0.248749729825     -0.968567794175
   205     -0.785343597839    -20.844136962946     -0.902609744849     -0.430459810556
   206      0.208207625791    -20.730752810512      0.993551223630      0.113384152434
   207      1.022382867317    -21.311372028319      0.814175241526     -0.580619217806
   208      0.439956053368    -22.124255172684     -0.582426813949     -0.812883144365
   209      1.173667853707    -22.803715983947      0.733711800339     -0.679460811264
   210      0.714177030982    -23.691898501132     -0.459490822725     -0.888182517184
   211      1.714164544986    -23.696895683991      0.999987514004     -0.004997182860
   212      0.858950903550    -24.215171312882     -0.855213641436     -0.518275628891
   213      0.001569962966    -24.729853664166     -0.857380940584     -0.514682351284
   214     -0.521714621616    -23.877695672044     -0.523284584583      0.852157992122
   215      0.461893842103    -24.058013142355      0.983608463719     -0.180317470311
   216     -0.066967516097    -24.906721374790     -0.528861358200     -0.848708232435
   217      0.311052601532    -25.832518755791      0.378020117629     -0.925797381001
   218      1.148666023267    -26.378782204805      0.837613421735     -0.546263449015
   219      1.304876017138    -27.366506071994      0.156209993872     -0.987723867189
   220      0.683922001408    -26.582659077773     -0.620954015730      0.783846994221
   221      1.397095790410    -27.283646343479      0.713173789001     -0.700987265706
   222      2.089570204438    -28.005088777715      0.692474414028     -0.721442434236
   223      2.840538089826    -27.344750050156      0.750967885389      0.660338727560
   224      2.895697178864    -26.346272471591      0.055159089038      0.998477578565
   225      2.728962374376    -25.360270694223     -0.166734804488      0.986001777368
   226      1.806394743710    -24.974435280029     -0.922567630666      0.385835414194
   227      2.367010637708    -25.802511254440      0.560615893998     -0.828075974411
   228      3.358964734122    -25.675913187280      0.991954096413      0.126598067160
   229      2.414610816423    -25.346982072716     -0.944353917698      0.328931114563
   230      1.476403086374    -25.693054688327     -0.938207730050     -0.346072615610
   231      0.774006617082    -26.404840611148     -0.702396469291     -0.711785922822
   232     -0.201290960039    -26.183945531842     -0.975297577121      0.220895079306
   233     -0.573170645595    -27.112226469635     -0.371879685556     -0.928280937793
   234     -0.129821010337    -28.008575230396      0.443349635258     -0.896348760760
   235     -1.003723649359    -27.522474235220     -0.873902639022      0.486100995176
   236     -1.723314690585    -26.828076126505     -0.719591041226      0.694398108715
   237     -2.432792146077    -27.532804258588     -0.709477455491     -0.704728132083
   238     -2.862392390447    -28.435823433377     -0.429600244371     -0.903019174789
   239     -2.235531507005    -29.214954637225      0.626860883442     -0.779131203848
   240     -1.247187494736    -29.367191667578      0.988344012270     -0.152237030353
   241     -2.100627530141    -28.846000622022     -0.853440035405      0.521191045556
   242     -2.130129141966    -29.845565354743     -0.029501611825     -0.999564732721
   243     -3.130047969694    -29.858306545990     -0.999918827728     -0.012741191247
   244     -2.236931754765    -30.308132541938      0.893116214929     -0.449825995948
   245     -2.230247056995    -29.308154884780      0.006684697770      0.999977657158
   246     -2.624386989250    -30.227205326160     -0.394139932255     -0.919050441381
   247     -1.718604959745    -29.803461399919      0.905782029504      0.423743926242
   248     -0.785966916570    -30.164274759459      0.932638043175     -0.360813359541
   249     -0.068624119528    -30.860995156413      0.717342797042     -0.696720396954
   250      0.775942665513    -30.325544929403      0.844566785041      0.535450227010
   251      1.727723204310    -30.018765194140      0.951780538797      0.306779735263
   252      0.739947786651    -30.174648882410     -0.987775417659     -0.155883688270
   253      0.484703388346    -31.141525450093     -0.255244398305     -0.966876567683
   254     -0.164422387248    -31.902206544547     -0.649125775593     -0.760681094454
   255      0.389261470365    -32.734933502090      0.553683857613     -0.832726957543
   256     -0.388118811778    -33.363964420993     -0.777380282142     -0.629030918903
   257     -1.059173903145    -34.105371909727     -0.671055091367     -0.741407488734
   258     -1.820635824110    -33.457162265461     -0.761461920965      0.648209644266
   259     -1.826031975226    -32.457176824790     -0.005396151116      0.999985440671
   260     -2.588629929186    -31.810304070211     -0.762597953959      0.646872754579
   261     -1.767247072160    -31.239926824710      0.821382857025      0.570377245501
   262     -2.740185993476    -31.470989273822     -0.972938921315     -0.231062449112
   263     -2.088375077978    -32.229370794191      0.651810915498     -0.758381520369
   264     -1.257806923587    -31.672453797761      0.830568154390      0.556916996430
   265     -0.994805245446    -30.707658421894      0.263001678141      0.964795375867
   266     -0.031010460757    -30.974303528743      0.963794784689     -0.266645106849
   267     -0.692818472880    -30.224630163143     -0.661808012123      0.749673365600
   268      0.045609126259    -29.550297396009      0.738427599139      0.674332767133
   269      0.607549940714    -28.723119953709      0.561940814454      0.827177442300
   270      1.589360605631    -28.533257323750      0.981810664917      0.189862629959
   271      2.587050201485    -28.465320070894      0.997689595854      0.067937252856
   272      2.493252288990    -29.460911328194     -0.093797912495     -0.995591257300
   273      1.701496192079    -28.850073966039     -0.791756096911      0.610837362155
   274      1.741602795734    -27.850878559553      0.040106603655      0.999195406486
   275      2.338798579409    -28.652974062570      0.597195783675     -0.802095503017
   276      1.410024099041    -28.282328727219     -0.928774480368      0.370645335351
   277      1.732944729467    -27.335902678102      0.322920630425      0.946426049116
   278      2.702261314174    -27.090086977603      0.969316584707      0.245815700500
   279      2.459600904279    -26.119975682199     -0.242660409895      0.970111295404
   280      2.718231642475    -27.085951945500      0.258630738196     -0.965976263301
   281      1.961221303934    -26.432549047326     -0.757010338541      0.653402898174
   282      1.112239770974    -26.960971564534     -0.848981532960     -0.528422517208
   283      0.592138795034    -26.106866784764     -0.520100975941      0.854104779770
   284      1.426533698101    -26.658033860826      0.834394903068     -0.551167076062
   285      2.229660470936    -27.253842040323      0.803126772835     -0.595808179497
   286      2.351588645043    -28.246380966693      0.121928174106     -0.992538926370
   287      1.626335495629    -27.557898672610     -0.725253149414      0.688482294083
   288      2.280601052645    -28.314163560663      0.654265557016     -0.756264888053
   289      1.281900965049    -28.263191656283     -0.998700087596      0.050971904380
   290      0.600517142287    -28.995117940876     -0.681383822762     -0.731926284593
   291      1.130201420294    -29.843312827463      0.529684278006     -0.848194886587
   292      1.789324040480    -30.595348313035      0.659122620186     -0.752035485571
   293      1.118835743898    -31.337268419344     -0.670488296582     -0.741920106310
   294      2.100333921427    -31.528739898964      0.981498177529     -0.191471479620
   295      1.136755798859    -31.261312896383     -0.963578122567      0.267427002581
   296      0.492720324122    -30.496317270722     -0.644035474738      0.764995625660
   297      1.468590217819    -30.277964458567      0.975869893697      0.218352812155
   298      0.904547887989    -31.103710333616     -0.564042329829     -0.825745875049
   299      0.157388808603    -30.439065082305     -0.747159079387      0.664645251311
   300     -0.837547998163    -30.539567572532     -0.994936806766     -0.100502490227
   301     -0.202535815221    -31.312069693898      0.635012182942     -0.772502121366
   302     -0.898137785692    -32.030497072745     -0.695601970471     -0.718427378847
   303      0.101862174767    -32.030778289452      0.999999960459     -0.000281216706
   304      0.853472386282    -31.371170762246      0.751610211515      0.659607527205
   305      1.117651749834    -30.406697193985      0.264179363552      0.964473568261
   306      1.091576799151    -29.407037203315     -0.026074950683      0.999659990670
   307      0.476734094861    -28.618387440124     -0.614842704290      0.788649763191
   308     -0.340693890898    -29.194418244940     -0.817427985760     -0.576030804816
   309      0.070899967371    -28.283050867953      0.411593858269      0.911367376986
   310      0.018551461118    -27.284421990996     -0.052348506253      0.998628876957
   311     -0.078582153739    -26.289150640627     -0.097133614857      0.995271350369
   312     -1.078346255846    -26.267431061023     -0.999764102107      0.021719579605
   313     -1.615763317268    -25.424114452570     -0.537417061422      0.843316608453
   314     -2.484272085710    -25.919788255730     -0.868508768442     -0.495673803160
   315     -1.485415723594    -25.871976459478      0.998856362116      0.047811796252
   316     -0.682348389465    -26.467864751739      0.803067334130     -0.595888292261
   317     -1.445477984571    -27.114110232244     -0.763129595107     -0.646245480504
   318     -0.962691828432    -26.238371956592      0.482786156139      0.875738275651
   319     -0.358688620115    -25.441390072017      0.604003208318      0.796981884576
   320     -1.265160985378    -25.019124928992     -0.906472365264      0.422265143024
   321     -0.582306128247    -25.749678995501      0.682854857131     -0.730554066509
   322     -0.037343792610    -26.588139520950      0.544962335637     -0.838460525449
   323     -0.898695857807    -27.096148004916     -0.861352065197     -0.508008483965
   324     -1.108937083012    -28.073797547044     -0.210241225205     -0.977649542129
   325     -2.098717357090    -27.931196673811     -0.989780274078      0.142600873234
   326     -2.474478734773    -28.857913128311     -0.375761377683     -0.926716454500
   327     -2.969218644257    -27.988872034942     -0.494739909484      0.869041093369
   328     -3.627656723345    -27.236237132744     -0.658438079088      0.752634902198
   329     -3.139797966066    -28.109159714045      0.487858757279     -0.872922581302
   330     -3.806159430511    -27.363530852812     -0.666361464445      0.745628861233
   331     -4.725676332060    -27.756581317468     -0.919516901549     -0.393050464656
   332     -5.326221741290    -26.956990665038     -0.600545409230      0.799590652430
   333     -5.342883119221    -25.957129475430     -0.016661377932      0.999861189609
   334     -4.343819129020    -26.000386191473      0.999063990201     -0.043256716043
   335     -4.942071665519    -25.199078571035     -0.598252536499      0.801307620438
   336     -4.227520100876    -25.898661347743      0.714551564643     -0.699582776708
   337     -5.082743269503    -26.416921255360     -0.855223168627     -0.518259907617
   338     -5.826307271270    -27.085586025836     -0.743564001767     -0.668664770476
   339     -6.656606751232    -26.528268545781     -0.830299479962      0.557317480055
   340     -7.313490724207    -25.774276870728     -0.656883972975      0.753991675053
   341     -6.431874124872    -25.302310588271      0.881616599336      0.471966282457
   342     -5.720313293500    -24.599686091646      0.711560831371      0.702624496626
   343     -6.700079633823    -24.799830835195     -0.979766340323     -0.200144743549
   344     -6.398756392055    -23.846308783027      0.301323241768      0.953522052168
   345     -5.399462684340    -23.808731053967      0.999293707715      0.037577729060
   346     -5.111906972939    -24.766494966860      0.287555711401     -0.957763912893
   347     -4.727898725895    -23.843165304062      0.384008247044      0.923329662798
   348     -5.161912057335    -24.744071752109     -0.434013331440     -0.900906448047
   349     -4.757305397403    -23.829580937099      0.404606659932      0.914490815010
   350     -4.503996696716    -24.796966435314      0.253308700687     -0.967385498215
   351     -3.979132510381    -23.945780447469      0.524864186335      0.851185987845
   352     -3.634846404765    -24.884645228723      0.344286105616     -0.938864781254
   353     -4.099556152071    -25.770108300093     -0.464709747306     -0.885463071370
   354     -4.720129697548    -24.985960052213     -0.620573545478      0.784148247880
   355     -4.680782068935    -23.986734470013      0.039347628613      0.999225582200
   356     -5.466091740239    -23.367631312085     -0.785309671304      0.619103157928
   357     -4.532541699625    -23.726078409535      0.933550040614     -0.358447097450
   358     -3.641173633341    -23.272798175674      0.891368066284      0.453280233861
   359     -2.786700520746    -22.753302555046      0.854473112595      0.519495620628
   360     -2.032441710084    -23.409879775590      0.754258810662     -0.656577220545
   361     -2.569676418652    -24.253312563611     -0.537234708569     -0.843432788021
   362     -2.119472506893    -23.360386789632      0.450203911759      0.892925773979
   363     -1.276114601354    -22.823034537227      0.843357905539      0.537352252405
   364     -0.540916427777    -23.500886767118      0.735198173577     -0.677852229891
   365     -1.382166456895    -22.960240497818     -0.841250029118      0.540646269300
   366     -0.797356426992    -22.149070214262      0.584810029903      0.811170283556
   367     -1.219929643730    -21.242741423758     -0.422573216737      0.906328790504
   368     -2.101070733390    -20.769887979114     -0.881141089661      0.472853444644
   369     -2.471528074081    -19.841038497913     -0.370457340690      0.928849481202
   370     -3.468472407305    -19.919153774594     -0.996944333225     -0.078115276681
   371     -3.586832599276    -18.926183047454     -0.118360191970      0.992970727140
   372     -3.551447512869    -19.925556799190      0.035385086406     -0.999373751737
   373     -3.190344650564    -20.858082789624      0.361102862306     -0.932525990434
   374     -3.959146571792    -20.218595803114     -0.768801921228      0.639486986510
   375     -2.965826481642    -20.333987304126      0.993320090149     -0.115391501012
   376     -3.882981440583    -19.935456525778     -0.917154958941      0.398530778348
   377     -4.471837077313    -19.127218294133     -0.588855636730      0.808238231644
   378     -3.471869056362    -19.119220977318      0.999968020951      0.007997316815
   379     -3.033179558883    -20.017859683807      0.438689497480     -0.898638706489
   380     -2.854193600935    -19.034008055330      0.178985957948      0.983851628477
   381     -2.361227274034    -18.163959665560      0.492966326901      0.870048389770
   382     -2.604349447682    -19.133955340128     -0.243122173648     -0.969995674568
   383     -3.525639731578    -19.522830915087     -0.921290283896     -0.388875574959
   384     -4.427003126549    -19.955894455696     -0.901363394972     -0.433063540609
   385     -4.230364582511    -20.936370504867      0.196638544038     -0.980476049171
   386     -3.293440177577    -21.285902562679      0.936924404934     -0.349532057812
   387     -2.651519927852    -22.052673971244      0.641920249725     -0.766771408565
   388     -2.191610435202    -21.164708173158      0.459909492650      0.887965798086
   389     -2.651039533727    -22.052922619916     -0.459429098525     -0.888214446757
   390     -1.883961124559    -21.411369259557      0.767078409168      0.641553360359
   391     -1.125071284787    -20.760150240262      0.758889839772      0.651219019295
   392     -0.838232126284    -19.802171484157      0.286839158504      0.957978756105
   393     -0.843503114816    -18.802185375913     -0.005270988533      0.999986108243
   394     -1.843439964549    -18.813423549549     -0.999936849733     -0.011238173636
   395     -0.851534020680    -18.686448754737      0.991905943869      0.126974794812
   396     -0.074027302229    -19.315323386729      0.777506718451     -0.628874631992
   397      0.396732514100    -18.433061976868      0.470759816329      0.882261409861
   398     -0.518888945575    -18.835103445603     -0.915621459675     -0.402041468734
   399      0.180086872759    -18.119958141917      0.698975818334      0.715145303686
   400      0.014200043201    -17.133813345359     -0.165886829559      0.986144796558
   401     -0.984653170535    -17.181690870461     -0.998853213736     -0.047877525102
   402     -0.578767468391    -18.095614716739      0.405885702144     -0.913923846278
   403     -0.561713362486    -19.095469284899      0.017054105906     -0.999854568161
   404     -0.674233342491    -18.101819822513     -0.112519980006      0.993649462386
   405     -1.453578326425    -18.728414903900     -0.779344983933     -0.626595081387
   406     -0.571334098158    -19.199206919222      0.882244228266     -0.470792015322
   407      0.029343088500    -19.998698581110      0.600677186658     -0.799491661888
   408     -0.113833815457    -19.009001468770     -0.143176903957      0.989697112340
   409     -1.109354480648    -19.103545665724     -0.995520665191     -0.094544196953
   410     -0.526134485107    -19.915859913291      0.583219995542     -0.812314247567
   411     -1.092409542672    -20.740076243619     -0.566275057565     -0.824216330328
   412     -2.052947784249    -21.018224201490     -0.960538241577     -0.278147957871
   413     -2.711251651064    -20.265471905620     -0.658303866814      0.752752295870
   414     -1.903054996231    -19.676559206557      0.808196654833      0.588912699062
   415     -1.793571241066    -20.670547791680      0.109483755165     -0.993988585123
   416     -2.700158979918    -21.092565174928     -0.906587738852     -0.422017383248
   417     -3.623345685574    -20.708213374491     -0.923186705656      0.384351800437
   418     -4.424416414185    -20.109643672815     -0.801070728610      0.598569701675
   419     -3.574322036872    -20.636274045716      0.850094377313     -0.526630372900
   420     -4.468194715866    -20.187953140841     -0.893872678994      0.448320904875
   421     -4.857275937972    -19.266749687414     -0.389081222106      0.921203453426
   422     -5.449479444847    -18.460961249644     -0.592203506875      0.805788437770
   423     -4.811116919814    -17.691225394539      0.638362525033      0.769735855105
   424     -4.702460425789    -16.697146038398      0.108656494026      0.994079356141
   425     -3.983330167829    -17.392021330869      0.719130257960     -0.694875292471
   426     -4.421586376548    -16.493171234624     -0.438256208719      0.898850096245
   427     -3.640154469520    -17.117161759134      0.781431907028     -0.623990524510
   428     -3.143844577867    -17.985307191333      0.496309891653     -0.868145432199
   429     -3.688481364530    -18.823979219370     -0.544636786664     -0.838672028037
   430     -4.536888209915    -18.294634506820     -0.848406845384      0.529344712550
   431     -3.652908963648    -17.827108366192      0.883979246266      0.467526140628
   432     -4.643647971673    -17.962888401462     -0.990739008025     -0.135780035270
   433     -5.583855585963    -18.303490283476     -0.940207614290     -0.340601882014
   434     -4.988645771586    -19.107060614479      0.595209814377     -0.803570331004
   435     -5.825965517128    -18.560347121207     -0.837319745542      0.546713493273
   436     -6.824975714838    -18.604828857577     -0.999010197710     -0.044481736371
   437     -6.572724885734    -17.637166974885      0.252250829105      0.967661882693
   438     -7.488904637639    -18.037934566138     -0.916179751905     -0.400767591253
   439     -8.285085131631    -18.642993754141     -0.796180493992     -0.605059188003
   440     -8.856951811835    -19.463340327287     -0.571866680204     -0.820346573146
   441     -9.748813168677    -19.011031450332     -0.891861356842      0.452308876954
   442     -9.483022994303    -19.975062353989      0.265790174374     -0.964030903657
   443     -8.633776596842    -20.503059092994      0.849246397461     -0.527996739005
   444     -7.858488744731    -19.871451029106      0.775287852111      0.631608063889
   445     -8.321926197011    -20.757580662864     -0.463437452280     -0.886129633758
   446     -7.599004909112    -21.448511058420      0.722921287899     -0.690930395556
   447     -8.074409590390    -22.328278294124     -0.475404681278     -0.879767235704
   448     -7.846179841973    -21.354670990363      0.228229748416      0.973607303762
   449     -7.814352851461    -22.354164383375      0.031826990512     -0.999493393012
   450     -8.407096140465    -21.548772929893     -0.592743289003      0.805391453482
   451     -7.750554925699    -22.303063081833      0.656541214766     -0.754290151940
   452     -6.851585838257    -21.865051004576      0.898969087442      0.438012077258
   453     -6.114036698889    -21.189757537246      0.737549139367      0.675293467330
   454     -7.070285046259    -20.897201391946     -0.956248347370      0.292556145299
   455     -6.482607180193    -20.088106387799      0.587677866066      0.809095004147
   456     -5.555451975813    -20.462783885110      0.927155204380     -0.374677497311
   457     -5.602915927110    -19.463910933566     -0.047463951297      0.998872951545
   458     -5.327429257185    -20.425215825207      0.275486669925     -0.961304891641
   459     -4.411380120471    -20.826281878526      0.916049136715     -0.401066053319
   460     -3.464820097009    -20.503754171214      0.946560023462      0.322527707311
   461     -3.196290815878    -21.467025693256      0.268529281131     -0.963271522041
   462     -2.984492896748    -22.444339174924      0.211797919131     -0.977313481669
   463     -3.864051195640    -22.920130304360     -0.879558298893     -0.475791129435
   464     -2.874337738080    -23.063194177944      0.989713457560     -0.143063873585
   465     -3.479769563574    -22.267297008280     -0.605431825493      0.795897169664
   466     -2.851341362753    -21.489429412597      0.628428200821      0.777867595683
   467     -2.857109143769    -20.489446046385     -0.005767781016      0.999983366213
   468     -2.154115303420    -19.778250109648      0.702993840349      0.711195936737
   469     -3.029916081825    -20.260922873065     -0.875800778405     -0.482672763417
   470     -3.426510791440    -19.342929062462     -0.396594709614      0.917993810603
   471     -2.952284799278    -18.462525911423      0.474225992161      0.880403151039
   472     -3.912712512654    -18.183996546041     -0.960427713375      0.278529365382
   473     -4.798868048090    -17.720608623220     -0.886155535436      0.463387922820
   474     -5.754769473775    -18.014296321932     -0.955901425684     -0.293687698712
   475     -6.634213685213    -17.538294348231     -0.879444211438      0.476001973701
   476     -7.363941381610    -18.222032228644     -0.729727696397     -0.683737880413
   477     -7.181479308685    -17.238819336161      0.182462072924      0.983212892483
   478     -6.258260520895    -17.623094068444      0.923218787790     -0.384274732283
   479     -5.760426261323    -16.755821879338      0.497834259573      0.867272189106
   480     -6.707180932204    -16.433865992355     -0.946754670882      0.321955886984
   481     -6.237207244373    -15.551185567316      0.469973687831      0.882680425039
   482     -7.074520251862    -15.004461754510     -0.837313007489      0.546723812806
   483     -7.842677600425    -15.644722863627     -0.768157348563     -0.640261109118
   484     -6.919309349922    -15.260807412046      0.923368250503      0.383915451581
   485     -6.161458990171    -15.913235823618      0.757850359751     -0.652428411572
   486     -5.302801060631    -15.400686743005      0.858657929540      0.512549080613
   487     -4.732817808881    -14.579030432420      0.569983251750      0.821656310585
   488     -5.459503947771    -13.892060814791     -0.726686138890      0.686969617629
   489     -4.546122268569    -13.484956518451      0.913381679201      0.407104296341
   490     -4.737122104180    -14.466546587062     -0.190999835611     -0.981590068611
   491     -4.061630060568    -13.729179311536      0.675492043612      0.737367275526
   492     -3.519981866567    -12.888574033219      0.541648194002      0.840605278317
   493     -2.808415428559    -12.185955214582      0.711566438007      0.702618818636
   494     -3.715339071500    -11.764660180343     -0.906923642941      0.421295034239
   495     -3.079734199817    -12.536674718478      0.635604871683     -0.772014538135
   496     -3.756471078456    -11.800449754836     -0.676736878639      0.736224963642
   497     -3.935356919192    -10.816579917925     -0.178885840736      0.983869836911
   498     -3.157541808798    -11.445073079417      0.777815110394     -0.628493161492
   499     -3.685007520641    -12.294649399020     -0.527465711843     -0.849576319603
   500     -4.489132027161    -12.889110312801     -0.804124506520     -0.594460913782
   501     -3.496054913649    -12.771646077310      0.993077113512      0.117464235491
   502     -3.171399634398    -13.717478488287      0.324655279252     -0.945832410977
   503     -3.222739295981    -14.716159738311     -0.051339661583     -0.998681250024
   504     -2.297737489334    -15.096122443981      0.925001806647     -0.379962705671
   505     -3.165693713500    -14.599481735891     -0.867956224166      0.496640708090
   506     -3.855591612345    -15.323388421293     -0.689897898845     -0.723906685401
   507     -3.151131572637    -14.613644768659      0.704460039709      0.709743652634
   508     -2.428249996106    -13.922672825442      0.722881576531      0.690971943217
   509     -2.955631848640    -13.073044446904     -0.527381852534      0.849628378538
   510     -3.787476504626    -13.628052976845     -0.831844655986     -0.555008529941
   511     -2.885797151213    -14.060458277032      0.901679353413     -0.432405300186
   512     -3.472784604472    -13.250862248313     -0.586987453258      0.809596028719
   513     -2.919212621726    -14.083663581116      0.553571982745     -0.832801332804
   514     -2.219239216144    -13.369494671490      0.699973405583      0.714168909627
   515     -2.395273466158    -12.385110629146     -0.176034250014      0.984384042344
   516     -3.284659479282    -12.842267625876     -0.889386013124     -0.457156996730
   517     -2.585854417123    -13.557579785077      0.698805062159     -0.715312159201
   518     -2.641890562466    -12.559151044297     -0.056036145344      0.998428740780
   519     -3.602232639100    -12.837975533621     -0.960342076634     -0.278824489324
   520     -4.268168389712    -12.091966434442     -0.665935750612      0.746009099179
   521     -3.507902484657    -12.741578436803      0.760265905054     -0.649612002361
   522     -2.938025304091    -13.563308318863      0.569877180566     -0.821729882060
   523     -2.732063528283    -14.541868356320      0.205961775808     -0.978560037456
   524     -2.300284503667    -15.443847776207      0.431779024616     -0.901979419888
   525     -1.304984502663    -15.540687375553      0.995300001004     -0.096839599346
   526     -1.269804138447    -16.540068354947      0.035180364216     -0.999380979394
   527     -0.460138334777    -17.126959559828      0.809665803670     -0.586891204881
   528      0.526003287063    -17.292865260981      0.986141621840     -0.165905701153
   529     -0.200582039122    -16.605789017924     -0.726585326185      0.687076243057
   530      0.164141784680    -17.536904763871      0.364723823802     -0.931115745948
   531      0.189662095405    -18.536579067703      0.025520310725     -0.999674303831
   532      0.142245823074    -19.535454283692     -0.047416272331     -0.998875215990
   533      0.682084928807    -18.693686061483      0.539839105733      0.841768222209
   534     -0.298263051948    -18.496410019780     -0.980347980755      0.197276041704
   535      0.598252328817    -18.053397410420      0.896515380765      0.443012609360
   536      1.521974395321    -17.670334042484      0.923722066504      0.383063367936
   537      0.529780383915    -17.795037866523     -0.992194011406     -0.124703824039
   538      1.527575059440    -17.728661775246      0.997794675525      0.066376091277
   539      2.371252190767    -18.265512683857      0.843677131326     -0.536850908611
   540      2.206824533805    -19.251901828985     -0.164427656961     -0.986389145128
   541      2.447536445094    -20.222498437141      0.240711911289     -0.970596608156
   542      1.675838374729    -20.858487500093     -0.771698070365     -0.635989062952
   543      2.315521631794    -21.627126121703      0.639683257065     -0.768638621610
   544      1.316625211689    -21.674093577483     -0.998896420104     -0.046967455780
   545      1.490451259051    -20.689317204260      0.173826047362      0.984776373223
   546      0.546121605058    -21.018317971112     -0.944329653993     -0.329000766852
   547     -0.196772844512    -20.348909398715     -0.742894449570      0.669408572397
   548      0.776813542102    -20.120590438047      0.973586386614      0.228318960668
   549     -0.102815144945    -20.596251423334     -0.879628687047     -0.475660985287
   550      0.881313596453    -20.773707390704      0.984128741398     -0.177455967370
   551      1.299250205410    -21.682183582408      0.417936608958     -0.908476191704
   552      1.792414879520    -22.552119559483      0.493164674109     -0.869935977076
   553      2.281428377736    -23.424395776379      0.489013498216     -0.872276216896
   554      1.486021048627    -24.030471003394     -0.795407329108     -0.606075227014
   555      2.359396324095    -24.517518873939      0.873375275467     -0.487047870545
   556      3.257268472233    -24.077262578585      0.897872148138      0.440256295353
   557      2.299547920784    -24.364962674751     -0.957720551448     -0.287700096166
   558      1.885929705283    -25.275413097237     -0.413618215501     -0.910450422487
   559      0.979761948878    -24.852494668636     -0.906167756406      0.422918428602
   560      1.960632265669    -24.657832341417      0.980870316791      0.194662327218
   561      0.978642835811    -24.846768202619     -0.981989429858     -0.188935861202
   562      0.066288978567    -24.437365663337     -0.912353857245      0.409402539282
   563     -0.288385874954    -25.372355368243     -0.354674853521     -0.934989704906
   564     -1.087742355780    -25.973212436573     -0.799356480825     -0.600857068331
   565     -0.931369938742    -24.985514270538      0.156372417038      0.987698166035
   566     -1.433817515740    -24.120906595133     -0.502447576998      0.864607675405
   567     -1.074503271889    -25.054123222806      0.359314243851     -0.933216627673
   568     -0.365552367821    -24.348865386535      0.708950904068      0.705257836271
   569      0.552814599278    -24.744595235979      0.918366967099     -0.395729849444
   570     -0.314266931980    -24.246428980447     -0.867081531258      0.498166255532
   571     -1.261342849834    -23.925419314204     -0.947075917854      0.321009666243
   572     -0.588719010494    -24.665403888876      0.672623839340     -0.739984574671
   573     -1.041705085842    -23.773886297608     -0.452986075348      0.891517591268
   574     -1.625742856780    -24.585612779939     -0.584037770937     -0.811726482332
   575     -0.926164332390    -23.871057052083      0.699578524390      0.714555727856
   576     -1.599507051551    -23.131726555923     -0.673342719162      0.739330496160
   577     -0.649977135383    -23.445403042612      0.949529916168     -0.313676486689
   578     -0.165749079528    -24.320344863491      0.484228055855     -0.874941820879
   579      0.832599550316    -24.377790605620      0.998348629844     -0.057445742129
   580      1.465191925663    -25.152275522615      0.632592375347     -0.774484916995
   581      0.517915280189    -24.831858673902     -0.947276645474      0.320416848712
   582     -0.404268530733    -24.445106791070     -0.922183810922      0.386751882832
   583      0.117788216497    -23.592196038018      0.522056747230      0.852910753052
   584     -0.117734628017    -24.564064851034     -0.235522844514     -0.971868813015
   585      0.561658603191    -25.297839228747      0.679393231208     -0.733774377713
   586      0.889005805420    -26.242743355732      0.327347202229     -0.944904126985
   587      1.838579115319    -26.556288454764      0.949573309899     -0.313545099032
   588      2.685847833304    -26.025123960915      0.847268717984      0.531164493848
   589      2.070517408022    -26.813393247214     -0.615330425282     -0.788269286299
   590      1.555241662933    -27.670417696413     -0.515275745088     -0.857024449198
   591      1.047903846008    -26.808670436761     -0.507337816925      0.861747259652
   592      0.379018313487    -27.552035854563     -0.668885532521     -0.743365417802
   593      1.029329918260    -26.792368284702      0.650311604773      0.759667569861
   594      0.044333128200    -26.619795622987     -0.984996790060      0.172572661716
   595      0.772492441926    -27.305203540823      0.728159313727     -0.685407917837
   596      0.675835546101    -26.309885780262     -0.096656895826      0.995317760562
   597      1.224601300349    -27.145861944374      0.548765754248     -0.835976164113
   598      0.561092592680    -26.397693383923     -0.663508707669      0.748168560451
   599      1.239537462809    -27.132344701350      0.678444870128     -0.734651317426
   600      2.232058424589    -27.010270377981      0.992520961781      0.122074323368
   601      1.258443882846    -27.238469247624     -0.973614541743     -0.228198869643
   602      0.358661730166    -26.802129841064     -0.899782152681      0.436339406561
   603     -0.383230178131    -26.131610343657     -0.741891908297      0.670519497407
   604     -0.535849373059    -25.143325272769     -0.152619194928      0.988285070888
   605      0.457800311182    -25.255843293580      0.993649684241     -0.112518020811
   606      1.112353194187    -24.499827074608      0.654552883005      0.756016218973
   607      0.226301385840    -24.963413304908     -0.886051808347     -0.463586230301
   608      0.298520098092    -25.960802124577      0.072218712252     -0.997388819669
   609      1.215181992468    -26.360465697346      0.916661894376     -0.399663572769
   610      0.216166002433    -26.404817153395     -0.999015990035     -0.044351456049
   611      0.836053546816    -25.620126493123      0.619887544384      0.784690660272
   612      1.601187754230    -26.263997322284      0.765134207414     -0.643870829162
   613      2.204886196432    -25.466784558410      0.603698442202      0.797212763874
   614      3.155265399677    -25.777878386761      0.950379203246     -0.311093828351
   615      2.963985805456    -24.796342795540     -0.191279594221      0.981535591221
   616      2.645837731497    -25.744383830008     -0.318148073959     -0.948041034468
   617      3.021759922169    -24.817732597580      0.375922190672      0.926651232428
   618      2.631283592177    -23.897119630196     -0.390476329992      0.920612967384
   619      1.995440326824    -24.668937835414     -0.635843265353     -0.771818205218
   620      1.312353560821    -23.938600605012     -0.683086766003      0.730337230402
   621      1.396179318050    -24.935081032529      0.083825757229     -0.996480427517
   622      2.204400070390    -24.346201405197      0.808220752341      0.588879627332
   623      1.475160586068    -23.661942846971     -0.729239484322      0.684258558226
   624      1.712360849170    -24.633403620850      0.237200263101     -0.971460773879
   625      1.212298654799    -23.767414127980     -0.500062194370      0.865989492870
   626      0.757249233486    -24.657880311595     -0.455049421314     -0.890466183615
   627      0.025708590689    -23.976082476503     -0.731540642797      0.681797835092
   628      0.728539955973    -24.687438977825      0.702831365284     -0.711356501322
   629      1.009970499873    -25.647020578816      0.281430543901     -0.959581600991
   630      1.915758260597    -26.070752253963      0.905787760724     -0.423731675147
   631      2.912832525289    -26.147191188342      0.997074264692     -0.076438934379
   632      2.223064418245    -25.423160830895     -0.689768107044      0.724030357447
   633      1.541728680297    -24.691189784886     -0.681335737948      0.731971046009
   634      2.397178140308    -25.209076086469      0.855449460011     -0.517886301583
   635      2.559649065333    -26.195789417950      0.162470925025     -0.986713331481
   636      2.977451289207    -27.104327420306      0.417802223875     -0.908538002356
   637      2.492643443218    -26.229706729682     -0.484807845989      0.874620690624
   638      2.030103243252    -25.343108419615     -0.462540199966      0.886598310068
   639      2.000509898941    -26.342670440688     -0.029593344311     -0.999562021073
   640      1.322813522489    -27.078012280477     -0.677696376452     -0.735341839789
   641      0.333078066944    -27.220923889652     -0.989735455545     -0.142911609175
   642     -0.536615058559    -26.727331074212     -0.869693125502      0.493592815440
   643     -0.423493774522    -27.720912261181      0.113121284037     -0.993581186969
   644     -1.327446108319    -28.148545489804     -0.903952333797     -0.427633228624
   645     -0.478677132314    -27.619781624386      0.848768976004      0.528763865419
   646     -1.305518609304    -27.057346586422     -0.826841476990      0.562435037963
   647     -2.128530948288    -27.625370080550     -0.823012338984     -0.568023494127
   648     -3.126014903050    -27.696262675312     -0.997483954762     -0.070892594763
   649     -2.250627157546    -27.212841228724      0.875387745504      0.483421446588
   650     -2.703089603289    -28.104624686292     -0.452462445743     -0.891783457568
   651     -1.768253239847    -28.459703513578      0.934836363442     -0.355078827285
   652     -2.176025703037    -29.372787090401     -0.407772463190     -0.913083576823
   653     -1.537159207915    -28.603469469772      0.638866495123      0.769317620629
   654     -2.219288079790    -29.334701445382     -0.682128871875     -0.731231975610
   655     -1.625445272593    -30.139282529140      0.593842807196     -0.804581083758
   656     -2.168046830801    -29.299292321441     -0.542601558208      0.839990207699
   657     -1.270965131228    -29.741157034098      0.897081699573     -0.441864712657
   658     -1.089159920209    -28.757822469849      0.181805211019      0.983334564249
   659     -0.109054028565    -28.559347178783      0.980105891644      0.198475291066
   660      0.013011025701    -29.551869280566      0.122065054265     -0.992522101783
   661      0.949710557402    -29.902003522406      0.936699531702     -0.350134241841
   662      0.496009100650    -30.793157262308     -0.453701456752     -0.891153739902
   663     -0.457426032674    -31.094755416385     -0.953435133324     -0.301598154077
   664     -1.436370292576    -31.298883160717     -0.978944259901     -0.204127744332
   665     -1.827516713309    -32.219211622489     -0.391146420734     -0.920328461772
   666     -2.566190004402    -32.893275246360     -0.738673291092     -0.674063623871
   667     -2.050952206208    -33.750322509533      0.515237798194     -0.857047263173
   668     -3.039246205680    -33.902883876228     -0.988293999472     -0.152561366694
   669     -4.033344218470    -33.794398204513     -0.994098012790      0.108485671714
   670     -3.208280851442    -34.359438415816      0.825063367028     -0.565040211302
   671     -2.480258845363    -35.044992176409      0.728022006079     -0.685553760594
   672     -1.997266489880    -35.920616744672      0.482992355483     -0.875624568263
   673     -2.887907322132    -36.375324241780     -0.890640832251     -0.454707497108
   674     -2.641716102009    -37.344545518442      0.246191220123     -0.969221276662
   675     -1.948033639473    -36.624264572443      0.693682462536      0.720280946000
   676     -2.941129865804    -36.506962035187     -0.993096226331      0.117302537256
   677     -2.441621070293    -35.640653220036      0.499508795511      0.866308815150
   678     -2.907156267792    -36.525682586719     -0.465535197498     -0.885029366682
   679     -3.461630272456    -37.357883631029     -0.554474004665     -0.832201044310
   680     -4.111720812085    -36.598026874604     -0.650090539628      0.759856756426
   681     -4.483047633454    -35.669524644272     -0.371326821370      0.928502230332
   682     -5.275229244895    -36.279810064789     -0.792181611440     -0.610285420517
   683     -6.183756778693    -36.697635052469     -0.908527533799     -0.417824987680
   684     -7.172856257553    -36.844883892597     -0.989099478860     -0.147248840127
   685     -7.756402339848    -37.656963919342     -0.583546082295     -0.812080026745
   686     -7.930698356212    -36.672270617507     -0.174296016365      0.984693301835
   687     -7.517761594764    -35.761510917561      0.412936761448      0.910759699945
   688     -6.990918253647    -36.611473324919      0.526843341117     -0.849962407358
   689     -6.124318040169    -36.112470248776      0.866600213478      0.499003076143
   690     -6.875105755836    -35.451926680187     -0.750787715667      0.660543568588
   691     -7.592034631306    -34.754780363036     -0.716928875470      0.697146317151
   692     -6.665470172640    -35.130916380903      0.926564458666     -0.376136017867
   693     -5.748610332346    -35.530125640886      0.916859840294     -0.399209259984
   694     -6.612803930646    -35.026966198306     -0.864193598300      0.503159442580
   695     -7.305041783474    -34.305296775986     -0.692237852828      0.721669422320
   696     -6.799765566551    -33.442339103436      0.505276216923      0.862957672550
   697     -5.852310939049    -33.122448920991      0.947454627502      0.319890182445
   698     -5.138913729107    -32.421689032836      0.713397209942      0.700759888155
   699     -4.724353592182    -31.511667113939      0.414560136925      0.910021918897
   700     -5.323840175879    -30.711282309007     -0.599486583697      0.800384804933
   701     -6.187564000051    -31.215247739923     -0.863723824171     -0.503965430916
   702     -5.844280063476    -30.276016065154      0.343283936575      0.939231674769
   703     -5.632859014021    -31.253411143844      0.211421049455     -0.977395078690
   704     -4.972699181257    -30.502285991019      0.660159832764      0.751125152824
   705     -3.995054522305    -30.712549922361      0.977644658952     -0.210263931341
   706     -4.693768631761    -31.427950924070     -0.698714109456     -0.715401001709
   707     -4.084438322459    -32.220867422931      0.609330309302     -0.792916498861
   708     -3.274838937826    -32.807850247554      0.809599384633     -0.586982824623
   709     -3.830646068519    -31.976538974040     -0.555807130693      0.831311273514
   710     -3.220730882891    -31.184072276733      0.609915185628      0.792466697307
   711     -2.603576364483    -31.970914256046      0.617154518408     -0.786841979313
   712     -1.986853589600    -32.758094679418      0.616722774883     -0.787180423372
   713     -2.671898665196    -32.029593996919     -0.685045075596      0.728500682499
   714     -2.547764611459    -33.021859453691      0.124134053737     -0.992265456772
   715     -1.578403135373    -32.776220839704      0.969361476085      0.245638613987
   716     -2.424712141808    -33.308913120131     -0.846309006435     -0.532692280427
   717     -2.130490535794    -34.264650346860      0.294221606015     -0.955737226728
   718     -1.265679931424    -34.766748562918      0.864810604370     -0.502098216059
   719     -1.685673703006    -33.859221576084     -0.419993771583      0.907526986834
   720     -1.091592306113    -34.663626507611      0.594081396893     -0.804404931527
   721     -0.319254841692    -35.298838945346      0.772337464420     -0.635212437735
   722      0.532245134234    -35.823193587737      0.851499975927     -0.524354642391
   723     -0.256258234740    -35.208163151811     -0.788503368974      0.615030435927
   724      0.743448923372    -35.183964019191      0.999707158112      0.024199132620
   725      0.497951874448    -34.214566681166     -0.245497048924      0.969397338025
   726     -0.265475368906    -33.568672847703     -0.763427243354      0.645893833463
   727     -0.606994838227    -32.628798147504     -0.341519469321      0.939874700199
   728      0.375958389370    -32.444942355221      0.982953227597      0.183855792282
   729      1.302163265369    -32.821962948394      0.926204875999     -0.377020593172
   730      1.686812247481    -31.898900024991      0.384648982112      0.923062923402
   731      2.663443139705    -31.683976549417      0.976630892224      0.214923475574
   732      2.477465108579    -32.666530452232     -0.185978031127     -0.982553902816
   733      1.796888224396    -31.933853780899     -0.680576884182      0.732676671334
   734      0.797566374495    -31.897032043982     -0.999321849901      0.036821736917
   735      1.775359286421    -32.106605471180      0.977792911926     -0.209573427198
   736      2.024510119602    -31.138140777799      0.249150833182      0.968464693381
   737      1.967279630607    -32.136501770191     -0.057230488995     -0.998360992392
   738      1.180498857940    -32.753734316126     -0.786780772667     -0.617232545935
   739      0.498064878462    -32.022787078868     -0.682433979478      0.730947237257
   740      0.348509069274    -33.011540364546     -0.149555809188     -0.988753285677
   741      1.034491005791    -33.739158934108      0.685981936517     -0.727618569562
   742      1.792617655704    -33.087051594254      0.758126649913      0.652107339854
   743      1.477706497708    -32.137930441519     -0.314911157996      0.949121152735
   744      0.724783413288    -31.479821917833     -0.752923084420      0.658108523686
   745      1.688136900224    -31.748056999820      0.963353486936     -0.268235081987
   746      1.039052307435    -30.987340764024     -0.649084592790      0.760716235796
   747      0.223114655360    -30.409200860604     -0.815937652075      0.578139903420
   748      0.923451135076    -29.695387989342      0.700336479716      0.713812871261
   749      0.308491012239    -30.483946197289     -0.614960122837     -0.788558207947
   750      1.297799724677    -30.629782651904      0.989308712438     -0.145836454615
   751      1.253626935673    -29.630758745928     -0.044172789004      0.999023905976
   752      2.214160392876    -29.352594266539      0.960533457203      0.278164479388
   753      1.841709091675    -30.280646004447     -0.372451301201     -0.928051737908
   754      2.646537000893    -29.687137759733      0.804827909219      0.593508244713
   755      3.163699001444    -30.543025290421      0.517162000551     -0.855887530687
   756      3.226464859600    -29.544997010736      0.062765858156      0.998028279684
   757      3.878414420491    -30.303259346642      0.651949560891     -0.758262335906
   758      3.481229952082    -31.220998142844     -0.397184468409     -0.917738796202
   759      4.425983238918    -31.548780428839      0.944753286836     -0.327782285995
   760      5.026685354324    -32.348253360555      0.600702115406     -0.799472931716
   761      5.176299167815    -33.336997870938      0.149613813491     -0.988744510383
   762      5.555436645821    -34.262338226036      0.379137478006     -0.925340355097
   763      6.156795968260    -35.061316927451      0.601359322440     -0.798978701415
   764      6.906067603036    -35.723579728249      0.749271634775     -0.662262800798
   765      7.041619057575    -36.714350036228      0.135551454540     -0.990770307979
   766      6.097418138461    -36.384979994566     -0.944200919114      0.329370041661
   767      5.145823232978    -36.692335059367     -0.951594905483     -0.307355064800
   768      5.616226929034    -35.809883722047      0.470403696056      0.882451337320
   769      4.616763673226    -35.777123986249     -0.999463255808      0.032759735798
   770      3.847766156424    -35.137872221173     -0.768997516801      0.639251765077
   771      4.831813597015    -35.315778473639      0.984047440591     -0.177906252466
   772      5.170929820746    -36.256522959035      0.339116223731     -0.940744485396
   773      4.824109339045    -35.318591429832     -0.346820481701      0.937931529203
   774      5.807628110428    -35.499397476019      0.983518771383     -0.180806046187
   775      5.093426779411    -36.199337801170     -0.714201331017     -0.699940325151
   776      4.511440207617    -37.012536196552     -0.581986571794     -0.813198395382
   777      3.979094747054    -37.859063402623     -0.532345460563     -0.846527206071
   778      3.670568555941    -38.810279250576     -0.308526191114     -0.951215847953
   779      3.555536312616    -39.803641008948     -0.115032243325     -0.993361758372
   780      2.952123011600    -39.006212398879     -0.603413301016      0.797428610069
   781      2.244527465324    -39.712830076899     -0.707595546275     -0.706617678021
   782      1.244801005300    -39.736218217645     -0.999726460024     -0.023388140745
   783      1.943820866562    -39.021115963724      0.699019861262      0.715102253920
   784      1.329541659298    -39.810204713818     -0.614279207263     -0.789088750093
   785      2.068155114569    -39.136075524646      0.738613455270      0.674129189172
   786      2.881791395871    -38.554701289106      0.813636281302      0.581374235539
   787      2.218156109849    -37.806645003024     -0.663635286022      0.748056286082
   788      3.028037059099    -38.393239281927      0.809880949250     -0.586594278903
   789      3.847930796542    -37.820723553495      0.819893737443      0.572515728432
   790      4.592827970606    -37.153544267191      0.744897174063      0.667179286303
   791      3.829567733854    -37.799635445736     -0.763260236752     -0.646091178545
   792      3.031749730018    -37.196737085516     -0.797818003835      0.602898360220
   793      2.425686837823    -37.992153813215     -0.606062892196     -0.795416727699
   794      1.724116321194    -38.704753848436     -0.701570516629     -0.712600035221
   795      2.508686661827    -39.324793670220      0.784570340634     -0.620039821784
   796      1.874574015320    -40.098034351728     -0.634112646507     -0.773240681509
   797      2.845556566621    -39.858884011837      0.970982551300      0.239150339891
   798      3.779328849068    -40.216751759104      0.933772282447     -0.357867747267
   799      2.787397219093    -40.089977781267     -0.991931629974      0.126773977836
   800      1.863716652881    -39.706814354512     -0.923680566212      0.383163426755
   801      2.441760118341    -40.522820330005      0.578043465460     -0.816005975492
   802      1.485932587908    -40.228892223036     -0.955827530433      0.293928106969
   803      0.916919283008    -39.406563907309     -0.569013304900      0.822328315727
   804      1.490204995836    -38.587208373082      0.573285712828      0.819355534226
   805      2.263953541363    -39.220701220946      0.773748545527     -0.633492847864
   806      1.995594937130    -38.257382135942     -0.268358604234      0.963319085004
   807      1.831466737249    -37.270943119072     -0.164128199880      0.986439016870
   808      2.079008226388    -38.239820413240      0.247541489139     -0.968877294168
   809      2.442086234293    -39.171579158933      0.363078007904     -0.931758745693
   810      1.945629057835    -38.303517944535     -0.496457176458      0.868061214399
   811      2.728334392673    -38.925910392124      0.782705334838     -0.622392447589
   812      2.624979780614    -37.931265820346     -0.103354612059      0.994644571777
   813      2.797145798199    -36.946197872239      0.172166017585      0.985067948108
   814      1.827416451779    -36.702015574166     -0.969729346420      0.244182298073
   815      2.704780989242    -37.181839988305      0.877364537462     -0.479824414139
   816      1.951423910301    -36.524228315955     -0.753357078941      0.657611672349
   817      2.554293463835    -35.726388544183      0.602869553534      0.797839771772
   818      1.555830796601    -35.781816895600     -0.998462667234     -0.055428351417
   819      0.967411844065    -34.973260690815     -0.588418952536      0.808556204785
   820      0.831260121062    -35.963948688281     -0.136151723004     -0.990687997466
   821      0.863913448368    -34.964481950357      0.032653327307      0.999466737924
   822      1.840684636247    -34.750196984646      0.976771187879      0.214284965712
   823      2.524197500956    -34.020258518898      0.683512864709      0.729938465747
   824      2.175880112095    -33.082881862150     -0.348317388861      0.937376656748
   825      1.790162411216    -34.005498713952     -0.385717700879     -0.922616851802
   826      0.808009761321    -34.193584259130     -0.982152649895     -0.188085545178
   827      1.519293549919    -33.490679306751      0.711283788598      0.702904952378
   828      0.550334867429    -33.737902023402     -0.968958682490     -0.247222716650
   829      1.455831728818    -34.162254982641      0.905496861389     -0.424352959239
   830      2.033393836742    -33.345908235548      0.577562107924      0.816346747094
   831      2.728804956406    -32.627296118583      0.695411119664      0.718612116964
   832      3.052368314855    -33.573502625150      0.323563358449     -0.946206506567
   833      2.201954227357    -33.047388683322     -0.850414087498      0.526113941828
   834      1.284329168653    -33.444835851684     -0.917625058704     -0.397447168362
   835      1.384571629291    -34.439798890739      0.100242460638     -0.994963039055
   836      2.111812687705    -35.126181031355      0.727241058414     -0.686382140616
   837      1.218653943264    -35.575922576277     -0.893158744441     -0.449741544922
   838      2.133570726603    -35.172280061712      0.914916783339      0.403642514565
   839      1.419745942794    -34.471955723980     -0.713824783809      0.700324337732
   840      1.654319258387    -35.444054155010      0.234573315593     -0.972098431030
   841      1.523839499100    -36.435505128289     -0.130479759287     -0.991450973279
   842      1.346107861245    -35.451426135065     -0.177731637855      0.984078993224
   843      1.053646482115    -36.407703470213     -0.292461379130     -0.956277335148
   844      1.595319863095    -37.248292518642      0.541673380979     -0.840589048429
   845      0.987186820071    -38.042127641310     -0.608133043024     -0.793835122669
   846      0.118574122032    -37.546635985674     -0.868612698039      0.495491655636
   847      0.288381509112    -38.532113256489      0.169807387081     -0.985477270815
   848      1.269489324587    -38.338651491753      0.981107815474      0.193461764736
   849      1.775912677932    -37.476366511490      0.506423353346      0.862284980262
   850      0.775918872814    -37.472846607483     -0.999993805119      0.003519904007
   851      0.910305582505    -36.481917643199      0.134386709692      0.990928964285
   852      1.865222673131    -36.185045027366      0.954917090626      0.296872615832
   853      1.602584629603    -37.149939455836     -0.262638043528     -0.964894428470
   854      0.948321904545    -37.906206793885     -0.654262725058     -0.756267338049
   855      0.301960234054    -37.143175607811     -0.646361670490      0.763031186074
   856      1.238088496992    -37.494834356216      0.936128262938     -0.351658748405
   857      0.545662536333    -38.216323295151     -0.692425960659     -0.721488938935
   858     -0.128442178760    -38.954959087060     -0.674104715093     -0.738635791909
   859     -0.730107896765    -39.753707084728     -0.601665718005     -0.798747997668
   860     -0.254619614691    -40.633429139476      0.475488282074     -0.879722054748
   861     -0.888487763666    -41.406870261808     -0.633868148976     -0.773441122332
   862     -0.975624986431    -40.410673943601     -0.087137222764      0.996196318207
   863     -1.608539867619    -39.636452558485     -0.632914881189      0.774221385115
   864     -0.803255500904    -39.043563792591      0.805284366715      0.592888765895
   865     -0.045158568082    -38.391421905847      0.758096932822      0.652141886743
   866      0.612944764287    -39.144349527817      0.658103332369     -0.752927621970
   867      0.340731740649    -38.182112514518     -0.272213023638      0.962237013299
   868      1.161916719863    -37.611450416677      0.821184979214      0.570662097842
   869      0.222781552061    -37.954998283206     -0.939135167802     -0.343547866529
   870      0.913526409595    -37.231899713306      0.690744857534      0.723098569900
   871      0.107968313731    -37.824416509852     -0.805558095863     -0.592516796546
   872     -0.876543569497    -37.999734369131     -0.984511883228     -0.175317859279
   873     -0.910556633891    -38.999155757461     -0.034013064394     -0.999421388330
   874     -0.300683448437    -39.791654778068      0.609873185454     -0.792499020608
   875     -1.275425038806    -39.568319084540     -0.974741590369      0.223335693529
   876     -0.394561640516    -40.041689630257      0.880863398290     -0.473370545717
   877      0.197984770776    -40.847225942577      0.592546411292     -0.805536312319
   878      0.471180991343    -41.809184270711      0.273196220567     -0.961958328135
   879      1.163801838118    -42.530486123345      0.692620846775     -0.721301852634
   880      1.671573761484    -43.391977663548      0.507771923366     -0.861491540203
   881      0.895901781686    -42.760841402701     -0.775671979798      0.631136260847
   882      0.171626642733    -42.071330327304     -0.724275138953      0.689511075397
   883      0.822225156369    -42.830752195606      0.650598513636     -0.759421868302
   884      0.378217086903    -43.726774982285     -0.444008069466     -0.896022786680
   885     -0.313498864034    -43.004605304703     -0.691715950937      0.722169677582
   886      0.509913164115    -42.437161358661      0.823412028149      0.567443946042
   887     -0.376067300357    -42.900883922888     -0.885980464473     -0.463722564227
   888     -1.375979172115    -42.887608053151     -0.999911871758      0.013275869737
   889     -0.976784200144    -41.970741991857      0.399194971972      0.916866061294
   890     -0.005832662536    -42.210018216371      0.970951537607     -0.239276224515
   891     -0.971971175755    -42.468042194475     -0.966138513218     -0.258023978104
   892     -1.674467887221    -41.756355205428     -0.702496711466      0.711686989047
   893     -2.443613670753    -42.395428568725     -0.769145783532     -0.639073363297
   894     -2.287863084870    -43.383224982464      0.155750585883     -0.987796413740
   895     -3.114207674933    -42.820060158924     -0.826344590063      0.563164823541
   896     -2.154822554724    -42.537960546867      0.959385120208      0.282099612057
   897     -2.634647356507    -43.415324872330     -0.479824801782     -0.877364325463
   898     -3.469307132268    -42.864558988559     -0.834659775761      0.550765883771
   899     -4.195992034055    -42.177588062307     -0.726684901787      0.686970926251
   900     -3.862967979959    -43.120506393550      0.333024054096     -0.942918331243
   901     -3.638448873909    -42.146036706480      0.224519106050      0.974469687070
   902     -2.665656622155    -41.914357542704      0.972792251754      0.231679163776
   903     -1.780824900230    -42.380268289387      0.884831721925     -0.465910746683
   904     -2.703596540110    -42.765615536207     -0.922771639881     -0.385347246820
   905     -2.552690227106    -41.777067467221      0.150906313004      0.988548068986
   906     -2.349903950483    -42.756290488812      0.202786276623     -0.979223021591
   907     -2.080407567444    -43.719291890436      0.269496383039     -0.963001401624
   908     -2.780472842818    -44.433370744776     -0.700065275374     -0.714078854340
   909     -1.780748422839    -44.409895564321      0.999724419979      0.023475180455
   910     -2.234513433854    -45.301016944818     -0.453765011015     -0.891121380497
   911     -1.422753901442    -45.885008778270      0.811759532412     -0.583991833452
   912     -1.369933523492    -44.886404748800      0.052820377950      0.998604029470
   913     -1.799202104488    -45.789581633674     -0.429268580995     -0.903176884874
   914     -2.795194373630    -45.879020997536     -0.995992269143     -0.089439363862
   915     -2.425409779688    -46.808138511138      0.369784593943     -0.929117513602
   916     -2.365548057491    -45.809931832030      0.059861722197      0.998206679108
   917     -1.627405645160    -46.484576760210      0.738142412331     -0.674644928179
   918     -2.520309296776    -46.034328974063     -0.892903651616      0.450247786147
   919     -3.297252842299    -46.663899245812     -0.776943545523     -0.629570271749
   920     -4.250375828791    -46.361316079359     -0.953122986492      0.302583166453
   921     -3.417862308775    -45.807311351048      0.832513520016      0.554004728311
   922     -2.653483531941    -46.452078817292      0.764378776833     -0.644767466244
   923     -1.656066318170    -46.380253322706      0.997417213771      0.071825494586
   924     -0.674950922091    -46.573676639750      0.981115396079     -0.193423317044
   925     -0.920611742765    -45.604320791165     -0.245660820674      0.969355848585
   926     -0.968408444210    -46.603177875703     -0.047796701446     -0.998857084538
   927     -0.559323000771    -45.690681793538      0.409085443440      0.912496082165
   928      0.180786226298    -46.363168471479      0.740109227069     -0.672486677941
   929      0.783909111927    -47.160816755393      0.603122885629     -0.797648283914
   930      0.171250472330    -46.370469115852     -0.612658639597      0.790347639540
   931     -0.409302209749    -47.184691802426     -0.580552682079     -0.814222686573
   932     -0.506095942913    -46.189387339851     -0.096793733163      0.995304462574
   933     -1.352511990010    -45.656865157012     -0.846416047097      0.532522182839
   934     -0.779810772144    -44.837100974424      0.572701217866      0.819764182588
   935     -0.969866667492    -45.818874245930     -0.190055895347     -0.981773271506
   936     -0.037480512742    -46.180338017879      0.932386154749     -0.361463771949
   937     -0.785141592779    -45.516257518693     -0.747661080037      0.664080499185
   938     -1.271304817908    -44.642389497461     -0.486163225129      0.873868021232
   939     -0.588654906479    -43.911643920379      0.682649911429      0.730745577083
   940      0.055553139170    -43.146793612200      0.644208045649      0.764850308179
   941      0.141642945520    -42.150506231349      0.086089806349      0.996287380851
   942     -0.823040897093    -41.887095745980     -0.964683842613      0.263410485368
   943     -1.505823349983    -41.156474009358     -0.682782452890      0.730621736623
   944     -0.881174821478    -41.937380031768      0.624648528505     -0.780906022410
   945     -1.254898175692    -42.864920248963     -0.373723354214     -0.927540217195
   946     -1.647830615486    -41.945352906265     -0.392932439794      0.919567342698
   947     -0.700870129922    -41.624002880933      0.946960485564      0.321350025332
   948     -0.075526069411    -40.843653724476      0.625344060512      0.780349156457
   949      0.055486756408    -41.835034397816      0.131012825818     -0.991380673340
   950     -0.047020975389    -42.829766605459     -0.102507731797     -0.994732207643
   951     -0.105040224174    -43.828082070014     -0.058019248785     -0.998315464555
   952     -0.507816222945    -44.743380652343     -0.402775998771     -0.915298582329
   953     -1.424624066702    -44.344051993685     -0.916807843757      0.399328658658
   954     -1.883318936959    -43.455458151708     -0.458694870257      0.888593841977
   955     -1.321174301283    -42.628419211524      0.562144635676      0.827038940184
   956     -2.245937682105    -42.247876586460     -0.924763380822      0.380542625064
   957     -3.142623883756    -41.805209831701     -0.896686201651      0.442666754759
   958     -3.007822431205    -42.796082461452      0.134801452551     -0.990872629751
   959     -2.417545763057    -41.988881461057      0.590276668148      0.807201000396
   960     -2.693780143623    -42.949971762222     -0.276234380566     -0.961090301165
   961     -3.270660754309    -42.133143285114     -0.576880610686      0.816828477108
   962     -2.280883790845    -41.990519435094      0.989776963465      0.142623850020
   963     -1.753236507669    -41.141055872275      0.527647283176      0.849463562819
   964     -1.980620007847    -42.114861162796     -0.227383500179     -0.973805290521
   965     -2.859311377139    -42.592251440801     -0.878691369291     -0.477390278005
   966     -3.227795942101    -41.662617574494     -0.368484564963      0.929633866307
   967     -4.212087566163    -41.486067301760     -0.984291624062      0.176550272734
   968     -4.779453427553    -42.309533135495     -0.567365861390     -0.823465833735
   969     -4.991496329027    -41.332272777180     -0.212042901474      0.977260358315
   970     -5.263163305143    -40.369881456517     -0.271666976116      0.962391320663
   971     -6.204025174820    -40.708671866931     -0.940861869676     -0.338790410415
   972     -7.180519224757    -40.924216225329     -0.976494049937     -0.215544358398
   973     -6.314874280555    -40.423557828238      0.865644944202      0.500658397090
   974     -5.932999840227    -41.347772041408      0.381874440328     -0.924214213169
   975     -6.617704914807    -42.076592294175     -0.684705074580     -0.728820252768
   976     -6.019825863041    -41.275005967284      0.597879051766      0.801586326892
   977     -6.314549716411    -40.319423500798     -0.294723853370      0.955582466486
   978     -7.101760879902    -40.936107037204     -0.787211163492     -0.616683536406
   979     -7.687323007743    -40.125479505943     -0.585562127840      0.810627531261
   980     -6.879254402399    -39.536391117789      0.808068605344      0.589088388153
   981     -5.963665780784    -39.134274870953      0.915588621615      0.402116246836
   982     -6.870438214335    -39.555895261531     -0.906772433551     -0.421620390578
   983     -6.987490980711    -40.549020958452     -0.117052766376     -0.993125696920
   984     -6.203092772550    -39.928763390151      0.784398208161      0.620257568300
   985     -7.200124683584    -39.851773985814     -0.997031911034      0.076989404338
   986     -6.435140959098    -39.207724374936      0.764983724486      0.644049610878
   987     -6.012309092922    -40.113932525940      0.422831866177     -0.906208151004
   988     -7.011986489302    -40.139331407141     -0.999677396380     -0.025398881201
   989     -6.015834220159    -40.226970762925      0.996152269143     -0.087639355784
   990     -5.642707374609    -41.154751101761      0.373126845550     -0.927780338836
   991     -4.684708371327    -40.867979572994      0.957999003282      0.286771528767
   992     -3.716810280762    -40.616636607547      0.967898090566      0.251342965446
   993     -2.716894590196    -40.629621666680      0.999915690566     -0.012985059133
   994     -1.847070710458    -41.122984026652      0.869823879738     -0.493362359972
   995     -0.847624005511    -41.156244874080      0.999446704946     -0.033260847428
   996     -1.548118094016    -40.442586670197     -0.700494088505      0.713658203883
   997     -2.174465975106    -39.663043001212     -0.626347881090      0.779543668985
   998     -1.180958752959    -39.776812063537      0.993507222147     -0.113769062325
   999     -2.125156616461    -39.447433262522     -0.944197863502      0.329378801015
  1000     -1.432534088989    -38.726133023759      0.692622527472      0.721300238762
