# File chua thong tin toa do tai lan chay thu 16
##########################################################################################
#  Step                   x                   y            delta_x            delta_y
     1      0.000000000000      0.000000000000      0.000000000000      0.000000000000
     2     -0.284995968695     -0.958528715181     -0.284995968695     -0.958528715181
     3      0.258103577865     -0.118860398210      0.543099546560      0.839668316972
     4      0.618183821796      0.814060937129      0.360080243931      0.932921335339
     5      1.608556313090      0.675632874631      0.990372491295     -0.138428062498
     6      2.298265412961     -0.048453693091      0.689709099871     -0.724086567722
     7      2.914948948003     -0.835664857651      0.616683535042     -0.787211164560
     8      1.957660237004     -1.124798604893     -0.957288710999     -0.289133747242
     9      1.778836424420     -0.140917492129     -0.178823812584      0.983881112764
    10      1.674453777721     -1.135454702629     -0.104382646698     -0.994537210500
    11      1.049658397711     -0.354666169723     -0.624795380011      0.780788532906
    12      1.790019601379      0.317543089438      0.740361203669      0.672209259162
    13      0.888090395012     -0.114340814754     -0.901929206368     -0.431883904193
    14      0.051411938575     -0.662035219085     -0.836678456436     -0.547694404331
    15      0.337199846260     -1.620328113675      0.285787907685     -0.958292894590
    16      0.768227874719     -2.522666652518      0.431028028459     -0.902338538844
    17      1.567709087652     -3.123357746315      0.799481212933     -0.600691093797
    18      1.201800617803     -4.054008589378     -0.365908469850     -0.930650843062
    19      0.281938695228     -3.661766261985     -0.919861922574      0.392242327392
    20     -0.179836935650     -2.774769493825     -0.461775630878      0.886996768161
    21     -0.886269662291     -3.482549687621     -0.706432726641     -0.707780193797
    22     -1.465382415640     -4.297797146316     -0.579112753349     -0.815247458695
    23     -0.699561133006     -4.940850614596      0.765821282633     -0.643053468279
    24     -1.452241312534     -5.599236935342     -0.752680179528     -0.658386320746
    25     -1.255709622678     -6.579734408507      0.196531689857     -0.980497473165
    26     -1.206793053002     -5.580931540464      0.048916569676      0.998802868043
    27     -2.070633192904     -6.084697570178     -0.863840139902     -0.503766029715
    28     -1.505464042005     -5.259722521542      0.565169150898      0.824975048637
    29     -1.075404765642     -4.356921868677      0.430059276364      0.902800652865
    30     -1.680633802084     -5.152973257374     -0.605229036442     -0.796051388697
    31     -0.733197741476     -5.472918426207      0.947436060608     -0.319945168833
    32     -1.555998163190     -6.041248845970     -0.822800421714     -0.568330419763
    33     -1.202798064752     -6.976796648310      0.353200098438     -0.935547802340
    34     -0.488034815819     -7.676163145918      0.714763248932     -0.699366497607
    35     -1.026324147170     -6.833403040221     -0.538289331351      0.842760105697
    36     -1.149441063281     -7.825795213188     -0.123116916110     -0.992392172968
    37     -0.166952069233     -8.012115841611      0.982488994047     -0.186320628423
    38      0.475299511911     -7.245621936536      0.642251581144      0.766493905076
    39      1.134714838626     -6.493843094793      0.659415326716      0.751778841743
    40      0.286204337455     -7.023021636877     -0.848510501171     -0.529178542084
    41      1.237596616893     -6.715039931857      0.951392279437      0.307981705020
    42      1.005376932382     -5.742376568650     -0.232219684511      0.972663363207
    43      1.942863045718     -6.090399250815      0.937486113336     -0.348022682165
    44      1.033160625272     -5.675138481859     -0.909702420446      0.415260768956
    45      0.146307605010     -6.137190124485     -0.886853020261     -0.462051642626
    46     -0.830157348437     -6.352866258281     -0.976464953447     -0.215676133796
    47     -0.053376377073     -6.982637107500      0.776780971364     -0.629770849220
    48     -1.013419393892     -7.262489579094     -0.960043016819     -0.279852471594
    49     -1.809067294911     -6.656730206403     -0.795647901019      0.605759372691
    50     -2.632037118461     -6.088645116361     -0.822969823549      0.568085090041
    51     -3.557545697704     -5.709918473852     -0.925508579244      0.378726642509
    52     -2.795483499013     -6.357422300347      0.762062198691     -0.647503826495
    53     -2.963089473720     -5.371568235466     -0.167605974707      0.985854064881
    54     -2.602857815627     -6.304431115266      0.360231658093     -0.932862879799
    55     -2.545587901716     -5.306072383666      0.057269913910      0.998358731599
    56     -1.745821075449     -5.906383156185      0.799766826268     -0.600310772518
    57     -0.824617681483     -6.295464519071      0.921203393966     -0.389081362886
    58     -1.393825284106     -5.473270682366     -0.569207602623      0.822193836705
    59     -2.014272443793     -6.257518935176     -0.620447159687     -0.784248252811
    60     -1.528509538954     -5.383428321863      0.485762904839      0.874090613313
    61     -0.851566494334     -4.647392918950      0.676943044620      0.736035402912
    62     -0.031612099913     -4.074964066541      0.819954394421      0.572428852409
    63      0.761614205266     -3.466037117908      0.793226305179      0.608926948634
    64      1.621325592468     -3.976817237641      0.859711387202     -0.510780119733
    65      2.270289560492     -4.737636380543      0.648963968024     -0.760819142903
    66      2.448724868915     -3.753684735030      0.178435308423      0.983951645513
    67      3.440988587219     -3.629536785642      0.992263718304      0.124147949388
    68      4.278043856798     -3.082418447740      0.837055269580      0.547118337902
    69      3.569379898255     -3.787964614806     -0.708663958544     -0.705546167066
    70      2.839603356582     -3.104278868849     -0.729776541673      0.683685745957
    71      3.721527895205     -3.575669479888      0.881924538622     -0.471390611039
    72      4.534982240407     -2.994040708015      0.813454345203      0.581628771873
    73      3.646876083526     -2.534402313069     -0.888106156882      0.459638394946
    74      4.374885373052     -3.219969577721      0.728009289527     -0.685567264652
    75      4.554845156706     -4.203643546202      0.179959783654     -0.983673968481
    76      4.235978788576     -5.151443229297     -0.318866368130     -0.947799683095
    77      3.288814160179     -4.830695405122     -0.947164628397      0.320747824175
    78      2.728228219979     -5.658791657770     -0.560585940200     -0.828096252648
    79      2.197553607695     -6.506367292081     -0.530674612284     -0.847575634311
    80      2.569248612831     -5.578012390572      0.371695005137      0.928354901509
    81      1.571376400785     -5.512812325964     -0.997872212047      0.065200064607
    82      1.203193295658     -4.583059024761     -0.368183105127      0.929753301204
    83      1.948232574253     -3.916038430364      0.745039278596      0.667020594397
    84      2.947222703289     -3.871108239063      0.998990129035      0.044930191300
    85      2.285905834646     -4.621214897645     -0.661316868642     -0.750106658582
    86      2.108150773435     -5.605289660158     -0.177755061212     -0.984074762512
    87      1.723850202832     -4.682081627570     -0.384300570603      0.923208032588
    88      1.159683966352     -5.507742852054     -0.564166236480     -0.825661224484
    89      0.622567834383     -6.351251157157     -0.537116131969     -0.843508305103
    90      1.208966473503     -7.161273771680      0.586398639120     -0.810022614523
    91      2.207761118430     -7.210357957175      0.998794644927     -0.049084185495
    92      2.921500521993     -6.509946603897      0.713739403564      0.700411353278
    93      3.746692456812     -5.945094171212      0.825191934819      0.564852432684
    94      4.049701136016     -6.898081967738      0.303008679204     -0.952987796526
    95      4.982470263064     -7.258556315822      0.932769127048     -0.360474348084
    96      4.776517547715     -8.237118260228     -0.205952715349     -0.978561944406
    97      3.999578594747     -7.607542320916     -0.776938952968      0.629575939312
    98      3.066607570101     -7.967493799830     -0.932971024645     -0.359951478913
    99      3.933257922543     -8.466409791368      0.866650352442     -0.498915991538
   100      4.633777319908     -7.752776430379      0.700519397364      0.713633360989
   101      5.614830825996     -7.946513412370      0.981053506089     -0.193736981991
   102      4.621878930165     -7.827995343852     -0.992951895831      0.118518068518
   103      4.120061744643     -6.963021637711     -0.501817185522      0.864973706141
   104      5.040616906853     -6.572409050449      0.920555162210      0.390612587263
   105      4.408333965984     -7.347146607745     -0.632282940869     -0.774737557296
   106      5.176916359325     -6.707395793251      0.768582393341      0.639750814494
   107      4.728625775073     -5.813507907624     -0.448290584252      0.893887885627
   108      5.558769494331     -5.255958443112      0.830143719258      0.557549464512
   109      6.353628763284     -5.862752265229      0.794859268953     -0.606793822117
   110      6.078119456530     -4.901453861042     -0.275509306754      0.961298404187
   111      5.725367856999     -3.965736858403     -0.352751599532      0.935717002639
   112      6.463470210548     -3.291048103727      0.738102353549      0.674688754675
   113      7.129862733943     -4.036649206706      0.666392523396     -0.745601102978
   114      6.554258744088     -4.854377796681     -0.575603989855     -0.817728589975
   115      7.312620179695     -4.202543513304      0.758361435606      0.651834283377
   116      7.273228035430     -5.201767341568     -0.039392144264     -0.999223828264
   117      7.189275970878     -4.205297547316     -0.083952064552      0.996469794252
   118      6.806522430591     -5.129148037059     -0.382753540287     -0.923850489743
   119      5.824752458135     -5.319220973540     -0.981769972457     -0.190072936482
   120      6.787481554280     -5.048753438638      0.962729096145      0.270467534902
   121      7.765613254508     -4.840766955885      0.978131700228      0.207986482754
   122      8.587012028812     -4.270412633053      0.821398774303      0.570354322832
   123      8.361320558727     -5.244611463031     -0.225691470084     -0.974198829978
   124      9.098657007491     -4.569085770459      0.737336448763      0.675525692572
   125     10.098025780621     -4.604611188015      0.999368773130     -0.035525417556
   126      9.399821728019     -5.320509994363     -0.698204052602     -0.715898806348
   127     10.399526161234     -5.344821436318      0.999704433215     -0.024311441955
   128      9.478621504363     -4.955033528664     -0.920904656871      0.389787907654
   129     10.319372817179     -4.413612038513      0.840751312816      0.541421490151
   130     10.592136534266     -3.451530984422      0.272763717086      0.962081054091
   131      9.637966559361     -3.152265785994     -0.954169974905      0.299265198427
   132     10.312831000423     -2.414324063234      0.674864441062      0.737941722760
   133     10.919409052101     -1.619300121946      0.606578051679      0.795023941289
   134     11.709530280217     -2.232250727526      0.790121228115     -0.612950605581
   135     10.777758939206     -2.595296410700     -0.931771341011     -0.363045683173
   136     10.492217477698     -1.636930053944     -0.285541461508      0.958366356755
   137      9.802862489614     -0.912506351679     -0.689354988084      0.724423702265
   138      8.804326570770     -0.966599038610     -0.998535918843     -0.054092686931
   139      8.205004507436     -0.166091034652     -0.599322063334      0.800508003958
   140      7.442809841660     -0.813438925251     -0.762194665776     -0.647347890599
   141      8.161015045128     -1.509270288235      0.718205203468     -0.695831362984
   142      7.288087687777     -1.997120499660     -0.872927357351     -0.487850211425
   143      7.998901243963     -2.700500971625      0.710813556186     -0.703380471965
   144      7.866186442123     -1.709346704433     -0.132714801840      0.991154267192
   145      6.932745996193     -2.068079103168     -0.933440445930     -0.358732398735
   146      7.435635455463     -2.932429837393      0.502889459269     -0.864350734225
   147      8.186606097890     -3.592765429507      0.750970642427     -0.660335592114
   148      8.670648909637     -2.717721112689      0.484042811747      0.875044316818
   149      9.331549630140     -1.967247770298      0.660900720503      0.750473342391
   150      9.678142983192     -2.905263253976      0.346593353052     -0.938015483678
   151     10.101817043649     -3.811077964884      0.423674060456     -0.905814710908
   152      9.654346854155     -4.705376812873     -0.447470189493     -0.894298847989
   153     10.510919291533     -4.189350011705      0.856572437378      0.516026801168
   154     11.366358761548     -4.707252814498      0.855439470015     -0.517902802793
   155     11.300025126871     -5.705050313447     -0.066333634677     -0.997797498950
   156     12.287349724311     -5.546336296139      0.987324597440      0.158714017309
   157     13.270457914318     -5.363310924286      0.983108190007      0.183025371852
   158     13.853948322812     -6.175430954329      0.583490408494     -0.812120030042
   159     13.155955577942     -6.891535784719     -0.697992744870     -0.716104830391
   160     12.198793925302     -7.181089874166     -0.957161652640     -0.289554089447
   161     11.210874156602     -7.336056098269     -0.987919768699     -0.154966224103
   162     10.510635233382     -6.622147525406     -0.700238923220      0.713908572863
   163      9.563495501646     -6.942968859747     -0.947139731735     -0.320821334341
   164      9.166402779296     -7.860747356911     -0.397092722351     -0.917778497164
   165      8.943447467948     -8.835576023468     -0.222955311348     -0.974828666557
   166      8.160422881466     -9.457566776587     -0.783024586482     -0.621990753119
   167      7.472832442684    -10.183665522279     -0.687590438782     -0.726098745692
   168      8.436119799821     -9.915193051474      0.963287357137      0.268472470805
   169      9.410533028573     -9.690429042714      0.974413228752      0.224764008759
   170     10.352514015579     -9.354762809502      0.941980987006      0.335666233212
   171     11.204985868844     -8.831989685297      0.852471853265      0.522773124205
   172     10.364686083098     -8.289867678665     -0.840299785746      0.542122006633
   173      9.762069778095     -7.491836608502     -0.602616305003      0.798031070163
   174     10.588981979288     -8.054167660035      0.826912201193     -0.562331051533
   175     11.304602189733     -8.752657255092      0.715620210445     -0.698489595057
   176     12.115196150650     -9.338265853497      0.810593960916     -0.585608598405
   177     13.109375329647     -9.446005168732      0.994179178998     -0.107739315235
   178     13.347822604995     -8.474849724491      0.238447275347      0.971155444241
   179     14.232860173380     -8.940369329391      0.885037568385     -0.465519604900
   180     14.430883013785     -9.920566735365      0.198022840405     -0.980197405974
   181     13.961984432697    -10.803818749602     -0.468898581088     -0.883252014237
   182     14.937906614931    -10.585699758628      0.975922182234      0.218118990974
   183     15.576044919349     -9.815778006477      0.638138304418      0.769921752151
   184     14.724409023202    -10.339911863801     -0.851635896147     -0.524133857324
   185     15.311746816697    -11.149253767036      0.587337793495     -0.809341903235
   186     14.643903497897    -11.893555655744     -0.667843318800     -0.744301888708
   187     13.808546634393    -11.343847632701     -0.835356863504      0.549708023042
   188     13.158992085727    -10.583532639881     -0.649554548666      0.760314992821
   189     12.253601272715    -10.158953465035     -0.905390813012      0.424579174846
   190     13.194805236338     -9.821114599804      0.941203963623      0.337838865231
   191     13.529434800327     -8.878764847905      0.334629563990      0.942349751899
   192     13.453981771732     -7.881615490749     -0.075453028595      0.997149357156
   193     14.215733604368     -7.233746564595      0.761751832635      0.647868926155
   194     14.670391221385     -6.343080268338      0.454657617018      0.890666296257
   195     13.913823876166     -5.689164484656     -0.756567345219      0.653915783682
   196     14.548046034234     -4.916013623429      0.634222158067      0.773150861227
   197     15.529937839868     -5.105456179442      0.981891805634     -0.189442556013
   198     14.785864511464     -4.437358221087     -0.744073328403      0.668097958356
   199     15.644322967377     -3.924475116011      0.858458455912      0.512883105076
   200     16.463000237832     -3.350221228919      0.818677270456      0.574253887091
   201     15.502371208684     -3.628055475111     -0.960629029149     -0.277834246192
   202     16.016006600451     -2.770046917856      0.513635391768      0.858008557256
   203     15.281891924470     -3.449072427324     -0.734114675981     -0.679025509468
   204     14.299881050745     -3.260248054197     -0.982010873725      0.188824373127
   205     15.299857311992     -3.267138405648      0.999976261247     -0.006890351451
   206     15.467699388307     -4.252952301583      0.167842076315     -0.985813895935
   207     15.505851820135     -3.253680370653      0.038152431828      0.999271930931
   208     15.261877344241     -4.223462023971     -0.243974475894     -0.969781653318
   209     15.472506591152     -5.201028042379      0.210629246911     -0.977566018408
   210     14.718610097402     -5.858021251409     -0.753896493750     -0.656993209030
   211     13.734462368254     -6.035371884940     -0.984147729147     -0.177350633531
   212     12.822275985760     -5.625596332238     -0.912186382494      0.409775552702
   213     13.732236827207     -5.210902147286      0.909960841447      0.414694184952
   214     14.212528713055     -6.088010865968      0.480291885848     -0.877108718683
   215     13.506025183632     -6.795720384706     -0.706503529423     -0.707709518738
   216     13.009220749761     -5.927857864207     -0.496804433870      0.867862520499
   217     12.454723943391     -6.760043715880     -0.554496806370     -0.832185851673
   218     12.775721975537     -5.812963854750      0.320998032146      0.947079861130
   219     13.111997063562     -4.871200049344      0.336275088025      0.941763805406
   220     12.168993036329     -4.538418732828     -0.943004027233      0.332781316516
   221     11.891007888794     -3.577833360386     -0.277985147534      0.960585372442
   222     11.337591923872     -4.410738378842     -0.553415964922     -0.832905018456
   223     10.589885492309     -5.074767815085     -0.747706431564     -0.664029436244
   224     11.246879305768     -5.828663782097      0.656993813459     -0.753895967011
   225     12.005996866397     -5.177710228343      0.759117560629      0.650953553754
   226     12.820351505503     -4.597342653640      0.814354639106      0.580367574702
   227     13.211862861723     -3.677169377594      0.391511356220      0.920173276047
   228     12.432916978071     -3.050078227647     -0.778945883652      0.627091149947
   229     11.710072290016     -2.359067694478     -0.722844688055      0.691010533169
   230     12.433688416752     -3.049270346695      0.723616126736     -0.690202652217
   231     12.616013671130     -2.066032073632      0.182325254377      0.983238273063
   232     11.618215980098     -2.132362818932     -0.997797691032     -0.066330745301
   233     12.617168183682     -2.086597166356      0.998952203583      0.045765652576
   234     12.043940609432     -1.267200956870     -0.573227574250      0.819396209486
   235     11.849224471230     -2.248060592865     -0.194716138202     -0.980859635995
   236     12.828154347492     -2.452257305280      0.978929876262     -0.204196712416
   237     13.586319708570     -1.800194972936      0.758165361077      0.652062332344
   238     12.597782487107     -1.951172328136     -0.988537221462     -0.150977355200
   239     12.009609192134     -1.142437405507     -0.588173294973      0.808734922630
   240     12.537403719297     -1.991809489518      0.527794527162     -0.849372084011
   241     13.466081883990     -1.620922894421      0.928678164693      0.370886595097
   242     14.391444143363     -1.241838881401      0.925362259373      0.379084013020
   243     14.950876318610     -2.070715012857      0.559432175247     -0.828876131457
   244     13.965037277914     -1.903020690236     -0.985839040696      0.167694322621
   245     14.629412561891     -1.155621545173      0.664375283977      0.747399145062
   246     15.059758258216     -2.058285702906      0.430345696325     -0.902664157732
   247     15.968549258337     -2.475537327347      0.908791000121     -0.417251624441
   248     15.094104203015     -1.990412760639     -0.874445055322      0.485124566708
   249     14.193868886726     -2.425816452983     -0.900235316289     -0.435403692344
   250     14.982894355076     -3.040176941862      0.789025468350     -0.614360488879
   251     14.518884673804     -2.154346813854     -0.464009681272      0.885830128007
   252     14.888105380889     -1.225005073987      0.369220707085      0.929341739867
   253     14.861994174862     -2.224664118322     -0.026111206027     -0.999659044335
   254     14.846188186957     -3.224539195892     -0.015805987905     -0.999875077570
   255     15.119375308770     -4.186500108027      0.273187121814     -0.961960912135
   256     15.580735360161     -3.299287110500      0.461360051391      0.887212997527
   257     16.580718058607     -3.293404695281      0.999982698446      0.005882415218
   258     15.617895674608     -3.023269438659     -0.962822383999      0.270135256622
   259     14.919778060000     -3.739252536346     -0.698117614608     -0.715983097687
   260     15.907015685240     -3.898506645585      0.987237625240     -0.159254109239
   261     15.044813341599     -4.405070677688     -0.862202343641     -0.506564032102
   262     14.318802457447     -3.717387468577     -0.726010884152      0.687683209111
   263     13.795332252999     -2.865343487872     -0.523470204448      0.852043980705
   264     13.430318311095     -1.934341435127     -0.365013941904      0.931002052745
   265     12.741598495298     -1.209313838875     -0.688719815798      0.725027596252
   266     12.380001472390     -0.276979353283     -0.361597022908      0.932334485592
   267     13.204203219335     -0.843275636453      0.824201746945     -0.566296283171
   268     14.183090740715     -0.638875977732      0.978887521381      0.204399658721
   269     13.217474271291     -0.378905144800     -0.965616469425      0.259970832933
   270     13.573013864966      0.555756075820      0.355539593675      0.934661220619
   271     13.591821510984      1.555579196402      0.018807646019      0.999823120582
   272     14.421296884889      2.114122483969      0.829475373904      0.558543287567
   273     15.406430182878      1.942330792691      0.985133297990     -0.171791691278
   274     16.129836128906      1.251907851841      0.723405946028     -0.690422940850
   275     15.591618392161      0.409102021383     -0.538217736745     -0.842805830458
   276     16.187580295803     -0.393910686740      0.595961903642     -0.803012708123
   277     16.982908382268      0.212268523461      0.795328086465      0.606179210201
   278     15.982922891016      0.206881754088     -0.999985491253     -0.005386769373
   279     16.721905649664      0.880606091202      0.738982758649      0.673724337114
   280     15.860438701171      1.388419734829     -0.861466948493      0.507813643627
   281     15.940462596282      2.385212680336      0.080023895111      0.996792945506
   282     15.136524469629      2.979925626649     -0.803938126654      0.594712946313
   283     15.306476675130      1.994473320423      0.169952205501     -0.985452306226
   284     14.593589071790      1.293195012613     -0.712887603340     -0.701278307810
   285     13.898874696883      0.573909299355     -0.694714374907     -0.719285713258
   286     14.619060189322      1.267690861866      0.720185492439      0.693781562511
   287     15.355925947896      1.943729953814      0.736865758574      0.676039091948
   288     15.216097403626      2.933905684787     -0.139828544270      0.990175730973
   289     16.022521650738      2.342568273768      0.806424247111     -0.591337411019
   290     16.724637355314      1.630505399165      0.702115704576     -0.712062874603
   291     15.893102219148      2.185977556273     -0.831535136166      0.555472157107
   292     16.783386053648      2.641383632241      0.890283834500      0.455406075968
   293     15.904592704958      3.118586157694     -0.878793348689      0.477202525454
   294     16.445989862655      3.959353139466      0.541397157696      0.840766981772
   295     16.719935265344      2.997607894433      0.273945402690     -0.961745245034
   296     17.648542143298      3.368672937541      0.928606877954      0.371065043108
   297     18.026845258948      2.442991160314      0.378303115650     -0.925681777227
   298     18.551434854152      1.591635913309      0.524589595204     -0.851355247005
   299     18.102043577047      2.484970945680     -0.449391277105      0.893335032371
   300     18.899745097067      1.881918472874      0.797701520020     -0.603052472807
   301     17.925501530106      2.107416748334     -0.974243566961      0.225498275460
   302     17.241621396679      1.377822365746     -0.683880133427     -0.729594382588
   303     17.748721584727      0.515935250584      0.507100188048     -0.861887115162
   304     17.109693707504     -0.253248324469     -0.639027877223     -0.769183575053
   305     16.232225554505     -0.732883227779     -0.877468152999     -0.479634903310
   306     15.328377168155     -1.160736116623     -0.903848386350     -0.427852888844
   307     14.548636371573     -1.786838576405     -0.779740796582     -0.626102459782
   308     15.105805002587     -0.956439204648      0.557168631014      0.830399371757
   309     15.795133210273     -1.680888389953      0.689328207686     -0.724449185305
   310     14.882453286133     -1.272213267060     -0.912679924140      0.408675122893
   311     15.733437293121     -0.747021664071      0.850984006988      0.525191602989
   312     16.726692133653     -0.631069856149      0.993254840532      0.115951807923
   313     15.933852070874     -1.240499618182     -0.792840062779     -0.609429762033
   314     16.184418625235     -0.272400242170      0.250566554361      0.968099376012
   315     16.911560390077      0.414087087518      0.727141764842      0.686487329688
   316     17.571563929781     -0.337175401615      0.660003539704     -0.751262489133
   317     18.535798676443     -0.602225120213      0.964234746662     -0.265049718598
   318     19.110633657596      0.216044239132      0.574834981153      0.818269359345
   319     18.179714800813     -0.149181830702     -0.930918856783     -0.365226069834
   320     17.657798274588     -1.002178395557     -0.521916526225     -0.852996564854
   321     18.365202000978     -0.295368684326      0.707403726390      0.706809711231
   322     17.387897733518     -0.507209116736     -0.977304267460     -0.211840432410
   323     16.687806092446      0.206843888371     -0.700091641071      0.714053005107
   324     15.973424102096      0.906599825725     -0.714381990350      0.699755937355
   325     15.185732077552      0.290530613323     -0.787692024544     -0.616069212402
   326     15.372513478344     -0.691870887245      0.186781400792     -0.982401500568
   327     15.814240314123      0.205278711514      0.441726835779      0.897149598759
   328     15.521832622804      1.161572464530     -0.292407691319      0.956293753016
   329     16.521816356203      1.155868699431      0.999983733400     -0.005703765098
   330     16.435872845115      0.159568687938     -0.085943511088     -0.996300011493
   331     17.435833510005      0.168438224150      0.999960664890      0.008869536212
   332     17.147795529927     -0.789180761685     -0.288037980078     -0.957618985835
   333     17.635775017792      0.083674334779      0.487979487865      0.872855096464
   334     16.862870106462     -0.550847530915     -0.772904911329     -0.634521865694
   335     17.530054654803      0.194044930086      0.667184548341      0.744892461001
   336     18.046770309224      1.050202002402      0.516715654421      0.856157072316
   337     17.813743015841      2.022672197595     -0.233027293383      0.972470195193
   338     18.488852096972      2.760390116975      0.675109081131      0.737717919380
   339     17.687986294793      2.161546258444     -0.800865802179     -0.598843858530
   340     16.749135957854      1.817220765879     -0.938850336939     -0.344325492565
   341     17.737824805345      1.967201974191      0.988688847491      0.149981208312
   342     16.738671103525      2.008334444799     -0.999153701821      0.041132470608
   343     15.972716482647      2.651229085278     -0.765954620877      0.642894640479
   344     15.385239474597      3.460469942509     -0.587477008050      0.809240857231
   345     14.407162385387      3.252226797212     -0.978077089210     -0.208243145298
   346     14.997468926554      2.445047642714      0.590306541167     -0.807179154498
   347     14.049191891199      2.762491597165     -0.948277035356      0.317443954451
   348     14.981230015128      3.124851826139      0.932038123929      0.362360228974
   349     15.849346477717      2.628491264266      0.868116462589     -0.496360561873
   350     16.799872497508      2.939136215455      0.950526019792      0.310644951189
   351     17.209649270628      3.851322049708      0.409776773119      0.912185834253
   352     16.423089755506      4.468836526600     -0.786559515122      0.617514476892
   353     16.865983898978      5.365410437484      0.442894143473      0.896573910884
   354     16.434935704689      4.463081531707     -0.431048194289     -0.902328905777
   355     15.891664307023      3.623524393403     -0.543271397667     -0.839557138304
   356     15.192947127150      2.908126390505     -0.698717179873     -0.715398002898
   357     15.038706468151      3.896159699211     -0.154240658999      0.988033308706
   358     16.034493707697      3.804465786881      0.995787239545     -0.091693912330
   359     16.931187171283      3.361813742537      0.896693463586     -0.442652044344
   360     17.653133643405      2.669864834459      0.721946472123     -0.691948908078
   361     18.586097262631      2.309894161763      0.932963619226     -0.359970672696
   362     18.398831318380      1.327584909988     -0.187265944251     -0.982309251776
   363     18.049092776095      0.390737562743     -0.349738542285     -0.936847347245
   364     18.746642205603     -0.325799103028      0.697549429508     -0.716536665770
   365     19.454186539153      0.380869854874      0.707544333550      0.706668957901
   366     18.588246483119     -0.119277942639     -0.865940056034     -0.500147797512
   367     17.940711838586      0.642758069719     -0.647534644533      0.762036012357
   368     17.147566911675      1.251791012109     -0.793144926910      0.609032942390
   369     17.954346696641      0.660938764443      0.806779784965     -0.590852247666
   370     17.426795185073     -0.188584279767     -0.527551511567     -0.849523044210
   371     16.742192553022      0.540332201175     -0.684602632051      0.728916480942
   372     17.666595922921      0.158915880443      0.924403369898     -0.381416320732
   373     18.485265825167      0.733180271778      0.818669902247      0.574264391335
   374     19.407292055833      1.120307679700      0.922026230666      0.387127407922
   375     18.718084268872      0.395743930682     -0.689207786961     -0.724563749018
   376     19.200788689230     -0.480039400152      0.482704420359     -0.875783330834
   377     18.227369484720     -0.709070079956     -0.973419204510     -0.229030679804
   378     17.660490913401     -1.532871442773     -0.566878571320     -0.823801362817
   379     18.513779470140     -2.054310450652      0.853288556739     -0.521439007879
   380     17.554012477680     -1.773512800761     -0.959766992460      0.280797649891
   381     18.507808048054     -2.073969136916      0.953795570374     -0.300456336155
   382     17.601410644906     -1.651543110767     -0.906397403147      0.422426026148
   383     16.788476484791     -2.233898716319     -0.812934160115     -0.582355605552
   384     17.788446379148     -2.226139181567      0.999969894357      0.007759534752
   385     16.965510692798     -1.658004641047     -0.822935686350      0.568134540520
   386     17.892130716483     -2.034003752357      0.926620023685     -0.375999111310
   387     18.403832044616     -2.893167154037      0.511701328133     -0.859163401680
   388     19.392472971425     -3.043463919938      0.988640926808     -0.150296765900
   389     18.662000618657     -2.360521651629     -0.730472352768      0.682942268308
   390     18.674892127461     -1.360604750582      0.012891508804      0.999916901048
   391     18.312680020785     -0.428509052825     -0.362212106676      0.932095697757
   392     17.864582543530     -1.322493756764     -0.448097477255     -0.893984703940
   393     18.612380251041     -0.658567112743      0.747797707511      0.663926644021
   394     18.781808912830      0.326975341221      0.169428661789      0.985542453964
   395     18.704073502560      1.323949365953     -0.077735410270      0.996974024732
   396     19.468951702356      0.679774436701      0.764878199796     -0.644174929252
   397     20.207709522211      1.353745417977      0.738757819855      0.673970981277
   398     20.627206176849      0.445988536016      0.419496654637     -0.907756881961
   399     19.926953155664      1.159883280584     -0.700253021184      0.713894744568
   400     20.744902448054      0.584592958156      0.817949292389     -0.575290322428
   401     21.642228586768      0.143224856929      0.897326138714     -0.441368101227
   402     20.812365697668     -0.414742512452     -0.829862889100     -0.557967369381
   403     21.424874938766      0.375720914640      0.612509241098      0.790463427092
   404     20.622956881081      0.973154951801     -0.801918057685      0.597434037161
   405     21.011352273252      1.894647772902      0.388395392171      0.921492821101
   406     21.107164325847      0.899248330177      0.095812052595     -0.995399442725
   407     20.111547583401      0.805721317175     -0.995616742446     -0.093527013002
   408     19.862779198077      1.774284320012     -0.248768385324      0.968563002836
   409     19.062046302989      2.373305881163     -0.800732895088      0.599021561151
   410     18.136475877727      1.994730409321     -0.925570425262     -0.378575471842
   411     17.147792898485      2.144750296524     -0.988682979242      0.150019887203
   412     17.579499927795      3.046764177152      0.431707029310      0.902013880627
   413     18.499227712373      2.654207426762      0.919727784578     -0.392556750389
   414     19.498853791694      2.626863295020      0.999626079321     -0.027344131743
   415     19.883128130555      1.703644343474      0.384274338861     -0.923218951546
   416     20.878802154604      1.796559562003      0.995674024049      0.092915218530
   417     20.491518354117      0.874599010852     -0.387283800487     -0.921960551152
   418     19.868249996841      1.656607038188     -0.623268357276      0.782008027337
   419     20.853180397469      1.829558204470      0.984930400628      0.172951166281
   420     21.211676694240      0.896027055979      0.358496296770     -0.933531148490
   421     22.201076589264      0.750810501393      0.989399895024     -0.145216554586
   422     23.200938852037      0.734213649785      0.999862262773     -0.016596851608
   423     23.437207036144      1.705901534436      0.236268184108      0.971687884651
   424     23.421829811128      0.706019770951     -0.015377225016     -0.999881763485
   425     23.547239252682     -0.286085300082      0.125409441554     -0.992105071033
   426     23.006917441395      0.555373160121     -0.540321811287      0.841458460203
   427     23.798489831994      1.166448564993      0.791572390600      0.611075404872
   428     22.819749946654      0.961343136388     -0.978739885341     -0.205105428605
   429     22.913617386345      1.956927840854      0.093867439691      0.995584704466
   430     22.404416510137      1.096280138440     -0.509200876208     -0.860647702413
   431     22.996802870141      1.901934158775      0.592386360003      0.805654020335
   432     22.382199668243      1.113097734529     -0.614603201897     -0.788836424246
   433     21.501592959726      1.586945626701     -0.880606708517      0.473847892171
   434     22.278434588368      2.216641651787      0.776841628642      0.629696025086
   435     21.294739885762      2.396488064216     -0.983694702607      0.179846412429
   436     20.411407537074      1.927740838344     -0.883332348687     -0.468747225872
   437     19.598383213675      2.509970560671     -0.813024323399      0.582229722327
   438     18.748966558295      3.037693353018     -0.849416655380      0.527722792347
   439     19.660305547976      3.449350061801      0.911338989681      0.411656708783
   440     20.573857761573      3.042628593186      0.913552213596     -0.406721468616
   441     19.849239084867      2.353478556278     -0.724618676706     -0.689150036907
   442     19.570079292716      1.393233894514     -0.279159792150     -0.960244661764
   443     18.808067462841      0.745670792469     -0.762011829875     -0.647563102045
   444     18.977120576717     -0.239936149820      0.169053113876     -0.985606942289
   445     18.170393398693     -0.830860222978     -0.806727178024     -0.590924073158
   446     17.554177449010     -0.043282986540     -0.616215949683      0.787577236438
   447     17.241016746781     -0.992983136366     -0.313160702229     -0.949700149826
   448     16.336387803400     -0.566783095543     -0.904628943381      0.426200040823
   449     17.026715705492      0.156713544113      0.690327902092      0.723496639655
   450     18.026473760709      0.134717384691      0.999758055217     -0.021996159422
   451     18.285758728628     -0.831083477501      0.259284967919     -0.965800862192
   452     19.282311495241     -0.748122140983      0.996552766612      0.082961336519
   453     20.199747635899     -1.146005198946      0.917436140658     -0.397883057964
   454     20.937939178678     -0.471414029297      0.738191542779      0.674591169650
   455     20.266323312145     -1.212313568925     -0.671615866533     -0.740899539628
   456     19.335436951348     -0.847004681431     -0.930886360797      0.365308887493
   457     18.702694080775     -1.621366650887     -0.632742870572     -0.774361969456
   458     18.385949217794     -0.672855875105     -0.316744862982      0.948510775782
   459     18.145003668729      0.297682760079     -0.240945549065      0.970538635184
   460     19.051150553162     -0.125280387053      0.906146884433     -0.422963147132
   461     18.090446588885      0.152294635280     -0.960703964277      0.277575022333
   462     18.740658002204     -0.607458691787      0.650211413319     -0.759753327068
   463     18.389249228999      0.328763436831     -0.351408773205      0.936222128618
   464     19.334905369971      0.653931797900      0.945656140973      0.325168361069
   465     18.351174533193      0.833580457155     -0.983730836778      0.179648659255
   466     19.049053406383      1.549796261473      0.697878873190      0.716215804318
   467     18.446229014376      0.751922366424     -0.602824392008     -0.797873895049
   468     18.286730106853     -0.235275738567     -0.159498907523     -0.987198104992
   469     18.498365558806      0.742072937943      0.211635451953      0.977348676510
   470     18.204949994682      1.698057930885     -0.293415564123      0.955984992942
   471     19.195658342109      1.562054363511      0.990708347427     -0.136003567374
   472     20.178285464186      1.747645147114      0.982627122077      0.185590783603
   473     19.973195503893      0.768902020350     -0.205089960294     -0.978743126763
   474     20.591357340925      1.554952873182      0.618161837033      0.786050852831
   475     21.517490284762      1.932150129721      0.926132943836      0.377197256540
   476     20.564278140748      2.234452310502     -0.953212144014      0.302302180780
   477     20.988125418713      3.140185982704      0.423847277965      0.905733672203
   478     20.195600868673      2.530345972879     -0.792524550040     -0.609840009825
   479     20.915656871852      1.836430018108      0.720056003179     -0.693915954771
   480     20.323327155680      2.642125684808     -0.592329716172      0.805695666700
   481     21.050045358876      1.955189986840      0.726718203197     -0.686935697968
   482     20.342016852753      1.249006133643     -0.708028506123     -0.706183853198
   483     21.030971162858      1.973810906384      0.688954310105      0.724804772741
   484     20.984959369649      2.972751802977     -0.046011793209      0.998940896593
   485     21.982579533070      2.903802477130      0.997620163422     -0.068949325847
   486     21.025530054782      2.613877838461     -0.957049478289     -0.289924638669
   487     21.654119494943      3.391615143544      0.628589440161      0.777737305083
   488     21.994647282309      4.331849596237      0.340527787366      0.940234452693
   489     22.440343110191      5.227034062707      0.445695827882      0.895184466470
   490     22.696420102612      6.193690451478      0.256076992421      0.966656388771
   491     22.998202562888      7.147067264008      0.301782460276      0.953376812530
   492     22.708290542097      6.190013963402     -0.289912020791     -0.957053300606
   493     23.692202297850      6.368669097364      0.983911755753      0.178655133962
   494     23.042110842503      7.128525070352     -0.650091455347      0.759855972988
   495     22.318516961135      6.438299096597     -0.723593881368     -0.690225973755
   496     22.682593955074      7.369667950749      0.364076993938      0.931368854152
   497     21.722055330335      7.647814585430     -0.960538624739      0.278146634681
   498     22.589351532117      7.150022160443      0.867296201782     -0.497792424987
   499     22.502237065872      6.153823851987     -0.087114466245     -0.996198308456
   500     23.492534887161      6.014862615843      0.990297821289     -0.138961236144
   501     23.620835876474      7.006597891076      0.128300989313      0.991735275233
   502     24.271627758196      6.247341724368      0.650791881722     -0.759256166708
   503     23.658080612063      5.457683634134     -0.613547146133     -0.789658090234
   504     24.151626067029      4.587963630982      0.493545454966     -0.869720003152
   505     25.150352721759      4.638412309182      0.998726654730      0.050448678200
   506     26.123772336226      4.867441246591      0.973419614467      0.229028937409
   507     26.975831324940      4.343995471221      0.852058988713     -0.523445775370
   508     26.659080969444      3.395486529621     -0.316750355495     -0.948508941599
   509     26.054622681037      4.192123321124     -0.604458288408      0.796636791502
   510     27.014819011507      4.471449308013      0.960196330470      0.279325986890
   511     27.689985086215      3.733783549311      0.675166074709     -0.737665758703
   512     27.679670318626      4.733730350681     -0.010314767589      0.999946801370
   513     28.159707025935      5.610978753150      0.480036707309      0.877248402470
   514     28.640435153172      6.487848451386      0.480728127237      0.876869698235
   515     28.296202897831      5.548963924736     -0.344232255341     -0.938884526650
   516     28.582431919473      6.507125157082      0.286229021642      0.958161232346
   517     27.725587732134      5.991549712918     -0.856844187338     -0.515575444163
   518     28.689787685507      6.256725974895      0.964199953373      0.265176261977
   519     29.206079221694      7.113138871611      0.516291536187      0.856412896716
   520     28.260353625108      6.788172571880     -0.945725596586     -0.324966299732
   521     27.551003091060      7.493028457750     -0.709350534048      0.704855885870
   522     28.144530961831      6.688215021842      0.593527870771     -0.804813435908
   523     27.626324713936      7.543470705625     -0.518206247895      0.855255683783
   524     26.852469726125      8.176833522532     -0.773854987810      0.633362816907
   525     27.069848663430      7.200746232575      0.217378937305     -0.976087289957
   526     27.196865874350      8.192646745797      0.127017210920      0.991900513222
   527     26.587114841710      8.985239754973     -0.609751032640      0.792593009176
   528     26.347518097664      8.014367260645     -0.239596744046     -0.970872494328
   529     27.086794755613      7.340965431860      0.739276657950     -0.673401828785
   530     26.088869152340      7.405343147973     -0.997925603273      0.064377716113
   531     25.681783777905      6.491953035304     -0.407085374435     -0.913390112669
   532     25.563698889576      7.484956539401     -0.118084888329      0.993003504097
   533     25.877683831267      6.535528576683      0.313984941691     -0.949427962718
   534     26.735295204249      6.021230284899      0.857611372982     -0.514298291784
   535     26.717730898046      7.021076020574     -0.017564306203      0.999845735675
   536     27.369208517496      6.262408167455      0.651477619449     -0.758667853119
   537     27.409429465719      7.261598977723      0.040220948223      0.999190810268
   538     28.157505728794      7.925211744796      0.748076263076      0.663612767073
   539     29.138152919249      8.120995012348      0.980647190455      0.195783267552
   540     28.180656222462      8.409439245504     -0.957496696787      0.288444233156
   541     27.184512634486      8.321701271203     -0.996143587976     -0.087737974301
   542     26.289757440896      7.875144283190     -0.894755193590     -0.446556988013
   543     27.194851409149      8.300355887725      0.905093968253      0.425211604535
   544     27.706770102021      9.159389793860      0.511918692872      0.859033906134
   545     28.631152608664      9.540856675008      0.924382506643      0.381466881149
   546     28.842754250054      8.563500677758      0.211601641390     -0.977355997250
   547     28.315145516237      7.714013171081     -0.527608733817     -0.849487506677
   548     29.308120800269      7.832335127207      0.992975284032      0.118321956126
   549     29.909214313025      7.033156430717      0.601093512756     -0.799178696490
   550     29.020159767955      7.490957715000     -0.889054545069      0.457801284283
   551     29.805146529726      8.110470252278      0.784986761771      0.619512537277
   552     29.096076884176      7.405331799377     -0.709069645550     -0.705138452901
   553     30.091697559972      7.311846667259      0.995620675796     -0.093485132118
   554     30.234572064419      6.322105854733      0.142874504447     -0.989740812526
   555     29.448703568924      5.703712203578     -0.785868495495     -0.618393651155
   556     30.039495027772      4.896887902907      0.590791458847     -0.806824300671
   557     29.378978453848      4.146076438176     -0.660516573924     -0.750811464732
   558     28.495043872010      3.678465857639     -0.883934581838     -0.467610580537
   559     29.080412899391      4.489232841292      0.585369027381      0.810766983654
   560     29.859626447020      3.862474317464      0.779213547629     -0.626758523829
   561     30.384739059469      3.011441565892      0.525112612449     -0.851032751571
   562     31.361501347949      3.225767093547      0.976762288479      0.214325527654
   563     30.567975391837      2.617230687916     -0.793525956111     -0.608536405631
   564     30.142455971634      3.522179980987     -0.425519420204      0.904949293071
   565     30.386239991449      4.492009528734      0.243784019815      0.969829547747
   566     31.001671835912      5.280199635765      0.615431844462      0.788190107031
   567     31.805499493170      5.875061886565      0.803827657258      0.594862250800
   568     30.847023476540      5.589888736450     -0.958476016629     -0.285173150115
   569     29.951359610704      5.145157087661     -0.895663865836     -0.444731648789
   570     29.154779432752      5.749689981798     -0.796580177952      0.604532894137
   571     30.152037967312      5.823686030654      0.997258534560      0.073996048856
   572     30.258436032793      6.818009645812      0.106398065481      0.994323615159
   573     29.942695003175      7.766855050615     -0.315741029618      0.948845404803
   574     29.054654083869      8.226619474683     -0.888040919306      0.459764424068
   575     29.837918245984      7.604930442814      0.783264162115     -0.621689031869
   576     29.314872754614      8.457235208703     -0.523045491370      0.852304765889
   577     28.543616362260      7.820710600182     -0.771256392354     -0.636524608521
   578     27.656148670732      8.281580534646     -0.887467691529      0.460869934464
   579     28.312611010606      9.035939332783      0.656462339874      0.754358798137
   580     28.984875315462      9.776250554106      0.672264304856      0.740311221323
   581     28.426360943820     10.605745398375     -0.558514371642      0.829494844269
   582     29.416862267059     10.468242203275      0.990501323239     -0.137503195100
   583     29.724515448123     11.419740768792      0.307653181064      0.951498565517
   584     29.751706382367     12.419371026985      0.027190934245      0.999630258193
   585     28.917426329380     11.868030122292     -0.834280052987     -0.551340904693
   586     27.926619672977     11.732744610771     -0.990806656403     -0.135285511521
   587     27.207884681099     12.428028733594     -0.718734991878      0.695284122823
   588     26.947588019809     13.393557421993     -0.260296661290      0.965528688399
   589     26.900159384549     12.394682792944     -0.047428635260     -0.998874629049
   590     27.718778700377     12.969019293398      0.818619315828      0.574336500454
   591     28.576040671056     13.483899778197      0.857261970680      0.514880484799
   592     27.884506692768     12.761555845661     -0.691533978289     -0.722343932536
   593     26.916144836122     13.011106070254     -0.968361856645      0.249550224593
   594     27.873194353114     12.721181559346      0.957049516992     -0.289924510908
   595     27.799502641753     13.718462628893     -0.073691711361      0.997281069547
   596     27.896483753853     12.723176406796      0.096981112100     -0.995286222097
   597     27.893479885614     13.723171895173     -0.003003868239      0.999995488378
   598     28.372762743004     14.600832389107      0.479282857390      0.877660493934
   599     28.080336414195     15.557120443105     -0.292426328808      0.956288053998
   600     28.968407765674     16.016826082273      0.888071351479      0.459705639168
   601     29.261866723306     15.060854408956      0.293458957632     -0.955971673317
   602     29.992594495032     14.378185438203      0.730727771726     -0.682668970753
   603     30.842202003856     14.905600911004      0.849607508824      0.527415472801
   604     30.264534064836     15.721872772720     -0.577667939020      0.816271861716
   605     31.227547510336     15.452419430217      0.963013445500     -0.269453342503
   606     31.272729884205     14.453440675142      0.045182373869     -0.998978755075
   607     30.630445304415     15.219906929169     -0.642284579790      0.766466254028
   608     29.906467856709     14.530083288509     -0.723977447705     -0.689823640661
   609     30.525371740831     13.744616559602      0.618903884122     -0.785466728906
   610     30.901964049900     12.818237461851      0.376592309069     -0.926379097751
   611     31.553656515211     12.059754152439      0.651692465311     -0.758483309412
   612     30.866020016881     12.785809278558     -0.687636498330      0.726055126119
   613     31.188183353769     11.839125178995      0.322163336889     -0.946684099563
   614     31.822230982986     11.065831183231      0.634047629216     -0.773293995765
   615     32.815678357678     11.180121662784      0.993447374693      0.114290479553
   616     33.781223145015     11.440358600296      0.965544787337      0.260236937512
   617     33.222433994134     10.611048836180     -0.558789150881     -0.829309764116
   618     33.941963622004     11.305510580712      0.719529627869      0.694461744532
   619     33.036343342360     10.881421074713     -0.905620279643     -0.424089505999
   620     33.932033973058     11.326098816543      0.895690630698      0.444677741830
   621     34.082948128693     10.337551944802      0.150914155634     -0.988546871741
   622     33.767716734734      9.388537103895     -0.315231393959     -0.949014840908
   623     34.541059472262     10.022525282264      0.773342737528      0.633988178370
   624     34.978233159618      9.123148182776      0.437173687355     -0.899377099488
   625     34.066204397111      9.533274427194     -0.912028762507      0.410126244418
   626     33.351427914326      8.833921455042     -0.714776482785     -0.699352972152
   627     33.952245664718      9.633307488705      0.600817750392      0.799386033662
   628     33.674897803651      8.672537920097     -0.277347861067     -0.960769568607
   629     34.443947063103      8.033348404745      0.769049259452     -0.639189515352
   630     33.659582436895      8.653648439530     -0.784364626207      0.620300034785
   631     33.293670129713      9.584297773841     -0.365912307182      0.930649334310
   632     34.219288446906      9.205839413019      0.925618317193     -0.378458360822
   633     33.914582717164     10.158285956538     -0.304705729742      0.952446543520
   634     33.373974785738     10.999560623029     -0.540607931426      0.841274666491
   635     33.266573626820     10.005344856174     -0.107401158918     -0.994215766855
   636     34.266483717466      9.991935507770      0.999910090646     -0.013409348404
   637     34.887064280583      9.207792813688      0.620580563117     -0.784142694082
   638     35.523706719657      9.978951944328      0.636642439074      0.771159130640
   639     34.978784245272      9.140465512172     -0.544922474385     -0.838486432156
   640     34.477078239979     10.005503710319     -0.501706005293      0.865038198147
   641     33.477092196201     10.000220505890     -0.999986043778     -0.005283204428
   642     32.655071806403      9.430762448825     -0.822020389798     -0.569458057065
   643     31.673756401935      9.238356427728     -0.981315404468     -0.192406021097
   644     30.986929585052      9.965177536123     -0.686826816884      0.726821108396
   645     31.560923640711      9.146318070728      0.573994055659     -0.818859465396
   646     31.228540606014      8.203173586439     -0.332383034697     -0.943144484289
   647     31.137721528688      9.199040994879     -0.090819077325      0.995867408440
   648     32.132770759285      9.298424236373      0.995049230596      0.099383241494
   649     31.412474806524      8.604757356353     -0.720295952761     -0.693666880020
   650     30.844263111530      9.427639771812     -0.568211694994      0.822882415459
   651     31.805382897058      9.151507995543      0.961119785529     -0.276131776269
   652     32.683939101741      8.673869015546      0.878556204683     -0.477638979997
   653     32.212389726760      9.555708676116     -0.471549374982      0.881839660570
   654     31.225241669608      9.395900311938     -0.987148057152     -0.159808364178
   655     30.486967122620     10.070400640530     -0.738274546987      0.674500328592
   656     30.938644721964      9.178219411042      0.451677599344     -0.892181229488
   657     30.976240947094      8.178926399030      0.037596225130     -0.999293012012
   658     30.695609924840      9.138742125796     -0.280631022254      0.959815726767
   659     29.948401816175      9.803332256889     -0.747208108665      0.664590131093
   660     29.036480363308      9.392967463321     -0.911921452867     -0.410364793568
   661     29.864008858556      8.831543746729      0.827528495249     -0.561423716592
   662     29.102931239553      8.182882927924     -0.761077619003     -0.648660818805
   663     29.526137412344      7.276849520532      0.423206172791     -0.906033407393
   664     30.059587128438      6.431017740330      0.533449716094     -0.845831780202
   665     29.901421988612      7.418430414212     -0.158165139826      0.987412673882
   666     30.304055200430      6.503069011956      0.402633211818     -0.915361402257
   667     29.432830311953      6.012184918001     -0.871224888477     -0.490884093955
   668     28.778651367007      6.768524727868     -0.654178944946      0.756339809867
   669     28.814930994015      7.767866405505      0.036279627008      0.999341677638
   670     29.048719435232      8.740153896299      0.233788441218      0.972287490793
   671     28.071354414277      8.951713854259     -0.977365020956      0.211559957960
   672     28.021337526927      7.952965482055     -0.050016887349     -0.998748372204
   673     27.195637885303      8.517075490672     -0.825699641624      0.564110008616
   674     26.349724262317      7.983755565630     -0.845913622986     -0.533319925041
   675     26.143451669463      7.005260998738     -0.206272592854     -0.978494566892
   676     27.139089777539      7.098560289978      0.995638108077      0.093299291239
   677     28.123865280590      6.924729312903      0.984775503051     -0.173830977075
   678     28.950423538543      7.487580488801      0.826558257953      0.562851175899
   679     27.965579357183      7.314139033428     -0.984844181360     -0.173441455373
   680     26.979674473523      7.146832248220     -0.985904883659     -0.167306785208
   681     27.655967039530      6.410199120290      0.676292566006     -0.736633127930
   682     27.321025894515      7.352438171367     -0.334941145015      0.942239051078
   683     28.278677039142      7.064507128938      0.957651144627     -0.287931042429
   684     27.936092233432      8.003994037254     -0.342584805710      0.939486908316
   685     28.686658126334      8.664789648933      0.750565892901      0.660795611678
   686     28.701593438060      9.664678110944      0.014935311727      0.999888462011
   687     27.711577066445      9.523725693675     -0.990016371615     -0.140952417269
   688     27.721628164436     10.523675180114      0.010051097991      0.999949486439
   689     28.071103022847      9.586729438174      0.349474858411     -0.936945741940
   690     28.719626104424     10.347924428082      0.648523081578      0.761194989908
   691     28.494650426381      9.373560048453     -0.224975678043     -0.974364379629
   692     28.715946846548     10.348766639090      0.221296420167      0.975206590637
   693     28.715907934120      9.348766639847     -0.000038912428     -0.999999999243
   694     27.998926264406      8.651674619169     -0.716981669715     -0.697092020678
   695     27.262150088993      7.975537896794     -0.736776175413     -0.676136722375
   696     27.305567593895      8.974594912318      0.043417504902      0.999057015524
   697     28.282115885298      9.189893390151      0.976548291403      0.215298477833
   698     27.468181910143      8.608936004374     -0.813933975155     -0.580957385777
   699     28.462471244168      8.715653951533      0.994289334024      0.106717947159
   700     29.313670960754      9.240495872956      0.851199716587      0.524841921423
   701     29.594678921782      8.280790435939      0.281007961028     -0.959705437016
   702     29.023401759558      7.460033222190     -0.571277162224     -0.820757213749
   703     28.202412368291      8.030976668976     -0.820989391267      0.570943446785
   704     28.360509927103      9.018400165707      0.158097558812      0.987423496732
   705     29.074623837589      8.318370650008      0.714113910486     -0.700029515699
   706     28.123519982569      8.009499387239     -0.951103855021     -0.308871262770
   707     27.167058658172      8.301358488404     -0.956461324397      0.291859101165
   708     26.713127417199      7.410321772848     -0.453931240973     -0.891036715556
   709     25.777636490270      7.763672484794     -0.935490926929      0.353350711947
   710     25.099812588161      8.498896775559     -0.677823902109      0.735224290765
   711     25.802787542506      7.787682171122      0.702974954345     -0.711214604437
   712     26.614955007816      7.204257790168      0.812167465310     -0.583424380954
   713     26.397000340325      6.228298896095     -0.217954667491     -0.975958894072
   714     25.471164736174      5.850372403128     -0.925835604151     -0.377926492967
   715     24.577126212015      5.402382316943     -0.894038524159     -0.447990086185
   716     25.503481789552      5.779032478188      0.926355577537      0.376650161245
   717     24.778092230986      5.090693907191     -0.725389558566     -0.688338570998
   718     25.505397838140      4.404380164211      0.727305607154     -0.686313742979
   719     25.422125134015      3.407853367408     -0.083272704126     -0.996526796804
   720     25.794111863486      2.479615319762      0.371986729472     -0.928238047646
   721     26.504702784073      3.183220708869      0.710590920587      0.703605389106
   722     26.370236090269      2.192302595068     -0.134466693804     -0.990918113800
   723     26.974529091846      2.989064773039      0.604293001577      0.796762177971
   724     27.883911324471      2.573103290463      0.909382232625     -0.415961482576
   725     27.596251128503      1.615370753866     -0.287660195968     -0.957732536597
   726     26.629199886535      1.869952558810     -0.967051241968      0.254581804944
   727     27.342431418807      2.570881072550      0.713231532272      0.700928513740
   728     28.335688502829      2.454948484206      0.993257084022     -0.115932588344
   729     27.395763099728      2.113568583502     -0.939925403101     -0.341379900704
   730     26.768552117451      1.334719186179     -0.627210982277     -0.778849397323
   731     25.805701494312      1.604753771967     -0.962850623139      0.270034585788
   732     26.507828464101      2.316805538550      0.702126969789      0.712051766584
   733     27.498318178990      2.454392328251      0.990489714889      0.137586789700
   734     27.314552451661      3.437362397713     -0.183765727329      0.982970069463
   735     26.548501595983      2.794582430295     -0.766050855678     -0.642779967419
   736     27.172344733135      2.013032853986      0.623843137152     -0.781549576309
   737     26.439861036783      1.332248281173     -0.732483696351     -0.680784572812
   738     26.837511090732      2.249785438238      0.397650053948      0.917537157065
   739     25.896523788745      2.588227305476     -0.940987301987      0.338441867238
   740     25.455759950537      3.485850410642     -0.440763838208      0.897623105166
   741     26.327451181114      2.995794905078      0.871691230578     -0.490055505564
   742     27.088379073604      2.346958452317      0.760927892490     -0.648836452760
   743     27.701301634204      1.556815468607      0.612922560600     -0.790142983711
   744     26.731460486610      1.800553336884     -0.969841147595      0.243737868277
   745     26.978493619246      0.831546303174      0.247033132636     -0.969007033710
   746     27.245518943666      1.795235815475      0.267025324420      0.963689512301
   747     26.658507562869      2.604814495292     -0.587011380796      0.809578679818
   748     25.924646043939      3.284113598069     -0.733861518930      0.679299102777
   749     26.542745474611      2.498013671976      0.618099430672     -0.786099926093
   750     27.492441459693      2.184840339909      0.949695985082     -0.313173332067
   751     26.820093952351      2.925075997906     -0.672347507342      0.740235657997
   752     27.211515653207      2.004864580840      0.391421700856     -0.920211417066
   753     28.034966157909      2.572252689903      0.823450504702      0.567388109063
   754     27.064209443074      2.332187280893     -0.970756714835     -0.240065409010
   755     27.877622074450      1.750500173319      0.813412631376     -0.581687107574
   756     27.992573175035      2.743871324739      0.114951100585      0.993371151420
   757     27.211331832967      2.119642227817     -0.781241342068     -0.624229096922
   758     26.766248700582      3.015131482508     -0.445083132385      0.895489254690
   759     27.726314176543      2.735356069244      0.960065475961     -0.279775413264
   760     27.702138434773      1.735648345202     -0.024175741770     -0.999707724042
   761     28.666515431192      1.471116666989      0.964376996419     -0.264531678212
   762     29.428580825887      0.823616601964      0.762065394695     -0.647500065026
   763     28.813852049004      1.612355171372     -0.614728776882      0.788738569409
   764     29.567503363415      2.269629616552      0.753651314411      0.657274445180
   765     28.720539427320      1.737979270033     -0.846963936095     -0.531650346520
   766     28.115683330206      0.941644477509     -0.604856097114     -0.796334792524
   767     28.002284117939     -0.051905027376     -0.113399212268     -0.993549504885
   768     27.513560401508      0.820533583070     -0.488723716431      0.872438610446
   769     27.572451565602     -0.177730826188      0.058891164095     -0.998264409258
   770     28.548940954767      0.037834646113      0.976489389165      0.215565472301
   771     27.747439220909      0.635827096419     -0.801501733858      0.597992450306
   772     27.105636971436     -0.131043083319     -0.641802249473     -0.766870179738
   773     26.153014301954     -0.435197730806     -0.952622669482     -0.304154647487
   774     26.571384151072     -1.343474488931      0.418369849118     -0.908276758125
   775     27.502308711045     -0.978262956201      0.930924559973      0.365211532730
   776     28.492600455138     -0.839258418213      0.990291744093      0.139004537988
   777     29.407360590307     -1.243255813136      0.914760135170     -0.403997394923
   778     30.259510896317     -1.766552914187      0.852150306009     -0.523297101051
   779     31.092407137930     -2.319982088252      0.832896241613     -0.553429174065
   780     30.122960901947     -2.565285972317     -0.969446235983     -0.245303884065
   781     29.630492846333     -3.435616492407     -0.492468055614     -0.870330520090
   782     28.995523928395     -2.663078808373     -0.634968917938      0.772537684034
   783     27.999810543154     -2.570586352182     -0.995713385241      0.092492456191
   784     27.036877659612     -2.840327453598     -0.962932883542     -0.269741101416
   785     27.611612849896     -3.658666907033      0.574735190284     -0.818339453436
   786     27.198808434152     -2.747847213382     -0.412804415744      0.910819693651
   787     28.183170677649     -2.924003319087      0.984362243497     -0.176156105704
   788     28.659890385076     -2.044947962155      0.476719707427      0.879055356932
   789     28.082575324304     -1.228426486255     -0.577315060772      0.816521475900
   790     28.415764385798     -0.285566449292      0.333189061493      0.942860036963
   791     27.584369327086      0.270115344858     -0.831395058711      0.555681794150
   792     28.150665852924     -0.554086235353      0.566296525838     -0.824201580212
   793     27.224490745216     -0.931179950311     -0.926175107709     -0.377093714958
   794     26.497925723276     -1.618277664536     -0.726565021940     -0.687097714225
   795     26.058006525176     -0.720240304989     -0.439919198100      0.898037359548
   796     26.761297388558     -0.009338088447      0.703290863382      0.710902216541
   797     25.766927878599      0.096630197676     -0.994369509959      0.105968286123
   798     26.172556995455      1.010667953766      0.405629116856      0.914037756090
   799     25.300802636153      1.500611151532     -0.871754359302      0.489943197767
   800     24.439497266810      0.992523500884     -0.861305369343     -0.508087650649
   801     24.638395071564      0.012503264733      0.198897804754     -0.980020236150
   802     25.488741260091     -0.513720413619      0.850346188526     -0.526223678353
   803     24.541507004966     -0.834262557367     -0.947234255125     -0.320542143748
   804     25.095312908274     -1.666908353286      0.553805903308     -0.832645795919
   805     24.897012489021     -0.686767065652     -0.198300419253      0.980141287634
   806     25.876828783296     -0.886667114361      0.979816294275     -0.199900048709
   807     26.516249943356     -1.655523785053      0.639421160060     -0.768856670692
   808     27.483425408097     -1.401414319659      0.967175464741      0.254109465394
   809     27.256242530906     -0.427562205470     -0.227182877191      0.973852114189
   810     27.905078780801     -1.188490270941      0.648836249895     -0.760928065471
   811     28.630370048569     -1.876932408597      0.725291267768     -0.688442137656
   812     27.630972381706     -1.842229332822     -0.999397666863      0.034703075775
   813     28.486643058476     -2.359750050199      0.855670676771     -0.517520717377
   814     27.501156543059     -2.189996322907     -0.985486515418      0.169753727293
   815     27.908695127472     -1.276808334476      0.407538584413      0.913187988431
   816     26.930575414932     -1.068765483262     -0.978119712540      0.208042851214
   817     27.616795784001     -1.796159190325      0.686220369069     -0.727393707063
   818     26.631619807711     -1.624612416120     -0.985175976290      0.171546774205
   819     25.706523494733     -2.004344968999     -0.925096312977     -0.379732552879
   820     26.154713554958     -1.110406676992      0.448190060224      0.893938292007
   821     26.876100608043     -0.417874569692      0.721387053085      0.692532107300
   822     26.071676852958      0.176181338666     -0.804423755085      0.594055908358
   823     26.526818762188     -0.714237575364      0.455141909230     -0.890418914030
   824     25.580604258534     -1.037777546735     -0.946214503654     -0.323539971371
   825     24.720847412033     -1.548481144621     -0.859756846502     -0.510703597886
   826     25.014285876082     -0.592503180536      0.293438464050      0.955977964085
   827     24.050349468030     -0.326370504541     -0.963936408052      0.266132675996
   828     25.034793828255     -0.502067122670      0.984444360224     -0.175696618130
   829     25.561877074683     -1.351880779501      0.527083246428     -0.849813656830
   830     25.638663086045     -0.354833183616      0.076786011363      0.997047595884
   831     26.101421434418     -1.241317651056      0.462758348372     -0.886484467440
   832     26.654325989874     -0.408073057580      0.552904555456      0.833244593476
   833     27.512937353339      0.104554025716      0.858611363465      0.512627083296
   834     26.775744620595      0.780236550864     -0.737192732743      0.675682525148
   835     26.700956068433     -0.216962863729     -0.074788552162     -0.997199414593
   836     27.311443378310      0.575063174024      0.610487309877      0.792026037754
   837     26.606979197529     -0.134676368341     -0.704464180781     -0.709739542365
   838     27.134883603598      0.714627427749      0.527904406069      0.849303796090
   839     28.124403431394      0.570230369612      0.989519827796     -0.144397058137
   840     28.279018982201     -0.417744342335      0.154615550807     -0.987974711948
   841     28.002033308123      0.543129705787     -0.276985674078      0.960874048123
   842     27.154712216276      1.074210648122     -0.847321091847      0.531080942335
   843     26.540490305750      0.285077297776     -0.614221910527     -0.789133350346
   844     27.517746953928      0.073017297797      0.977256648178     -0.212059999979
   845     26.818597737431      0.787993082752     -0.699149216497      0.714975784955
   846     26.110277591723      1.493884413754     -0.708320145709      0.705891331002
   847     27.007582079177      1.052472297025      0.897304487454     -0.441412116728
   848     27.660363266086      0.294925782270      0.652781186909     -0.757546514755
   849     27.672635232937     -0.704998914309      0.012271966851     -0.999924696580
   850     26.675061233363     -0.774612960124     -0.997573999574     -0.069614045815
   851     25.721549995685     -1.075970421657     -0.953511237678     -0.301357461533
   852     26.228353548706     -0.213908846916      0.506803553021      0.862061574741
   853     26.807702105311     -1.028988750950      0.579348556605     -0.815079904034
   854     27.463400415045     -0.273965753544      0.655698309735      0.755022997405
   855     26.514219578400     -0.588696971164     -0.949180836646     -0.314731217619
   856     26.894875300270     -1.513413804258      0.380655721870     -0.924716833094
   857     26.636520952377     -2.479464025998     -0.258354347893     -0.966050221741
   858     27.632910387971     -2.394563539328      0.996389435594      0.084900486670
   859     28.344484894277     -3.097174186824      0.711574506306     -0.702610647496
   860     28.276725175453     -2.099472517734     -0.067759718824      0.997701669090
   861     28.651761437419     -1.172462376360      0.375036261966      0.927010141374
   862     27.799192041172     -1.695076406579     -0.852569396248     -0.522614030219
   863     27.559268465664     -0.724284627713     -0.239923575508      0.970791778867
   864     27.086170730979     -1.605294578528     -0.473097734686     -0.881009950815
   865     26.970675986864     -2.598602669747     -0.115494744115     -0.993308091219
   866     26.005952886191     -2.335336000706     -0.964723100673      0.263266669041
   867     25.208303051511     -2.938456835395     -0.797649834680     -0.603120834689
   868     24.933113248427     -1.977066918515     -0.275189803084      0.961389916880
   869     24.442441915413     -2.848411651074     -0.490671333013     -0.871344732559
   870     23.446430331111     -2.759187641211     -0.996011584302      0.089224009863
   871     22.879822977296     -1.935199712536     -0.566607353815      0.823987928675
   872     23.585621942069     -1.226787529322      0.705798964773      0.708412183214
   873     23.769156267510     -0.243774227588      0.183534325441      0.983013301733
   874     24.604230426521      0.306363163390      0.835074159011      0.550137390978
   875     25.412642208793     -0.282254191334      0.808411782273     -0.588617354725
   876     24.420034643285     -0.403622312750     -0.992607565508     -0.121368121416
   877     24.938934486530      0.451212731384      0.518899843245      0.854835044134
   878     24.916917285384     -0.548544860662     -0.022017201146     -0.999757592046
   879     25.134337086940      0.427533327749      0.217419801555      0.976078188411
   880     24.703308089073      1.329871403527     -0.431028997867      0.902338075778
   881     23.703962237403      1.366035871582     -0.999345851670      0.036164468055
   882     22.704006601214      1.375455301161     -0.999955636189      0.009419429579
   883     23.683693341960      1.575989313253      0.979686740746      0.200534012092
   884     23.929740919457      2.545247065147      0.246047577497      0.969257751895
   885     24.529890119097      1.745358986619      0.600149199640     -0.799888078528
   886     23.551072245516      1.950091911078     -0.978817873581      0.204732924459
   887     24.424857887358      1.463780640276      0.873785641843     -0.486311270803
   888     25.421256953661      1.378993255181      0.996399066303     -0.084787385095
   889     24.516051011601      1.803966433698     -0.905205942060      0.424973178517
   890     23.624030394070      2.255961143734     -0.892020617530      0.451994710036
   891     22.783813374840      1.713710868866     -0.840217019231     -0.542250274869
   892     21.801919833150      1.524277311153     -0.981893541690     -0.189433557712
   893     21.072081637120      0.840657381942     -0.729838196030     -0.683619929212
   894     21.684536208216      1.631163168348      0.612454571097      0.790505786407
   895     22.515514714097      1.074858644941      0.830978505881     -0.556304523408
   896     22.719893093661      2.053750609341      0.204378379564      0.978891964400
   897     22.391398029357      2.998256296316     -0.328495064304      0.944505686975
   898     22.675265638371      3.957119780109      0.283867609014      0.958863483794
   899     22.152136916132      3.104866097237     -0.523128722239     -0.852253682872
   900     21.398976227772      3.762702685995     -0.753160688360      0.657836588758
   901     21.973523332434      4.581174203229      0.574547104663      0.818471517234
   902     21.857167253527      5.574381766079     -0.116356078907      0.993207562849
   903     22.614442161720      4.921285514811      0.757274908194     -0.653096251268
   904     23.317517726415      4.210170369192      0.703075564695     -0.711115145619
   905     23.975050316585      3.456744266070      0.657532590170     -0.753426103122
   906     23.668610205590      4.408634206333     -0.306440110994      0.951889940263
   907     23.777454129719      3.414575354866      0.108843924129     -0.994058851467
   908     24.489281194370      4.116930129912      0.711827064651      0.702354775046
   909     23.692738107077      4.721511894510     -0.796543087294      0.604581764598
   910     24.274672105697      3.908275876340      0.581933998620     -0.813236018171
   911     24.101456616337      4.893159825973     -0.173215489360      0.984883949634
   912     23.546585310365      5.725096021729     -0.554871305973      0.831936195756
   913     24.104018114917      4.894873962031      0.557432804552     -0.830222059698
   914     24.945845041286      4.355126404334      0.841826926369     -0.539747557697
   915     25.517614141485      5.175540992245      0.571769100199      0.820414587911
   916     24.716784885787      5.774433723222     -0.800829255698      0.598892730978
   917     25.036047565143      4.826767462574      0.319262679356     -0.947666260648
   918     25.336401447779      3.872939624238      0.300353882636     -0.953827838336
   919     26.317957862724      3.681766916248      0.981556414945     -0.191172707990
   920     25.465636653831      3.158748219764     -0.852321208893     -0.523018696484
   921     26.362633427294      3.600785309155      0.896996773463      0.442037089391
   922     25.677697324578      2.872182169445     -0.684936102716     -0.728603139711
   923     26.470138332555      2.262233606961      0.792441007977     -0.609948562484
   924     27.435666667390      2.522531579737      0.965528334835      0.260297972776
   925     28.023013151298      1.713195983188      0.587346483908     -0.809335596549
   926     27.399075430829      0.931721913896     -0.623937720469     -0.781474069292
   927     28.095228374209      1.649615415345      0.696152943380      0.717893501449
   928     27.626442165737      2.532927076508     -0.468786208472      0.883311661163
   929     28.075921782946      1.639636489009      0.449479617209     -0.893290587499
   930     28.832612133901      0.985863047539      0.756690350955     -0.653773441470
   931     28.634217980449      1.965985366373     -0.198394153452      0.980122318834
   932     29.091770099168      1.076802562527      0.457552118718     -0.889182803846
   933     28.094711822337      1.000155366855     -0.997058276830     -0.076647195672
   934     27.172915637585      1.387830222597     -0.921796184753      0.387674855743
   935     26.379486834387      0.779167151386     -0.793428803198     -0.608663071211
   936     26.081887785609     -0.175523796600     -0.297599048778     -0.954690947986
   937     26.702659929735      0.608467239750      0.620772144126      0.783991036350
   938     26.618180068318     -0.387957947113     -0.084479861416     -0.996425186863
   939     25.884781470657     -1.067756812182     -0.733398597661     -0.679798865069
   940     25.230016581781     -0.311924198242     -0.654764888877      0.755832613939
   941     26.046285002174      0.265748603496      0.816268420394      0.577672801738
   942     25.202442887799     -0.270842941356     -0.843842114376     -0.536591544852
   943     24.493309148995      0.434231055109     -0.709133738803      0.705073996465
   944     24.105924095965     -0.487686956804     -0.387385053030     -0.921918011913
   945     24.032243215675     -1.484968826628     -0.073680880291     -0.997281869824
   946     24.248452201852     -0.508621719142      0.216208986178      0.976347107486
   947     24.768161535071     -1.362964863883      0.519709333219     -0.854343144741
   948     24.209448853928     -2.192326148204     -0.558712681142     -0.829361284321
   949     25.205514474859     -2.103707421065      0.996065620931      0.088618727139
   950     24.683875811654     -1.250540904464     -0.521638663205      0.853166516601
   951     24.225782666553     -2.139445100883     -0.458093145101     -0.888904196419
   952     24.765791233761     -2.981104620726      0.540008567208     -0.841659519843
   953     25.759628782697     -2.870258212016      0.993837548937      0.110846408710
   954     26.553066914154     -3.478909123089      0.793438131457     -0.608650911073
   955     27.486746798994     -3.120800378928      0.933679884840      0.358108744161
   956     26.951164170398     -2.276317550242     -0.535582628596      0.844482828686
   957     27.931284524843     -2.077913692409      0.980120354445      0.198403857833
   958     26.984019875940     -2.398366005458     -0.947264648903     -0.320452313048
   959     26.011786489642     -2.632379343895     -0.972233386298     -0.234013338438
   960     25.311087644666     -3.345836510550     -0.700698844975     -0.713457166654
   961     24.613470495567     -4.062307244972     -0.697617149099     -0.716470734422
   962     24.386582422482     -5.036228084821     -0.226888073085     -0.973920839849
   963     25.370832190862     -4.859444619967      0.984249768379      0.176783464853
   964     25.273787027453     -3.864164641138     -0.097045163409      0.995279978830
   965     25.303568787555     -4.863721066141      0.029781760103     -0.999556425003
   966     25.962342669361     -5.616062061070      0.658773881806     -0.752340994929
   967     25.155099693447     -6.206281323580     -0.807242975914     -0.590219262510
   968     25.919013220673     -5.560962702338      0.763913527225      0.645318621242
   969     26.315248408710     -6.479111751110      0.396235188038     -0.918149048772
   970     27.251461837605     -6.830543701219      0.936213428895     -0.351431950109
   971     27.493895785159     -5.860375787364      0.242433947554      0.970167913855
   972     28.477212401040     -6.042278049395      0.983316615881     -0.181902262031
   973     27.499558183539     -5.832058566465     -0.977654217500      0.210219482930
   974     26.942190431209     -6.662324300229     -0.557367752330     -0.830265733764
   975     27.938455256632     -6.575973865221      0.996264825422      0.086350435008
   976     27.114996265218     -6.008598073122     -0.823458991414      0.567375792099
   977     27.760568995310     -6.772296868565      0.645572730092     -0.763698795443
   978     26.834604878153     -6.394685356905     -0.925964117157      0.377611511660
   979     26.070809579251     -7.040143908150     -0.763795298902     -0.645458551245
   980     27.069799986426     -6.995219901512      0.998990407175      0.044924006638
   981     27.706883368518     -6.224425010336      0.637083382091      0.770794891176
   982     28.237227798517     -5.376642735475      0.530344430000      0.847782274861
   983     29.206690680704     -5.621880823998      0.969462882187     -0.245238088523
   984     30.166038002167     -5.339652694991      0.959347321462      0.282228129007
   985     29.709237580849     -6.229221902576     -0.456800421318     -0.889569207585
   986     30.626963522775     -5.832007734255      0.917725941927      0.397214168321
   987     29.904284997712     -6.523192043548     -0.722678525063     -0.691184309293
   988     30.512491429199     -7.316970940154      0.608206431487     -0.793778896606
   989     29.553517149993     -7.600464029702     -0.958974279206     -0.283493089548
   990     28.603761374404     -7.913455989239     -0.949755775589     -0.312991959537
   991     27.738227824794     -7.412605038855     -0.865533549610      0.500850950383
   992     27.510072404019     -8.386229763259     -0.228155420775     -0.973624724404
   993     27.863072443778     -9.321853069901      0.353000039759     -0.935623306641
   994     27.369780017387    -10.191716612110     -0.493292426390     -0.869863542210
   995     26.887019383468    -11.067468957433     -0.482760633919     -0.875752345323
   996     27.559807961031    -11.807303756494      0.672788577563     -0.739834799060
   997     26.563408487282    -11.722521159741     -0.996399473749      0.084782596752
   998     25.606530388863    -11.432031392680     -0.956878098418      0.290489767061
   999     25.859686120588    -12.399456932707      0.253155731724     -0.967425540026
  1000     25.584214596659    -13.360766164694     -0.275471523929     -0.961309231987
