# File chua thong tin toa do tai lan chay thu 30
##########################################################################################
#  Step                   x                   y            delta_x            delta_y
     1      0.000000000000      0.000000000000      0.000000000000      0.000000000000
     2      0.277312631364      0.960779737758      0.277312631364      0.960779737758
     3     -0.553705278814      1.517025396585     -0.831017910178      0.556245658827
     4     -0.954314942083      0.600776577925     -0.400609663269     -0.916248818660
     5     -0.464058507829      1.472354818058      0.490256434254      0.871578240132
     6      0.380618720858      2.007630802329      0.844677228687      0.535275984271
     7     -0.619023165019      2.034390847175     -0.999641885877      0.026760044846
     8     -0.703085681994      1.037930364647     -0.084062516975     -0.996460482528
     9     -1.236093223400      1.884040854361     -0.533007541406      0.846110489714
    10     -1.497182866383      2.849355413625     -0.261089642983      0.965314559264
    11     -1.349093510374      3.838329398438      0.148089356009      0.988973984813
    12     -2.253194089250      4.265649118643     -0.904100578876      0.427319720205
    13     -3.093301020619      3.723228300581     -0.840106931368     -0.542420818062
    14     -4.072501517304      3.926123316022     -0.979200496685      0.202895015441
    15     -4.233804319137      2.939218352958     -0.161302801832     -0.986904963064
    16     -4.372687128944      3.929527176073     -0.138882809807      0.990308823115
    17     -3.559364656405      3.347714013913      0.813322472539     -0.581813162160
    18     -3.963410587141      2.432975315784     -0.404045930737     -0.914738698129
    19     -3.296021403616      3.177684438672      0.667389183526      0.744709122888
    20     -3.812372619735      4.034061354295     -0.516351216119      0.856376915623
    21     -3.860598714148      3.035224909316     -0.048226094413     -0.998836444979
    22     -3.229420335259      2.259587201347      0.631178378889     -0.775637707969
    23     -3.777758356236      1.423330413781     -0.548338020977     -0.836256787566
    24     -4.295090332471      0.567545612347     -0.517331976235     -0.855784801434
    25     -5.109292320186      1.148127323393     -0.814201987715      0.580581711045
    26     -6.100387980649      1.014975561060     -0.991095660463     -0.133151762332
    27     -6.676015127323      1.832687850323     -0.575627146674      0.817712289263
    28     -6.233848061854      0.935755140353      0.442167065468     -0.896932709970
    29     -5.788665473596      0.040315324893      0.445182588258     -0.895439815460
    30     -4.953604385144     -0.509841905863      0.835061088452     -0.550157230756
    31     -3.955789606286     -0.575915100837      0.997814778857     -0.066073194974
    32     -4.709783510800      0.080966313086     -0.753993904513      0.656881413923
    33     -5.152853920406     -0.815520503399     -0.443070409606     -0.896486816485
    34     -5.058600941025     -1.811068782429      0.094252979380     -0.995548279029
    35     -4.070619752384     -1.965642942272      0.987981188641     -0.154574159843
    36     -4.665627539236     -2.769362877066     -0.595007786852     -0.803719934794
    37     -3.665713003145     -2.782436534316      0.999914536091     -0.013073657249
    38     -2.896355819712     -3.421255385243      0.769357183433     -0.638818850927
    39     -3.724952632352     -2.861409583184     -0.828596812640      0.559845802059
    40     -2.928311258451     -3.465861832240      0.796641373901     -0.604452249056
    41     -2.727320767321     -2.486268639902      0.200990491129      0.979593192338
    42     -2.093898793753     -3.260075207075      0.633421973569     -0.773806567173
    43     -1.233057744164     -2.751201266553      0.860841049589      0.508873940522
    44     -1.892049871043     -3.503351103162     -0.658992126879     -0.752149836609
    45     -1.846191097064     -4.502299036164      0.045858773979     -0.998947933002
    46     -2.153360858202     -3.550644299486     -0.307169761138      0.951654736678
    47     -2.477514795442     -2.604639952259     -0.324153937239      0.946004347227
    48     -2.033360271492     -3.500590151129      0.444154523949     -0.895950198870
    49     -2.764715500273     -2.818593428751     -0.731355228781      0.681996722378
    50     -2.118451503948     -2.055479513890      0.646263996325      0.763113914860
    51     -3.117401330976     -2.101297011429     -0.998949827028     -0.045817497538
    52     -2.372333681253     -1.434308107971      0.745067649723      0.666988903458
    53     -1.415584669121     -1.725222748003      0.956749012132     -0.290914640032
    54     -2.367952442917     -2.030174585896     -0.952367773796     -0.304951837892
    55     -1.422563062080     -2.356117707622      0.945389380837     -0.325943121726
    56     -0.482636579058     -2.697494634952      0.939926483022     -0.341376927330
    57     -1.224079888224     -3.368510148404     -0.741443309166     -0.671015513452
    58     -0.447166957633     -3.998118199720      0.776912930590     -0.629608051316
    59     -1.210225419928     -4.644447669202     -0.763058462295     -0.646329469482
    60     -0.552212701505     -3.891440854894      0.658012718423      0.753006814307
    61     -0.494542842607     -2.893105146139      0.057669858897      0.998335708755
    62      0.241220513097     -2.215866425745      0.735763355705      0.677238720395
    63      1.125365503796     -2.683079049099      0.884144990699     -0.467212623355
    64      0.161625608494     -2.416235622719     -0.963739895302      0.266843426381
    65      0.732158530725     -3.237510354249      0.570532922232     -0.821274731530
    66     -0.256319031264     -3.388877819195     -0.988477561989     -0.151367464946
    67     -1.103200099156     -2.857095479468     -0.846881067892      0.531782339727
    68     -0.543818398181     -2.028185283720      0.559381700975      0.828910195748
    69      0.188559110708     -2.709084090059      0.732377508889     -0.680898806339
    70     -0.744500207942     -2.349361547144     -0.933059318650      0.359722542915
    71     -0.132889274698     -1.558202861204      0.611610933243      0.791158685939
    72     -0.867094447146     -2.237130519170     -0.734205172448     -0.678927657965
    73     -1.772993657988     -1.813637166452     -0.905899210842      0.423493352718
    74     -2.569907335145     -1.209543969040     -0.796913677157      0.604093197412
    75     -3.348211394053     -1.837431532133     -0.778304058908     -0.627887563093
    76     -3.124812934648     -0.862704324995      0.223398459405      0.974727207138
    77     -2.509688733153     -1.651134548119      0.615124201495     -0.788430223124
    78     -2.161066992773     -0.713871040809      0.348621740380      0.937263507310
    79     -1.161075088548     -0.717894905162      0.999991904225     -0.004023864353
    80     -1.970133331464     -0.130166430806     -0.809058242917      0.587728474356
    81     -0.970642551089     -0.162075362865      0.999490780375     -0.031908932059
    82     -1.264990898628     -1.117773563293     -0.294348347539     -0.955698200428
    83     -1.272766549540     -2.117743332463     -0.007775650912     -0.999969769169
    84     -1.493308100562     -1.142365752101     -0.220541551023      0.975377580362
    85     -2.379990922186     -0.679987580214     -0.886682821624      0.462378171886
    86     -1.818621451841     -1.507552875381      0.561369470346     -0.827565295166
    87     -0.845744988820     -1.276227589905      0.972876463021      0.231325285476
    88      0.093467159150     -0.932890232331      0.939212147970      0.343337357574
    89      0.200743801479      0.061338977666      0.107276642329      0.994229209997
    90     -0.739959129782     -0.277892499526     -0.940702931261     -0.339231477192
    91      0.141982923304      0.193465342245      0.881942053086      0.471357841771
    92      0.293329098163     -0.795015479702      0.151346174859     -0.988480821946
    93     -0.321706483904     -0.006516124730     -0.615035582067      0.788499354972
    94     -1.165039885110     -0.543906834001     -0.843333401206     -0.537390709271
    95     -0.501864588764     -1.292370945576      0.663175296346     -0.748464111576
    96     -0.081914545329     -2.199918168049      0.419950043435     -0.907547222473
    97      0.902387263076     -2.376411652265      0.984301808405     -0.176493484216
    98      0.509509448566     -3.296002334507     -0.392877814510     -0.919590682242
    99      1.507031614303     -3.225649446413      0.997522165737      0.070352888094
   100      1.813956937343     -4.177383046784      0.306925323040     -0.951733600372
   101      1.029068955596     -4.797020728103     -0.784887981747     -0.619637681318
   102      0.064906174517     -4.531709342024     -0.964162781079      0.265311386078
   103      0.408328313490     -5.470890493061      0.343422138973     -0.939181151037
   104     -0.385477175449     -4.862718769179     -0.793805488939      0.608171723882
   105      0.502857014270     -4.403521243733      0.888334189720      0.459197525446
   106      0.749902358998     -3.434517323386      0.247045344728      0.969003920347
   107      1.432727721911     -2.703935689506      0.682825362913      0.730581633880
   108      0.788135849189     -1.939408830841     -0.644591872722      0.764526858665
   109      1.618301451815     -2.496925711497      0.830165602626     -0.557516880656
   110      1.279220116403     -1.556168650415     -0.339081335412      0.940757061082
   111      1.491682078545     -2.533337988167      0.212461962143     -0.977169337752
   112      0.517686590257     -2.759905392697     -0.973995488288     -0.226567404530
   113      0.031531553657     -1.886032815951     -0.486155036600      0.873872576746
   114      0.736528787611     -2.595242869544      0.704997233954     -0.709210053593
   115      1.697686280628     -2.871243365226      0.961157493017     -0.276000495682
   116      0.829434367654     -3.367366954281     -0.868251912974     -0.496123589055
   117      1.329780173126     -4.233192615108      0.500345805472     -0.865825660827
   118      0.899617359114     -3.330441290854     -0.430162814012      0.902751324253
   119      0.064243214996     -3.880123052730     -0.835374144118     -0.549681761876
   120      0.542697146272     -4.758235708172      0.478453931276     -0.878112655442
   121      1.003167019606     -3.870560375772      0.460469873334      0.887675332400
   122      0.004595739994     -3.923996314385     -0.998571279611     -0.053435938613
   123      0.764437955561     -3.273888779094      0.759842215567      0.650107535291
   124      0.291062765492     -4.154749681522     -0.473375190069     -0.880860902428
   125     -0.313110003853     -3.357896329403     -0.604172769345      0.796853352119
   126     -1.094860326871     -3.981487888407     -0.781750323018     -0.623591559004
   127     -0.632358991203     -4.868106472977      0.462501335668     -0.886618584570
   128     -1.608250461732     -5.086362830844     -0.975891470529     -0.218256357866
   129     -2.477100709452     -4.591287839518     -0.868850247721      0.495074991325
   130     -1.496321083555     -4.786406586502      0.980779625897     -0.195118746984
   131     -2.095179730794     -5.587261330277     -0.598858647239     -0.800854743775
   132     -2.125759408465     -4.587728997977     -0.030579677671      0.999532332300
   133     -1.364135987797     -3.939709117811      0.761623420668      0.648019880166
   134     -1.662467349470     -4.894171478851     -0.298331361673     -0.954462361040
   135     -2.442422731376     -4.268336355009     -0.779955381906      0.625835123843
   136     -2.773461019524     -5.211953677752     -0.331038288148     -0.943617322743
   137     -1.777414910523     -5.123115911321      0.996046109001      0.088837766431
   138     -1.206435008317     -5.944079949069      0.570979902206     -0.820964037749
   139     -1.201240795867     -4.944093439082      0.005194212449      0.999986509988
   140     -0.486782289875     -4.244415625217      0.714458505993      0.699677813865
   141     -1.427845296472     -3.906184317362     -0.941063006598      0.338231307855
   142     -0.454475866030     -4.135426442374      0.973369430442     -0.229242125012
   143     -1.376878270260     -4.521656690633     -0.922402404230     -0.386230248259
   144     -2.019367011179     -3.755361566159     -0.642488740918      0.766295124474
   145     -1.031141646774     -3.908366890077      0.988225364405     -0.153005323918
   146     -0.590226136617     -4.805915503191      0.440915510157     -0.897548613114
   147     -0.248210886301     -3.866221101509      0.342015250315      0.939694401682
   148     -1.241712400748     -3.980039996216     -0.993501514447     -0.113818894707
   149     -0.959667098401     -4.939441084095      0.282045302347     -0.959401087879
   150     -1.919052457538     -5.221539883584     -0.959385359137     -0.282098799489
   151     -1.651248615232     -4.258066426739      0.267803842305      0.963473456846
   152     -2.239376847047     -3.449298732687     -0.588128231815      0.808767694052
   153     -1.365461624042     -2.963220361434      0.873915223005      0.486078371253
   154     -0.413251332448     -2.657777141536      0.952210291594      0.305443219898
   155     -0.607710712973     -1.676866570013     -0.194459380525      0.980910571523
   156      0.391515893167     -1.716188187247      0.999226606140     -0.039321617235
   157      1.239558437414     -2.246116336288      0.848042544247     -0.529928149041
   158      1.082030802498     -1.258601757035     -0.157527634917      0.987514579253
   159      1.056962581315     -0.258916014271     -0.025068221182      0.999685742765
   160      1.327994259852     -1.221486442463      0.271031678536     -0.962570428192
   161      1.110308793832     -2.197505416604     -0.217685466020     -0.976018974141
   162      0.414877701798     -1.478912627722     -0.695431092033      0.718592788882
   163      0.985755273528     -2.299947826782      0.570877571730     -0.821035199060
   164      1.758253603933     -2.934964621459      0.772498330405     -0.635016794677
   165      2.708028658591     -2.622031169189      0.949775054658      0.312933452270
   166      1.992415866305     -1.923533974122     -0.715612792286      0.698497195067
   167      2.992017314805     -1.951764173509      0.999601448500     -0.028230199386
   168      2.287289647389     -1.242286256461     -0.704727667416      0.709477917048
   169      2.503179360979     -2.218704011096      0.215889713591     -0.976417754635
   170      3.110368959736     -1.424147033176      0.607189598757      0.794556977920
   171      3.258792249161     -0.435223109329      0.148423289424      0.988923923847
   172      3.853930366906      0.368400322887      0.595138117746      0.803623432216
   173      2.883970202634      0.125136516034     -0.969960164272     -0.243263806853
   174      2.160657170012      0.815656795852     -0.723313032622      0.690520279818
   175      1.916087076223     -0.153974819363     -0.244570093789     -0.969631615215
   176      0.975833476503     -0.494449735054     -0.940253599719     -0.340474915691
   177      1.239696748042     -1.459009828533      0.263863271539     -0.964560093479
   178      0.649051710152     -0.652078332547     -0.590645037890      0.806931495987
   179      1.421459594512     -0.016951526170      0.772407884360      0.635126806377
   180      2.229137150878      0.572672900854      0.807677556366      0.589624427024
   181      3.171429377404      0.907464417814      0.942292226526      0.334791516960
   182      2.708657625898      1.793941888485     -0.462771751506      0.886477470672
   183      1.730157949858      1.587693533369     -0.978499676041     -0.206248355116
   184      1.353818304817      2.514175304140     -0.376339645041      0.926481770771
   185      2.247254685008      2.064985550750      0.893436380192     -0.449189753389
   186      3.028928442447      2.688673082237      0.781673757439      0.623687531486
   187      3.031546109557      3.688669656140      0.002617667110      0.999996573904
   188      2.123196186978      4.106880629395     -0.908349922579      0.418210973255
   189      1.235851279843      4.567986924929     -0.887344907135      0.461106295534
   190      0.371919736928      5.071596187312     -0.863931542914      0.503609262383
   191     -0.308769902602      4.339024269589     -0.680689639531     -0.732571917723
   192      0.657025270957      4.079718113224      0.965795173560     -0.259306156366
   193      1.132240334295      3.199848439023      0.475215063337     -0.879869674200
   194      1.590933903878      2.311253925635      0.458693569583     -0.888594513388
   195      0.696575735663      1.863902311189     -0.894358168215     -0.447351614446
   196      1.353767707912      2.617625543955      0.657191972249      0.753723232766
   197      0.631302536596      3.309032859678     -0.722465171316      0.691407315723
   198      0.363735380097      2.345493645758     -0.267567156499     -0.963539213921
   199     -0.566304050274      1.978033909247     -0.930039430370     -0.367459736511
   200     -0.853501907599      2.935905190134     -0.287197857326      0.957871280887
   201     -1.841406972727      2.780845258831     -0.987905065127     -0.155059931303
   202     -1.500719436891      1.840668678115      0.340687535835     -0.940176580716
   203     -0.726108111713      2.473106259940      0.774611325179      0.632437581825
   204      0.272901129761      2.428603052752      0.999009241474     -0.044503207188
   205      0.975405585212      1.716923707771      0.702504455451     -0.711679344980
   206      1.289608386246      2.666279594582      0.314202801034      0.949355886811
   207      2.083531656243      2.058261633206      0.793923269998     -0.608017961377
   208      2.678443890530      1.254470967985      0.594912234287     -0.803790665221
   209      3.363948325937      1.982539418776      0.685504435407      0.728068450791
   210      2.604608224148      1.331845473964     -0.759340101789     -0.650693944812
   211      1.904568145114      0.617741918626     -0.700040079034     -0.714103555338
   212      2.268146861349      1.549305398535      0.363578716235      0.931563479909
   213      1.438042597961      2.106913604988     -0.830104263389      0.557608206453
   214      1.201436993743      3.078519383096     -0.236605604218      0.971605778108
   215      0.229364518507      3.313200236361     -0.972072475236      0.234680853265
   216      0.291550304168      4.311264827488      0.062185785661      0.998064591127
   217      0.342719904217      5.309954805425      0.051169600049      0.998689977937
   218     -0.654830082098      5.239997498426     -0.997549986315     -0.069957306999
   219     -0.406045143859      6.208556249616      0.248784938238      0.968558751189
   220      0.360340571915      5.566175572247      0.766385715775     -0.642380677369
   221      1.213070222552      5.043823063949      0.852729650637     -0.522352508298
   222      1.172381797845      4.044651180790     -0.040688424707     -0.999171883159
   223      0.399436659622      3.410178318253     -0.772945138223     -0.634472862538
   224      1.193571465276      2.802436670471      0.794134805654     -0.607741647782
   225      1.585134781650      1.882285503939      0.391563316374     -0.920151166532
   226      0.648431661822      1.532160861412     -0.936703119828     -0.350124642527
   227     -0.096983147715      2.198761762794     -0.745414809537      0.666600901382
   228     -0.580376820189      3.074164845614     -0.483393672474      0.875403082821
   229      0.277945778770      3.587275278286      0.858322598959      0.513110432671
   230      1.164199769705      4.050474871929      0.886253990935      0.463199593643
   231      2.162963227828      4.100189605350      0.998763458123      0.049714733421
   232      2.605254937955      4.997060857623      0.442291710127      0.896871252273
   233      2.586470574533      5.996884415902     -0.018784363421      0.999823558280
   234      3.330506092819      6.665024481703      0.744035518286      0.668140065801
   235      4.242374704520      6.254542283557      0.911868611700     -0.410482198147
   236      4.896995452074      5.498584826505      0.654620747554     -0.755957457051
   237      3.927935808349      5.745411500316     -0.969059643725      0.246826673811
   238      3.019951332602      6.164415309132     -0.907984475747      0.419003808817
   239      3.562547049086      5.324421327932      0.542595716483     -0.839993981201
   240      3.227184150478      6.266510350390     -0.335362898608      0.942089022459
   241      2.260970761256      6.008766899478     -0.966213389222     -0.257743450912
   242      1.540335167613      5.315452871656     -0.720635593642     -0.693314027823
   243      2.374418989552      4.763815148163      0.834083821939     -0.551637723492
   244      3.033455759527      4.011704427710      0.659036769974     -0.752110720454
   245      2.322249993092      3.308720531884     -0.711205766434     -0.702983895826
   246      3.110028121613      3.924679637851      0.787778128521      0.615959105967
   247      2.681533516894      4.828223977508     -0.428494604720      0.903544339657
   248      2.335850958637      5.766575494221     -0.345682558256      0.938351516713
   249      1.493455528151      5.227715643521     -0.842395430486     -0.538859850699
   250      2.493424961698      5.235534337267      0.999969433547      0.007818693746
   251      3.436928860133      4.904172912780      0.943503898435     -0.331361424487
   252      3.139270985832      3.949500304047     -0.297657874301     -0.954672608734
   253      2.232229788904      4.370542186851     -0.907041196928      0.421041882804
   254      3.224225362989      4.244269541372      0.991995574085     -0.126272645479
   255      2.803109336630      5.151276317722     -0.421116026359      0.907006776349
   256      3.329830546655      4.301238220393      0.526721210025     -0.850038097328
   257      3.644528333626      3.352046299402      0.314697786971     -0.949191920991
   258      4.451341020900      3.942853617953      0.806812687274      0.590807318551
   259      4.013331618246      4.841824008559     -0.438009402654      0.898970390606
   260      3.015341647970      4.905196078348     -0.997989970276      0.063372069789
   261      3.913041536109      5.345803512280      0.897699888139      0.440607433932
   262      4.732653271942      4.772884144057      0.819611735833     -0.572919368222
   263      4.675114637582      3.774540863639     -0.057538634360     -0.998343280418
   264      3.820188706847      3.255790776453     -0.854925930736     -0.518750087186
   265      4.271461951322      4.148176600422      0.451273244475      0.892385823969
   266      4.904658651606      3.374185683970      0.633196700284     -0.773990916451
   267      5.635887365844      4.056318051971      0.731228714238      0.682132368001
   268      6.055075707333      4.964217349448      0.419188341490      0.907899297477
   269      6.757544482258      4.252502785697      0.702468774925     -0.711714563751
   270      5.784849615509      4.484590476449     -0.972694866750      0.232087690752
   271      6.760706588672      4.266179927419      0.975856973164     -0.218410549030
   272      7.661633306297      3.832208673222      0.900926717625     -0.433971254197
   273      8.278163327580      4.619540072860      0.616530021283      0.787331399639
   274      9.256567365724      4.826241640693      0.978404038144      0.206701567832
   275      8.857827834792      5.743305862256     -0.398739530931      0.917064221564
   276      8.016919067966      5.202128954144     -0.840908766826     -0.541176908113
   277      8.687586886357      4.460371124812      0.670667818391     -0.741757829332
   278      8.454862871416      5.432913942826     -0.232724014940      0.972542818014
   279      9.362384038320      5.012907595704      0.907521166903     -0.420006347122
   280      9.051950649350      4.062312460532     -0.310433388970     -0.950595135172
   281      9.971096422153      4.456230025942      0.919145772803      0.393917565410
   282     10.476904002826      3.593583695553      0.505807580674     -0.862646330389
   283     10.115734243865      2.661083612330     -0.361169758961     -0.932500083224
   284     11.038864767579      2.276596894499      0.923130523714     -0.384486717831
   285     11.962038358731      2.660980193564      0.923173591152      0.384383299065
   286     11.688477496693      3.622834888807     -0.273560862038      0.961854695243
   287     10.993123089651      2.904167894569     -0.695354407042     -0.718666994238
   288     10.240974862667      2.245173930525     -0.752148226983     -0.658993964044
   289      9.833699298115      1.331868606705     -0.407275564553     -0.913305323820
   290      9.117985682974      0.633474719918     -0.715713615141     -0.698393886787
   291      8.303926227083      0.052693175553     -0.814059455891     -0.580781544365
   292      7.690438167694      0.842397171356     -0.613488059388      0.789703995803
   293      7.338088098103      1.778265446521     -0.352350069591      0.935868275164
   294      8.295991157095      1.491173597849      0.957903058992     -0.287091848672
   295      9.205791180461      1.906220483733      0.909800023367      0.415046885884
   296     10.142653346238      1.556521638530      0.936862165777     -0.349698845202
   297     10.940694261444      2.159124905745      0.798040915206      0.602603267215
   298     11.821358348852      1.685383662925      0.880664087409     -0.473741242820
   299     12.821350969713      1.689225306499      0.999992620860      0.003841643574
   300     11.970398869129      2.214468604898     -0.850952100583      0.525243298399
   301     10.972664357163      2.147194214296     -0.997734511967     -0.067274390602
   302     10.619211415263      3.082646520864     -0.353452941900      0.935452306567
   303     10.626281872868      2.082671516861      0.007070457605     -0.999975004002
   304      9.662713372632      1.815209846049     -0.963568500236     -0.267461670812
   305     10.654684232865      1.941676491652      0.991970860232      0.126466645603
   306      9.923769408972      2.624145187062     -0.730914823892      0.682468695410
   307     10.073393183315      1.635402183976      0.149623774343     -0.988743003086
   308      9.378167153752      0.916610998848     -0.695226029563     -0.718791185128
   309      9.934658098170      0.085757324137      0.556490944418     -0.830853674711
   310      9.405361865758     -0.762679767435     -0.529296232411     -0.848437091572
   311      9.792176996581      0.159477515553      0.386815130822      0.922157282988
   312     10.786034347094      0.048808789927      0.993857350513     -0.110668725626
   313     11.361936845207      0.866327176672      0.575902498114      0.817518386745
   314     10.717118208996      1.630662787772     -0.644818636211      0.764335611100
   315      9.760817258023      1.338278637779     -0.956300950974     -0.292384149993
   316      9.745369513935      2.338159314261     -0.015447744087      0.999880676482
   317      9.644539422124      3.333062974213     -0.100830091812      0.994903659952
   318      8.990654388344      2.576469052351     -0.653885033780     -0.756593921862
   319      8.620536194717      3.505453725393     -0.370118193626      0.928984673042
   320      9.366478617120      2.839443288192      0.745942422403     -0.666010437200
   321      8.410186935563      2.547028822434     -0.956291681557     -0.292414465758
   322      9.106152866563      1.828954019307      0.695965931000     -0.718074803128
   323      9.914554585146      2.417585195334      0.808401718583      0.588631176028
   324     10.758818263773      2.953513213778      0.844263678626      0.535928018443
   325      9.767110975304      2.824996078739     -0.991707288468     -0.128517135039
   326     10.706902050161      3.166745600493      0.939791074857      0.341749521754
   327     11.701177211826      3.059895692231      0.994275161665     -0.106849908262
   328     10.802847606017      3.499217805635     -0.898329605810      0.439322113404
   329      9.804863937646      3.562689040575     -0.997983668371      0.063471234940
   330     10.782556525801      3.772729996261      0.977692588156      0.210040955686
   331     10.377048722581      4.686821578941     -0.405507803220      0.914091582680
   332      9.559052091983      4.111598567988     -0.817996630598     -0.575223010953
   333      9.816696815290      3.145358847964      0.257644723307     -0.966239720024
   334     10.544634727282      2.459715794850      0.727937911993     -0.685643053114
   335      9.978487040738      1.635411969176     -0.566147686544     -0.824303825674
   336     10.893225779098      2.039457808832      0.914738738360      0.404045839656
   337     10.328734176204      2.864896619563     -0.564491602894      0.825438810732
   338     11.061100742138      3.545807196000      0.732366565933      0.680910576436
   339     12.028259487592      3.291634103225      0.967158745455     -0.254173092775
   340     11.715371061457      4.241423991985     -0.312888426135      0.949789888760
   341     11.321747207402      5.160695584888     -0.393623854055      0.919271592903
   342     12.050138888099      5.845856558304      0.728391680697      0.685160973415
   343     12.694780328144      5.081371493848      0.644641440046     -0.764485064456
   344     12.730985604803      4.082027119800      0.036205276659     -0.999344374048
   345     13.652263626893      3.693122496513      0.921278022090     -0.388904623287
   346     13.273753543997      2.767525328655     -0.378510082896     -0.925597167857
   347     13.384965767456      3.761322008743      0.111212223459      0.993796680088
   348     14.353033044408      3.510631467846      0.968067276952     -0.250690540897
   349     13.374771739568      3.303255433906     -0.978261304840     -0.207376033940
   350     13.535535657180      4.290248322834      0.160763917612      0.986992888928
   351     14.232209035529      5.007636783781      0.696673378348      0.717388460948
   352     13.419399168717      5.590165856372     -0.812809866812      0.582529072591
   353     14.413868792078      5.485141248718      0.994469623361     -0.105024607654
   354     13.516268173601      5.925950878502     -0.897600618477      0.440809629783
   355     13.831467723530      4.976925460652      0.315199549929     -0.949025417850
   356     14.312008523904      5.853897831469      0.480540800374      0.876972370817
   357     15.291111060592      6.057265042818      0.979102536688      0.203367211349
   358     15.961043428669      5.314842910737      0.669932368077     -0.742422132080
   359     15.373505426408      6.124039485062     -0.587538002260      0.809196574325
   360     15.145854662124      5.150296639378     -0.227650764284     -0.973742845684
   361     15.556176805662      4.238355995190      0.410322143538     -0.911940644188
   362     14.721454307110      4.789026813747     -0.834722498553      0.550670818557
   363     15.311662718773      3.981775904301      0.590208411663     -0.807250909447
   364     16.168841082562      3.466756241908      0.857178363790     -0.515019662392
   365     15.518882920822      2.706786250404     -0.649958161740     -0.759969991504
   366     16.422583644961      3.134950939737      0.903700724139      0.428164689333
   367     17.081214315728      3.887417310762      0.658630670768      0.752466371025
   368     16.415082070418      3.141583661912     -0.666132245311     -0.745833648850
   369     16.979046793376      2.315784781276      0.563964722958     -0.825798880636
   370     16.160346059737      2.890005216945     -0.818700733639      0.574220435668
   371     16.990078803239      3.448166102677      0.829732743502      0.558160885732
   372     17.584751573571      2.644198257408      0.594672770332     -0.803967845268
   373     18.451869592175      3.142300999633      0.867118018604      0.498102742225
   374     19.445101195041      3.026150308425      0.993231602866     -0.116150691208
   375     18.510545048974      3.381966004888     -0.934556146067      0.355815696463
   376     19.256424929553      4.048046483320      0.745879880578      0.666080478432
   377     20.049527349112      4.657134779128      0.793102419559      0.609088295808
   378     19.160835248725      5.115639250983     -0.888692100386      0.458504471855
   379     20.028413123866      5.612940598826      0.867577875141      0.497301347843
   380     19.036462654420      5.739567081698     -0.991950469447      0.126626482872
   381     20.019002935761      5.925617062998      0.982540281341      0.186049981300
   382     19.064960795584      6.225289542160     -0.954042140177      0.299672479162
   383     19.860626595977      6.831025403806      0.795665800393      0.605735861647
   384     20.575222356770      6.131487771755      0.714595760793     -0.699537632051
   385     20.338783097727      5.159841500325     -0.236439259044     -0.971646271430
   386     20.977944997349      4.390769289105      0.639161899622     -0.769072211221
   387     20.313478731657      5.138087549124     -0.664466265691      0.747318260019
   388     20.713204343877      4.221452706378      0.399725612220     -0.916634842746
   389     21.572626022999      3.710185283735      0.859421679122     -0.511267422643
   390     20.813031992551      4.360582784428     -0.759594030448      0.650397500693
   391     21.667319749466      3.840782410838      0.854287756916     -0.519800373590
   392     21.083810479785      4.652888889199     -0.583509269682      0.812106478361
   393     21.976205511341      4.201633853047      0.892395031557     -0.451255036152
   394     21.397423824480      3.386151321687     -0.578781686862     -0.815482531360
   395     22.382497222206      3.558286155737      0.985073397726      0.172134834050
   396     23.103621335250      2.865480256811      0.721124113044     -0.692805898926
   397     22.375501597613      2.180030296811     -0.728119737637     -0.685449960000
   398     21.962810019541      1.269159470959     -0.412691578072     -0.910870825852
   399     22.152004355308      2.251099134744      0.189194335767      0.981939663785
   400     21.623492701385      1.402173088690     -0.528511653923     -0.848926046053
   401     20.964923801988      0.649652653920     -0.658568899397     -0.752520434771
   402     21.045637049106     -0.347084709552      0.080713247118     -0.996737363471
   403     20.074799479616     -0.107346490515     -0.970837569490      0.239738219037
   404     20.988411721170     -0.513933101317      0.913612241553     -0.406586610803
   405     21.847066463904     -0.001378681982      0.858654742734      0.512554419335
   406     22.847050242351      0.004317179973      0.999983778447      0.005695861956
   407     23.377968852676     -0.843105636105      0.530918610325     -0.847422816078
   408     22.829042233353     -0.007235091943     -0.548926619323      0.835870544162
   409     22.794194620482      0.992157545551     -0.034847612871      0.999392637494
   410     22.239032053413      0.160415684079     -0.555162567069     -0.831741861472
   411     21.506676016084      0.841337584585     -0.732356037328      0.680921900506
   412     20.733007337224      1.474927969101     -0.773668678860      0.633590384516
   413     20.889529015367      0.487253445651      0.156521678143     -0.987674523450
   414     21.638997631813     -0.174786426987      0.749468616446     -0.662039872638
   415     20.725637631478     -0.581939358682     -0.913360000335     -0.407152931695
   416     21.617677547943     -0.129982737498      0.892039916466      0.451956621184
   417     22.265109521213     -0.892105982117      0.647431973270     -0.762123244619
   418     22.660175511419      0.026546761515      0.395065990206      0.918652743632
   419     23.079277862609      0.934485756838      0.419102351190      0.907938995322
   420     23.903798818516      1.500317174549      0.824520955908      0.565831417711
   421     24.698028099137      0.892698996904      0.794229280621     -0.607618177645
   422     23.701852260086      0.805327962279     -0.996175839051     -0.087371034625
   423     24.667907295255      1.063664310914      0.966055035168      0.258336348635
   424     23.784860041527      0.594380230974     -0.883047253727     -0.469284079940
   425     23.270713892308     -0.263322361562     -0.514146149220     -0.857702592536
   426     24.270658193627     -0.252768013680      0.999944301319      0.010554347882
   427     24.700360287797      0.650202700278      0.429702094170      0.902970713958
   428     24.374620139643     -0.295256635643     -0.325740148154     -0.945459335921
   429     24.149452887527      0.679063490689     -0.225167252116      0.974320126331
   430     23.365888736884      1.300374380523     -0.783564150643      0.621310889835
   431     23.647614535691      0.340879422597      0.281725798806     -0.959494957927
   432     22.821612392041     -0.222787552386     -0.826002143649     -0.563666974983
   433     22.175360525117     -0.985911739198     -0.646251866925     -0.763124186811
   434     22.723538798766     -0.149550226275      0.548178273649      0.836361512923
   435     21.723671565524     -0.165844884607     -0.999867233241     -0.016294658332
   436     22.692171643331     -0.414858135839      0.968500077806     -0.249013251232
   437     23.552690054302      0.094561204567      0.860518410971      0.509419340406
   438     24.089847961476      0.938042907249      0.537157907175      0.843481702682
   439     25.086054645509      1.025061541397      0.996206684033      0.087018634148
   440     25.802643428230      0.327565651460      0.716588782721     -0.697495889937
   441     24.802784018949      0.310797775241     -0.999859409281     -0.016767876219
   442     24.548805947235      1.278007751972     -0.253978071714      0.967209976731
   443     23.550468236946      1.220372552522     -0.998337710289     -0.057635199451
   444     24.335595902180      0.601038596336      0.785127665234     -0.619333956185
   445     25.203521173617      1.097733395182      0.867925271437      0.496694798846
   446     25.572137219367      2.027315134899      0.368616045750      0.929581739717
   447     25.568622762671      3.027308959177     -0.003514456696      0.999993824278
   448     26.567035081561      2.970980977782      0.998412318890     -0.056327981396
   449     26.119024271801      3.865009117349     -0.448010809760      0.894028139567
   450     26.552717486653      2.963948522610      0.433693214852     -0.901060594739
   451     26.521568682401      1.964433764343     -0.031148804252     -0.999514758267
   452     26.052434364941      1.081306937561     -0.469134317460     -0.883126826782
   453     26.114580963259      2.079373969537      0.062146598317      0.998067031976
   454     26.776514530322      2.828936477134      0.661933567063      0.749562507597
   455     27.349884691831      2.009640036344      0.573370161509     -0.819296440790
   456     26.794758078605      1.177874177891     -0.555126613226     -0.831765858453
   457     25.840370892943      1.476445944549     -0.954387185661      0.298571766658
   458     24.847813673303      1.354666776625     -0.992557219640     -0.121779167924
   459     25.846740959124      1.308360431029      0.998927285821     -0.046306345596
   460     24.914372319125      0.946851483497     -0.932368639999     -0.361508947532
   461     25.811733287299      1.388148767420      0.897360968174      0.441297283923
   462     26.648433596768      1.935809786787      0.836700309469      0.547661019368
   463     27.545327700852      1.493564418175      0.896894104084     -0.442245368612
   464     27.710568226055      0.507311119661      0.165240525203     -0.986253298514
   465     28.703119571616      0.629138154525      0.992551345562      0.121827034864
   466     29.509037857657      1.221164941271      0.805918286041      0.592026786746
   467     30.136384135715      0.442424517634      0.627346278058     -0.778740423637
   468     30.920266685292     -0.178484612972      0.783882549576     -0.620909130606
   469     31.107564525232      0.803818557721      0.187297839941      0.982303170693
   470     30.232990051022      1.288709771356     -0.874574474210      0.484891213635
   471     30.603526338036      0.359891780571      0.370536287013     -0.928817990785
   472     31.358945801293     -0.295349727983      0.755419463258     -0.655241508554
   473     30.864295053993      0.573742118829     -0.494650747300      0.869091846812
   474     30.775290604090      1.569773347204     -0.089004449903      0.996031228375
   475     30.960677127184      2.552439026393      0.185386523094      0.982665679189
   476     30.727522086278      3.524878601328     -0.233155040905      0.972439574935
   477     30.082048582223      2.761095938810     -0.645473504055     -0.763782662518
   478     29.189027508856      3.211110785812     -0.893021073367      0.450014847002
   479     29.861763436970      3.950993459635      0.672735928115      0.739882673823
   480     30.511133534701      3.190520924843      0.649370097731     -0.760472534792
   481     29.841935423381      2.447436886658     -0.669198111320     -0.743084038185
   482     29.364616935461      1.568706517836     -0.477318487920     -0.878730368822
   483     30.129806135549      2.212511991615      0.765189200088      0.643805473779
   484     29.297505009457      1.658188227462     -0.832301126092     -0.554323764154
   485     29.714900735243      0.749463402173      0.417395725786     -0.908724825288
   486     29.946085636993      1.722373234174      0.231184901749      0.972909832000
   487     30.632056199130      0.994743941277      0.685970562137     -0.727629292897
   488     31.095458191535      0.108595763242      0.463401992405     -0.886148178035
   489     30.814957189172      1.068449495679     -0.280501002363      0.959853732437
   490     31.503352853075      1.793784873225      0.688395663903      0.725335377545
   491     32.169033591690      2.540021534236      0.665680738615      0.746236661011
   492     31.184396831276      2.714636682608     -0.984636760414      0.174615148373
   493     31.886926504871      3.426291133672      0.702529673595      0.711654451064
   494     30.904301205242      3.611891566132     -0.982625299629      0.185600432460
   495     31.537831775767      4.385609225366      0.633530570525      0.773717659234
   496     32.261227074747      5.076043321724      0.723395298980      0.690434096358
   497     31.273010344562      4.922982241818     -0.988216730185     -0.153061079906
   498     30.304104226998      4.675553594836     -0.968906117564     -0.247428646983
   499     29.346058701518      4.962169664008     -0.958045525480      0.286616069172
   500     29.032237884074      4.012687439562     -0.313820817444     -0.949482224446
   501     28.788612231501      4.982556782004     -0.243625652573      0.969869342442
   502     29.647499265988      4.470391709015      0.858887034487     -0.512165072989
   503     30.458363597320      5.055625881099      0.810864331331      0.585234172084
   504     30.077096905681      4.131160787195     -0.381266691638     -0.924465093904
   505     30.761362044164      3.401927477302      0.684265138482     -0.729233309893
   506     31.273907096793      2.543267143395      0.512545052629     -0.858660333907
   507     31.907272767001      1.769414490882      0.633365670209     -0.773852652513
   508     32.904448746455      1.844514863717      0.997175979454      0.075100372835
   509     33.675341348646      1.207549718762      0.770892602191     -0.636965144955
   510     32.688603583930      1.369872186962     -0.986737764716      0.162322468200
   511     33.398887858374      2.073787131736      0.710284274445      0.703914944774
   512     33.815726167941      2.982767782618      0.416838309567      0.908980650882
   513     32.865091099338      3.293078862569     -0.950635068604      0.310311079952
   514     32.189173076643      2.556102047061     -0.675918022695     -0.736976815508
   515     32.660998530946      1.674410070988      0.471825454304     -0.881691976073
   516     33.289453349992      0.896563980545      0.628454819046     -0.777846090443
   517     32.638943536997      1.656061829915     -0.650509812995      0.759497849370
   518     33.576550097394      2.003759885562      0.937606560397      0.347698055647
   519     33.634691846707      3.002068223195      0.058141749313      0.998308337633
   520     33.430365209863      3.980970989294     -0.204326636844      0.978902766099
   521     34.385434128365      3.684587182531      0.955068918502     -0.296383806762
   522     34.974879807565      4.492395198877      0.589445679200      0.807808016346
   523     35.972087663165      4.417719280878      0.997207855600     -0.074675917999
   524     35.437000699141      5.262516262959     -0.535086964024      0.844796982080
   525     36.281859709188      4.727527241442      0.844859010047     -0.534989021516
   526     37.096112858252      5.308037197636      0.814253149063      0.580509956194
   527     36.097550457076      5.361638792382     -0.998562401175      0.053601594746
   528     36.270533583505      6.346563580359      0.172983126429      0.984924787977
   529     37.270505744645      6.354025278955      0.999972161140      0.007461698596
   530     36.275792334653      6.251335299005     -0.994713409992     -0.102689979949
   531     37.258833855927      6.067952182411      0.983041521274     -0.183383116594
   532     37.842932028021      6.879635202658      0.584098172094      0.811683020246
   533     36.934746581663      6.461067173510     -0.908185446358     -0.418568029147
   534     36.006930992999      6.088027988662     -0.927815588664     -0.373039184848
   535     36.204088822309      5.107656227369      0.197157829310     -0.980371761294
   536     37.135980267943      4.744918948400      0.931891445634     -0.362737278968
   537     36.918603728308      3.768831124474     -0.217376539635     -0.976087823926
   538     36.038875546700      3.293354178152     -0.879728181608     -0.475476946322
   539     36.810270181662      3.929711245490      0.771394634963      0.636357067338
   540     35.986231408666      3.363177839062     -0.824038772997     -0.566533406428
   541     35.243244498314      4.032483786328     -0.742986910352      0.669305947266
   542     35.607311140874      3.101110885834      0.364066642561     -0.931372900494
   543     36.184395952499      3.917795108892      0.577084811625      0.816684223058
   544     35.364420945801      3.345395782904     -0.819975006698     -0.572399325988
   545     36.146355244641      2.722034930510      0.781934298840     -0.623360852394
   546     35.163938072720      2.535335974127     -0.982417171921     -0.186698956383
   547     35.677100763156      1.677044617335      0.513162690436     -0.858291356792
   548     36.166396818151      2.549162367737      0.489296054994      0.872117750402
   549     35.409782882683      3.203024243561     -0.756613935468      0.653861875824
   550     34.414782020026      3.302890570772     -0.995000862658      0.099866327211
   551     33.751642597955      4.051386467151     -0.663139422071      0.748495896379
   552     33.074475077493      4.787215352987     -0.677167520462      0.735828885836
   553     32.744605706090      5.731241940436     -0.329869371403      0.944026587449
   554     32.125305574887      4.946087594151     -0.619300131204     -0.785154346286
   555     32.998103717533      4.458006246225      0.872798142646     -0.488081347926
   556     32.313809077117      3.728800620151     -0.684294640416     -0.729205626074
   557     31.710153247141      2.931555589476     -0.603655829976     -0.797245030675
   558     30.731749656118      3.138259273706     -0.978403591023      0.206703684229
   559     29.731844185471      3.152008810750     -0.999905470648      0.013749537045
   560     30.007859788145      2.190855655899      0.276015602674     -0.961153154851
   561     30.720203246608      1.489024624108      0.712343458463     -0.701831031791
   562     31.490247922196      0.851034657416      0.770044675588     -0.637989966691
   563     32.051375565762      0.023305373396      0.561127643566     -0.827729284021
   564     32.670935297776     -0.761644139928      0.619559732013     -0.784949513324
   565     33.656138829623     -0.590255689805      0.985203531847      0.171388450123
   566     32.827748716765     -1.150407295105     -0.828390112858     -0.560151605300
   567     33.476921502386     -1.911048271130      0.649172785621     -0.760640976026
   568     34.434876209252     -1.624128805785      0.957954706866      0.286919465345
   569     34.554011062197     -2.617006888338      0.119134852945     -0.992878082553
   570     35.230112801066     -1.880198610223      0.676101738869      0.736808278115
   571     34.466857562221     -1.234101527443     -0.763255238845      0.646097082779
   572     35.229336203966     -0.587088142046      0.762478641745      0.647013385397
   573     34.264250180237     -0.849021276267     -0.965086023729     -0.261933134221
   574     33.731406359616     -0.002807672721     -0.532843820621      0.846213603546
   575     32.732562555734     -0.050881110776     -0.998843803882     -0.048073438054
   576     31.998019493270     -0.729443185597     -0.734543062464     -0.678562074822
   577     32.939021540934     -0.391042319329      0.941002047664      0.338400866269
   578     33.851004789244     -0.801269762099      0.911983248310     -0.410227442770
   579     33.563321483240     -1.758995357166     -0.287683306005     -0.957725595067
   580     33.087221355674     -2.638386435431     -0.476100127566     -0.879391078265
   581     33.030992451881     -3.636804339105     -0.056228903793     -0.998417903675
   582     32.052561475137     -3.843378354287     -0.978430976744     -0.206574015182
   583     32.029123487219     -2.843653061658     -0.023437987918      0.999725292629
   584     31.116672647921     -3.252839407795     -0.912450839298     -0.409186346137
   585     30.859599209497     -4.219231278237     -0.257073438425     -0.966391870442
   586     30.651536681910     -3.241115751004     -0.208062527587      0.978115527233
   587     31.366510587749     -2.541964612859      0.714973905839      0.699151138145
   588     30.423394749139     -2.874428919159     -0.943115838610     -0.332464306300
   589     29.962394326789     -1.987029003342     -0.461000422350      0.887399915817
   590     30.672306749275     -2.691318966637      0.709912422487     -0.704289963296
   591     29.935556963145     -3.367484443896     -0.736749786130     -0.676165477259
   592     30.795803617500     -3.877362560382      0.860246654355     -0.509878116486
   593     30.708256249700     -4.873522918152     -0.087547367800     -0.996160357769
   594     30.884799818313     -5.857815744693      0.176543568613     -0.984292826542
   595     31.465332232638     -6.672052882091      0.580532414325     -0.814237137398
   596     31.991324810088     -5.821563723743      0.525992577450      0.850489158348
   597     30.991907302698     -5.855690632825     -0.999417507389     -0.034126909081
   598     31.675249667394     -6.585788717066      0.683342364695     -0.730098084241
   599     30.763009711621     -6.995444991388     -0.912239955773     -0.409656274322
   600     30.693424611102     -7.993021010439     -0.069585100518     -0.997576019051
   601     31.532400859760     -7.448852971881      0.838976248658      0.544168038558
   602     32.414318239405     -7.920256976403      0.881917379645     -0.471404004523
   603     32.235627964803     -8.904162350798     -0.178690274602     -0.983905374395
   604     32.893557077351     -8.151082485935      0.657929112548      0.753079864863
   605     32.103505150442     -7.538042558371     -0.790051926909      0.613039927564
   606     31.145999679970     -7.826457665492     -0.957505470472     -0.288415107121
   607     31.103439990533     -8.825551591424     -0.042559689437     -0.999093925932
   608     31.858830449799     -8.170276646039      0.755390459266      0.655274945386
   609     30.942668255324     -7.769468919796     -0.916162194475      0.400807726242
   610     29.949471234428     -7.885914948856     -0.993197020896     -0.116446029059
   611     30.814376523978     -8.387850044370      0.864905289550     -0.501935095514
   612     31.661151266663     -8.919801672952      0.846774742685     -0.531951628582
   613     31.976875578369     -9.868652640701      0.315724311706     -0.948850967749
   614     31.912015922897    -10.866547036462     -0.064859655472     -0.997894395761
   615     32.322086071425    -11.778601022412      0.410070148528     -0.912053985949
   616     33.030971683030    -12.483924486972      0.708885611605     -0.705323464560
   617     32.856016232783    -13.468500837708     -0.174955450247     -0.984576350736
   618     33.688548537624    -14.022477336665      0.832532304841     -0.553976498957
   619     33.002596266512    -13.294830800387     -0.685952271112      0.727646536278
   620     32.015775474894    -13.133013850623     -0.986820791618      0.161816949764
   621     31.015814129788    -13.141806364128     -0.999961345106     -0.008792513504
   622     31.741469376888    -12.453747891063      0.725655247100      0.688058473065
   623     31.369379750900    -11.525551085298     -0.372089625988      0.928196805765
   624     31.916989264932    -12.362285105248      0.547609514032     -0.836734019950
   625     31.659370150713    -11.396038557007     -0.257619114219      0.966246548242
   626     31.915915113066    -10.429506259413      0.256544962353      0.966532297593
   627     31.726479735105    -11.411399449927     -0.189435377960     -0.981893190514
   628     31.848651430963    -12.403908430607      0.122171695857     -0.992508980680
   629     32.107123610066    -11.437889728599      0.258472179104      0.966018702008
   630     31.113003876462    -11.329603278576     -0.994119733604      0.108286450023
   631     31.877263563592    -10.684694656656      0.764259687130      0.644908621921
   632     31.887711540500    -11.684640075056      0.010447976908     -0.999945418400
   633     31.216883315645    -10.943027310375     -0.670828224856      0.741612764680
   634     31.967895778261    -11.603315339188      0.751012462617     -0.660288028813
   635     31.249053811473    -12.298488861975     -0.718841966789     -0.695173522786
   636     31.915158651965    -13.044346986200      0.666104840492     -0.745858124225
   637     32.724489964622    -12.456994599337      0.809331312656      0.587352386863
   638     32.712277105026    -13.456920019586     -0.012212859596     -0.999925420249
   639     31.845878800223    -12.957566460037     -0.866398304803      0.499353559549
   640     32.565588295741    -12.263291124121      0.719709495518      0.694275335916
   641     33.521375817452    -11.969232943925      0.955787521712      0.294058180196
   642     32.725652687083    -11.363572395603     -0.795723130370      0.605660548322
   643     32.567284301528    -10.376192299360     -0.158368385555      0.987380096243
   644     31.702363206466     -9.874284439970     -0.864921095062      0.501907859390
   645     32.690384557135    -10.028601680168      0.988021350669     -0.154317240198
   646     32.814199647772    -11.020906987687      0.123815090637     -0.992305307519
   647     32.572399900054    -11.991233160684     -0.241799747718     -0.970326172997
   648     32.974273887340    -11.075538179622      0.401873987286      0.915694981063
   649     32.345701253598    -10.297787291412     -0.628572633742      0.777750888210
   650     31.802413357101     -9.458240829613     -0.543287896497      0.839546461799
   651     32.050398667653    -10.427004622160      0.247985310552     -0.968763792547
   652     31.525960910796    -11.278453410510     -0.524437756857     -0.851448788350
   653     30.570216674121    -10.984254576280     -0.955744236675      0.294198834230
   654     31.254829866143    -10.255348013468      0.684613192022      0.728906562811
   655     31.226538561362    -11.254947734393     -0.028291304781     -0.999599720925
   656     31.106536393320    -12.247721364012     -0.120002168042     -0.992773629618
   657     31.916375678283    -12.834373162382      0.809839284963     -0.586651798370
   658     32.472970423657    -13.665157303673      0.556594745374     -0.830784141292
   659     33.464867151222    -13.792204073980      0.991896727565     -0.127046770307
   660     33.495854947857    -12.792684311064      0.030987796635      0.999519762916
   661     33.971385401626    -11.912985051352      0.475530453769      0.879699259712
   662     32.978679080616    -11.792427346386     -0.992706321010      0.120557704966
   663     33.925636835403    -12.113785418711      0.946957754787     -0.321358072325
   664     34.658103825967    -11.432982871907      0.732466990564      0.680802546804
   665     33.762395394292    -10.988340987436     -0.895708431675      0.444641884471
   666     32.943529217009    -11.562325467803     -0.818866177283     -0.573984480367
   667     33.386936670365    -10.666005307197      0.443407453356      0.896320160606
   668     33.660891212904    -11.627747948772      0.273954542539     -0.961742641574
   669     33.559686020614    -10.632882375413     -0.101205192290      0.994865573358
   670     34.220051129374     -9.881937688281      0.660365108760      0.750944687132
   671     35.219709192497     -9.855788943904      0.999658063123      0.026148744377
   672     35.471755815505    -10.823504036186      0.252046623007     -0.967715092282
   673     36.279900013211    -11.412488718257      0.808144197706     -0.588984682071
   674     37.249913788390    -11.169438772849      0.970013775179      0.243049945408
   675     36.647308675946    -11.967478294713     -0.602605112443     -0.798039521864
   676     37.640720155179    -11.852876231345      0.993411479233      0.114602063368
   677     38.186027405352    -11.014639986060      0.545307250173      0.838236245285
   678     37.186098270353    -11.026544816128     -0.999929135000     -0.011904830068
   679     36.548611107682    -10.256083838901     -0.637487162671      0.770460977227
   680     37.003090977992     -9.365326830799      0.454479870310      0.890757008102
   681     36.336054030643     -8.620302193038     -0.667036947349      0.745024637761
   682     35.506266846228     -9.178382141235     -0.829787184415     -0.558079948197
   683     36.177186195200     -8.436851813350      0.670919348973      0.741530327886
   684     36.098661671236     -9.433763995609     -0.078524523964     -0.996912182259
   685     35.492917026364    -10.229423109305     -0.605744644873     -0.795659113696
   686     34.833615824975    -10.981302039617     -0.659301201389     -0.751878930312
   687     35.376582553520    -10.141547830522      0.542966728545      0.839754209095
   688     35.978482497794    -10.940119340835      0.601899944274     -0.798571510313
   689     36.056766393837     -9.943188234078      0.078283896043      0.996931106757
   690     35.672747330607     -9.019863069753     -0.384019063230      0.923325164325
   691     35.259774351861     -8.109119791531     -0.412972978746      0.910743278221
   692     35.769272898745     -7.248648275023      0.509498546884      0.860471516509
   693     36.396824371404     -8.027223351148      0.627551472659     -0.778575076126
   694     35.748110236587     -8.788255526085     -0.648714134816     -0.761032174937
   695     35.332284170979     -7.878811364434     -0.415826065608      0.909444161651
   696     34.613097651230     -8.573628426554     -0.719186519749     -0.694817062119
   697     33.805252818463     -9.163023647243     -0.807844832767     -0.589395220689
   698     33.001881456432     -9.758501988300     -0.803371362031     -0.595478341058
   699     32.299121056175    -10.469928597186     -0.702760400257     -0.711426608886
   700     31.860015236559    -11.368363947770     -0.439105819616     -0.898435350584
   701     31.110178620977    -12.029986989942     -0.749836615582     -0.661623042172
   702     31.705993362055    -11.226865084927      0.595814741078      0.803121905015
   703     32.633601479757    -10.853310296478      0.927608117702      0.373554788449
   704     31.966848122138    -11.598588741157     -0.666753357619     -0.745278444679
   705     32.514114412465    -12.435547287007      0.547266290327     -0.836958545850
   706     32.281713728643    -11.462927154500     -0.232400683822      0.972620132508
   707     31.410121155176    -10.972696202929     -0.871592573467      0.490230951571
   708     32.291739220571    -11.444659746829      0.881618065394     -0.471963543900
   709     31.831669711380    -10.556776845364     -0.460069509190      0.887882901465
   710     32.360548778441    -11.405474042499      0.528879067060     -0.848697197135
   711     33.321923698804    -11.130231853697      0.961374920363      0.275242188802
   712     34.060295399494    -10.455837880103      0.738371700690      0.674393973594
   713     33.130507097156    -10.823932586444     -0.929788302338     -0.368094706341
   714     34.003991391503    -10.337080260241      0.873484294347      0.486852326203
   715     34.141107532210    -11.327635237997      0.137116140706     -0.990554977756
   716     34.551276967357    -12.239644577023      0.410169435147     -0.912009339026
   717     34.532504392502    -11.239820797334     -0.018772574855      0.999823779690
   718     33.797119810421    -11.917470792861     -0.735384582081     -0.677649995527
   719     33.180659041748    -12.704856416737     -0.616460768673     -0.787385623876
   720     33.556525330741    -13.631530325293      0.375866288993     -0.926673908556
   721     32.561093101781    -13.727001145697     -0.995432228960     -0.095470820404
   722     33.276073011489    -13.027856147349      0.714979909708      0.699144998348
   723     33.921856868016    -12.264335872144      0.645783856527      0.763520275205
   724     33.053372793680    -11.768618803016     -0.868484074336      0.495717069128
   725     32.222620242646    -12.325260697731     -0.830752551033     -0.556641894715
   726     31.232883745882    -12.182356299717     -0.989736496765      0.142904398014
   727     31.449498119778    -13.158613547077      0.216614373896     -0.976257247359
   728     31.554415951237    -14.153094441132      0.104917831459     -0.994480894056
   729     32.429863860259    -14.636406926580      0.875447909022     -0.483312485447
   730     31.643249886298    -14.018961822972     -0.786613973961      0.617445103608
   731     32.359294793762    -13.320907605525      0.716044907463      0.698054217447
   732     31.902063030543    -14.210255183643     -0.457231763219     -0.889347578118
   733     32.144055750866    -13.239977118699      0.241992720323      0.970278064944
   734     31.907418074511    -12.268379151364     -0.236637676355      0.971597967335
   735     32.654498588439    -12.933112711303      0.747080513928     -0.664733559939
   736     32.283000114781    -13.861546276008     -0.371498473657     -0.928433564705
   737     32.849396994813    -14.685678895367      0.566396880032     -0.824132619358
   738     32.344276973383    -15.548728004022     -0.505120021430     -0.863049108655
   739     33.120944745308    -14.918817556376      0.776667771925      0.629910447646
   740     32.297141036253    -15.485692718071     -0.823803709055     -0.566875161695
   741     31.622661281822    -14.747399374703     -0.674479754431      0.738293343369
   742     32.478905881954    -15.263969974663      0.856244600133     -0.516570599961
   743     31.696964516222    -15.887321962353     -0.781941365732     -0.623351987690
   744     31.533362750479    -14.900795499330     -0.163601765743      0.986526463024
   745     32.053547411476    -15.754849314065      0.520184660997     -0.854053814735
   746     33.053353806185    -15.774526028744      0.999806394708     -0.019676714679
   747     33.748786389732    -16.493117374183      0.695432583548     -0.718591345439
   748     34.134463859051    -15.570483703835      0.385677469318      0.922633670348
   749     34.534609407798    -14.654032101284      0.400145548748      0.916451602551
   750     33.980048112234    -15.486174979318     -0.554561295564     -0.832142878034
   751     33.133020093427    -16.017723222994     -0.847028018807     -0.531548243676
   752     33.449874451448    -16.966197427073      0.316854358021     -0.948474204079
   753     34.300408686039    -17.492117112755      0.850534234591     -0.525919685682
   754     33.458426868145    -16.952611210715     -0.841981817894      0.539505902040
   755     32.924622663600    -16.107003103369     -0.533804204545      0.845608107347
   756     33.469887139914    -15.268739033478      0.545264476314      0.838264069891
   757     32.851924176753    -14.482531824047     -0.617962963161      0.786207209431
   758     33.506190684528    -13.726267758523      0.654266507775      0.756264065524
   759     32.553348760702    -13.422800679255     -0.952841923826      0.303467079267
   760     32.005461349137    -12.586248598242     -0.547887411565      0.836552081014
   761     31.347850633796    -13.339606512562     -0.657610715341     -0.753357914320
   762     32.306112985814    -13.053716210690      0.958262352018      0.285890301872
   763     32.713210376234    -13.967100967906      0.407097390419     -0.913384757216
   764     32.162061279881    -13.132694188458     -0.551149096353      0.834406779448
   765     32.863214961368    -13.845704367162      0.701153681488     -0.713010178705
   766     33.433492091387    -14.667156736431      0.570277130019     -0.821452369269
   767     32.835620044184    -13.865565185095     -0.597872047202      0.801591551336
   768     31.945687691107    -13.409472643010     -0.889932353078      0.456092542085
   769     32.899334279169    -13.710401513470      0.953646588063     -0.300928870460
   770     33.539171048826    -12.941890675423      0.639836769657      0.768510838047
   771     32.901475728173    -13.712179373261     -0.637695320653     -0.770288697838
   772     33.667673454113    -14.354784263349      0.766197725940     -0.642604890088
   773     33.094096945199    -13.535632269870     -0.573576508914      0.819151993480
   774     33.840154864811    -14.201513325753      0.746057919612     -0.665881055883
   775     34.599329103140    -14.852400778280      0.759174238329     -0.650887452527
   776     35.588265403145    -14.704059972927      0.988936300005      0.148340805353
   777     35.453833491929    -15.694982806071     -0.134431911216     -0.990922833144
   778     36.383988292081    -16.062150407794      0.930154800152     -0.367167601723
   779     36.090625153649    -15.106149325677     -0.293363138432      0.956001082117
   780     35.407122747605    -15.836097584755     -0.683502406044     -0.729948259079
   781     36.338726179413    -15.472621250115      0.931603431808      0.363476334641
   782     37.207875927556    -15.967170252038      0.869149748143     -0.494549001923
   783     36.584620737426    -15.185151730533     -0.623255190130      0.782018521504
   784     37.528885703796    -15.514338111306      0.944264966370     -0.329186380773
   785     37.015816730462    -14.655990729064     -0.513068973333      0.858347382242
   786     37.255972318097    -15.626725138533      0.240155587635     -0.970734409469
   787     38.213373827420    -15.915485159912      0.957401509323     -0.288760021379
   788     38.347294760156    -14.924493139876      0.133920932736      0.990992020036
   789     37.496711523455    -15.450333569515     -0.850583236701     -0.525840429639
   790     38.271093604571    -14.817615312748      0.774382081116      0.632718256767
   791     37.466640822954    -14.223598711844     -0.804452781616      0.594016600904
   792     36.471183855776    -14.128386178553     -0.995456967179      0.095212533291
   793     37.312796658330    -13.588304804520      0.841612802554      0.540081374033
   794     37.616626536006    -14.541031105947      0.303829877677     -0.952726301427
   795     37.090318764585    -13.690736962876     -0.526307771421      0.850294143071
   796     36.500311937250    -14.498135218818     -0.590006827335     -0.807398255942
   797     37.317889394145    -15.073953855177      0.817577456894     -0.575818636359
   798     36.425101732596    -14.623476118339     -0.892787661549      0.450477736837
   799     35.466511401541    -14.338687464758     -0.958590331055      0.284788653581
   800     35.404701403248    -13.340599530701     -0.061809998294      0.998087934057
   801     36.202254315890    -12.737350534401      0.797552912642      0.603248996299
   802     36.816369965238    -11.948134487159      0.614115649349      0.789216047242
   803     37.010114341265    -10.967082441262      0.193744376027      0.981052045897
   804     37.140656109919     -9.975639630689      0.130541768654      0.991442810573
   805     36.353788722284    -10.592761753349     -0.786867387636     -0.617122122659
   806     36.392480514074    -11.592012945616      0.038691791790     -0.999251192268
   807     36.929683080509    -12.435466206097      0.537202566434     -0.843453260481
   808     35.942142866337    -12.592833055828     -0.987540214171     -0.157366849731
   809     36.507687506508    -13.417550740842      0.565544640171     -0.824717685013
   810     35.991142638725    -12.561290617067     -0.516544867783      0.856260123775
   811     35.820767853758    -13.546669951459     -0.170374784967     -0.985379334392
   812     35.079214615250    -12.875775925209     -0.741553238507      0.670894026251
   813     34.102928823764    -13.092261613748     -0.976285791486     -0.216485688539
   814     34.299939682976    -14.072662920026      0.197010859212     -0.980401306278
   815     34.978003747513    -13.337660114328      0.678064064537      0.735002805698
   816     35.405750851425    -14.241558568302      0.427747103912     -0.903898453973
   817     35.543989696367    -15.231957488812      0.138238844943     -0.990398920511
   818     36.178167425860    -16.005144793038      0.634177729493     -0.773187304225
   819     36.116023884246    -15.007077570735     -0.062143541615      0.998067222303
   820     35.550597892331    -15.831876605450     -0.565425991914     -0.824799034716
   821     35.603510422376    -14.833277454557      0.052912530045      0.998599150893
   822     36.362188812097    -14.181812105539      0.758678389721      0.651465349018
   823     37.327341241858    -13.920123765474      0.965152429761      0.261688340066
   824     36.337355437444    -14.061290712946     -0.989985804414     -0.141166947473
   825     36.710673422048    -14.988994158219      0.373317984604     -0.927703445273
   826     37.005764794980    -14.033525120719      0.295091372932      0.955469037500
   827     36.310807651865    -13.314473961736     -0.694957143114      0.719051158983
   828     37.186983153610    -13.796466171364      0.876175501745     -0.481992209628
   829     36.561958203945    -13.015861397938     -0.625024949666      0.780604773426
   830     36.907243696804    -13.954359095549      0.345285492860     -0.938497697611
   831     36.126574628429    -13.329414453454     -0.780669068375      0.624944642094
   832     35.410491106919    -14.027429059478     -0.716083521510     -0.698014606023
   833     34.418621916702    -13.900167480448     -0.991869190218      0.127261579029
   834     34.908307803522    -14.772066403632      0.489685886820     -0.871898923184
   835     35.611444746376    -15.483120859770      0.703136942855     -0.711054456138
   836     35.741536808178    -14.491618940732      0.130092061802      0.991501919038
   837     36.230301205567    -15.364034761224      0.488764397389     -0.872415820492
   838     36.389076098083    -14.376719951497      0.158774892516      0.987314809727
   839     35.577275292304    -14.960654409922     -0.811800805779     -0.583934458425
   840     34.967004048470    -14.168461877169     -0.610271243834      0.792192532753
   841     35.184951097754    -15.144422472536      0.217947049284     -0.975960595367
   842     36.175139253752    -15.284163002521      0.990188155998     -0.139740529985
   843     37.164283006680    -15.431114137408      0.989143752927     -0.146951134887
   844     37.578549108841    -16.341269946377      0.414266102162     -0.910155808969
   845     36.964498485864    -17.130536588534     -0.614050622977     -0.789266642157
   846     37.095599604326    -18.121905589833      0.131101118462     -0.991369001300
   847     37.821699723435    -17.434316601388      0.726100119108      0.687588988445
   848     37.322015031193    -16.568109231102     -0.499684692242      0.866207370287
   849     37.532651783731    -17.545673632295      0.210636752539     -0.977564401193
   850     38.225499634210    -18.266757438858      0.692847850478     -0.721083806563
   851     39.224984683404    -18.298845387330      0.999485049194     -0.032087948472
   852     40.224002424464    -18.343157383991      0.999017741060     -0.044311996661
   853     40.752103787840    -19.192338725049      0.528101363376     -0.849181341058
   854     40.385333923403    -18.262027021080     -0.366769864437      0.930311703969
   855     41.212989171353    -17.700790181109      0.827655247950      0.561236839971
   856     40.705004264352    -16.839424211117     -0.507984907001      0.861365969992
   857     41.282905951458    -17.655530601265      0.577901687106     -0.816106390148
   858     40.699562672977    -18.467756320786     -0.583343278481     -0.812225719521
   859     41.641089923692    -18.804693163772      0.941527250715     -0.336936842986
   860     42.380954749645    -19.477448720655      0.739864825953     -0.672755556883
   861     43.250567169434    -19.971183709641      0.869612419789     -0.493734988986
   862     42.270134602858    -19.774328477560     -0.980432566576      0.196855232081
   863     42.935305532041    -20.521019601767      0.665170929183     -0.746691124207
   864     43.525986537030    -21.327924769891      0.590681004989     -0.806905168124
   865     42.529040992045    -21.406024579971     -0.996945544985     -0.078099810080
   866     41.872288757603    -22.160131006516     -0.656752234441     -0.754106426545
   867     41.949424837363    -23.157151580627      0.077136079760     -0.997020574110
   868     42.898988155431    -22.843576222890      0.949563318068      0.313575357737
   869     43.891720273705    -22.963921315630      0.992732118274     -0.120345092740
   870     44.679399703484    -22.347836000187      0.787679429778      0.616085315443
   871     43.911274299139    -22.988135432641     -0.768125404344     -0.640299432454
   872     44.594630767343    -23.718220316312      0.683356468203     -0.730084883671
   873     44.938538632929    -24.657223713531      0.343907865586     -0.939003397219
   874     44.623685770320    -25.606364206243     -0.314852862609     -0.949140492713
   875     45.186949693908    -24.780087162883      0.563263923588      0.826277043360
   876     45.063865056794    -23.787690985892     -0.123084637113      0.992396176991
   877     46.047774998846    -23.609025863576      0.983909942052      0.178665122315
   878     47.016151942694    -23.359534191123      0.968376943848      0.249491672453
   879     46.454018255594    -24.186580573031     -0.562133687100     -0.827046381908
   880     45.656629617088    -23.583114452042     -0.797388638506      0.603466120989
   881     45.047680963738    -24.376324094938     -0.608948653349     -0.793209642896
   882     44.111935217724    -24.728999439721     -0.935745746014     -0.352675344782
   883     43.112818588994    -24.686976086756     -0.999116628730      0.042023352964
   884     42.887286089899    -25.661211731686     -0.225532499095     -0.974235644930
   885     42.751917594449    -26.652007053859     -0.135368495450     -0.990795322173
   886     42.936627692450    -27.634800104148      0.184710098001     -0.982793050289
   887     42.046880202525    -28.091253173118     -0.889747489925     -0.456453068970
   888     42.760998788682    -27.391228427194      0.714118586157      0.700024745924
   889     43.217276786402    -28.281065709396      0.456277997720     -0.889837282202
   890     43.889453795252    -27.540675225413      0.672177008850      0.740390483983
   891     44.601345818125    -28.242964160090      0.711892022873     -0.702288934678
   892     45.592647073051    -28.374576553057      0.991301254926     -0.131612392966
   893     45.292085944097    -27.420813999922     -0.300561128954      0.953762553135
   894     45.328372463410    -26.421472572523      0.036286519313      0.999341427399
   895     45.692016791427    -25.489934702814      0.363644328017      0.931537869709
   896     44.694300483488    -25.422390873543     -0.997716307939      0.067543829272
   897     43.908331275883    -24.804125231043     -0.785969207605      0.618265642500
   898     44.758259746458    -25.331023318822      0.849928470575     -0.526898087779
   899     45.400531206747    -24.564546071086      0.642271460290      0.766477247736
   900     46.222980938590    -23.995708274704      0.822449731842      0.568837796382
   901     45.881142289707    -23.055949615191     -0.341838648883      0.939758659513
   902     46.540640487485    -22.304243471058      0.659498197779      0.751706144133
   903     47.374215781212    -22.856649327009      0.833575293727     -0.552405855950
   904     48.232425948036    -23.369947787516      0.858210166824     -0.513298460507
   905     47.892108166521    -24.310258272188     -0.340317781516     -0.940310484672
   906     46.976545391495    -24.712433364638     -0.915562775026     -0.402175092450
   907     47.913225023361    -25.062620839067      0.936679631866     -0.350187474429
   908     46.913967252722    -25.101142363149     -0.999257770639     -0.038521524082
   909     45.919678833837    -25.207868836295     -0.994288418885     -0.106726473146
   910     46.112739186369    -26.189055719758      0.193060352532     -0.981186883463
   911     45.168032208895    -25.861139988643     -0.944706977473      0.327915731116
   912     45.880137583306    -26.563212588689      0.712105374411     -0.702072600046
   913     46.118925470770    -27.534284339282      0.238787887463     -0.971071750593
   914     46.817777356475    -28.249550752478      0.698851885706     -0.715266413196
   915     46.136935913972    -28.981981588919     -0.680841442503     -0.732430836441
   916     47.021934216627    -28.516387340353      0.884998302655      0.465594248565
   917     46.033484898818    -28.667939133883     -0.988449317809     -0.151551793530
   918     45.889130954561    -27.678413015594     -0.144353944257      0.989526118290
   919     46.353020340097    -28.564306145710      0.463889385536     -0.885893130116
   920     46.130205458209    -27.589445371851     -0.222814881888      0.974860773859
   921     46.038412697469    -26.593667239396     -0.091792760739      0.995778132455
   922     45.040023638563    -26.536928477893     -0.998389058906      0.056738761502
   923     44.331995361394    -27.243112560643     -0.708028277169     -0.706184082749
   924     43.661652854876    -27.985164394382     -0.670342506518     -0.742051833739
   925     42.763357337031    -28.424556204296     -0.898295517845     -0.439391809915
   926     43.603127697669    -27.881614456596      0.839770360637      0.542941747700
   927     44.382283508351    -27.254784158445      0.779155810682      0.626830298151
   928     45.228929255485    -26.722627246568      0.846645747134      0.532156911878
   929     45.267897378259    -27.721867700816      0.038968122774     -0.999240454249
   930     45.859807296701    -28.527871825154      0.591909918442     -0.806004124338
   931     45.530866980198    -27.583521112665     -0.328940316503      0.944350712489
   932     44.861097657088    -26.840951887730     -0.669769323110      0.742569224936
   933     43.906335556319    -27.138322583890     -0.954762100769     -0.297370696161
   934     44.460527944538    -27.970711193159      0.554192388219     -0.832388609269
   935     43.562635171034    -27.530496964302     -0.897892773505      0.440214228857
   936     43.313547153588    -26.562016112883     -0.249088017445      0.968480851419
   937     43.595038616445    -25.602452380587      0.281491462857      0.959563732296
   938     44.583203266694    -25.449055431465      0.988164650248      0.153396949121
   939     43.795973236113    -24.832395980105     -0.787230030581      0.616659451360
   940     44.582085909457    -25.450479198456      0.786112673344     -0.618083218351
   941     44.252447038823    -26.394586297766     -0.329638870634     -0.944107099310
   942     45.176640761752    -26.012662270636      0.924193722928      0.381924027130
   943     44.682850028577    -26.882243038495     -0.493790733175     -0.869580767859
   944     43.918136005304    -26.237873220293     -0.764714023273      0.644369818202
   945     44.897043912810    -26.442175223761      0.978907907507     -0.204302003468
   946     45.616444152142    -27.136771002361      0.719400239332     -0.694595778600
   947     44.672212564478    -26.807488891010     -0.944231587665      0.329282111352
   948     43.888868559931    -26.185900465650     -0.783344004547      0.621588425359
   949     44.864056715802    -26.407278108262      0.975188155871     -0.221377642612
   950     44.203133860035    -25.656824259764     -0.660922855767      0.750453848498
   951     44.924844862188    -24.964629757207      0.721711002153      0.692194502558
   952     45.896300872404    -24.727409985231      0.971456010215      0.237219771976
   953     46.144545252763    -25.696107423867      0.248244380359     -0.968697438636
   954     46.758340733134    -26.485572501167      0.613795480371     -0.789465077300
   955     47.563913426503    -27.078069451115      0.805572693369     -0.592496949949
   956     46.786957132648    -27.707623990008     -0.776956293854     -0.629554538893
   957     45.858243695933    -28.078422253846     -0.928713436715     -0.370798263838
   958     46.155270244798    -29.033291474875      0.297026548865     -0.954869221029
   959     45.156620188734    -28.981348568497     -0.998650056064      0.051942906378
   960     44.156761975147    -28.964509544729     -0.999858213588      0.016839023769
   961     44.960088962754    -29.560047747518      0.803326987607     -0.595538202790
   962     43.998722978046    -29.284774349881     -0.961365984708      0.275273397637
   963     44.664534470883    -28.538654348805      0.665811492837      0.746120001076
   964     45.520244470130    -28.021198652934      0.855709999247      0.517455695871
   965     44.643078060711    -28.501385168974     -0.877166409419     -0.480186516040
   966     45.309654098206    -27.755948125196      0.666576037495      0.745437043778
   967     44.538992686540    -28.393192967128     -0.770661411666     -0.637244841932
   968     43.553251656698    -28.224923474687     -0.985741029842      0.168269492441
   969     44.452294999181    -27.787063830122      0.899043342482      0.437859644565
   970     45.451497242254    -27.747127913498      0.999202243074      0.039935916624
   971     45.588777759367    -26.756595703209      0.137280517112      0.990532210290
   972     45.914958679977    -25.811288342066      0.326180920610      0.945307361142
   973     44.954126836855    -26.088420385041     -0.960831843122     -0.277132042975
   974     44.076356614915    -25.609338515759     -0.877770221940      0.479081869282
   975     44.880949946164    -25.015512302706      0.804593331250      0.593826213053
   976     43.953794067308    -25.390188130992     -0.927155878857     -0.374675828286
   977     44.874524109628    -24.999987939848      0.920730042320      0.390200191144
   978     45.671014298828    -25.604639391933      0.796490189200     -0.604651452085
   979     44.672774260048    -25.663942216285     -0.998240038780     -0.059302824351
   980     45.258070573396    -24.853122738484      0.585296313349      0.810819477800
   981     45.497134807929    -23.882118983719      0.239064234532      0.971003754765
   982     45.280447714314    -24.858360093006     -0.216687093615     -0.976241109286
   983     45.190995750645    -23.862368955397     -0.089451963668      0.995991137609
   984     45.727333375011    -23.018365428929      0.536337624366      0.844003526468
   985     46.184992868149    -22.129237885581      0.457659493138      0.889127543348
   986     47.017518239815    -21.575250967384      0.832525371666      0.553986918196
   987     47.676496094867    -22.327413307941      0.658977855052     -0.752162340556
   988     46.980753973963    -21.609121653248     -0.695742120903      0.718291654692
   989     47.295889752733    -20.660075057480      0.315135778769      0.949046595768
   990     48.054032583665    -20.007986529819      0.758142830932      0.652088527660
   991     47.236191849574    -20.583431169782     -0.817840734091     -0.575444639963
   992     46.744879278444    -19.712447841900     -0.491312571130      0.870983327883
   993     47.101517691526    -20.646690338425      0.356638413082     -0.934242496526
   994     46.359786530783    -21.317387651066     -0.741731160743     -0.670697312640
   995     45.406166846456    -21.016373535675     -0.953619684327      0.301014115390
   996     44.965246926239    -20.118827088990     -0.440919920217      0.897546446685
   997     44.394744937062    -20.940123308600     -0.570501989178     -0.821296219609
   998     43.681475777980    -21.641013533031     -0.713269159081     -0.700890224431
   999     43.683715570379    -22.641011024693      0.002239792398     -0.999997491662
  1000     44.321015902396    -21.870395500057      0.637300332017      0.770615524636
