# File chua thong tin toa do cua cac diem 4
##################################################
#  Step                   x                   y
     1      0.000000000000      0.000000000000
     2     -0.205865734294      0.978580246808
     3     -0.913661688327      0.272163310819
     4     -1.843604113272      0.639868472992
     5     -1.288797688558      1.471847938542
     6     -0.976633033255      2.421875952855
     7      0.002338418314      2.217878656271
     8      0.416097278246      1.307492141746
     9      0.983463593831      0.484026620950
    10      1.281724074286     -0.470457892176
    11      0.349119930875     -0.831358864319
    12     -0.017346329417      0.099072476548
    13      0.807947185479      0.663776482439
    14      1.223920169120      1.573153454262
    15      2.220148999778      1.486388732365
    16      2.583537182730      2.418026552814
    17      2.505061886132      1.421110494249
    18      3.385611898496      1.895063736380
    19      3.963318599794      1.078819307746
    20      4.906370045530      1.411466223700
    21      4.124589249257      2.035019578737
    22      4.900277203029      1.403902950552
    23      4.530966990695      0.474596775459
    24      3.739466153313     -0.136571306514
    25      2.996572533581      0.532838186816
    26      3.870023624827      0.045926294169
    27      4.233380758124      0.977576225034
    28      4.829888828335      1.780183303356
    29      4.281473145355      0.943977444335
    30      4.918004359679      0.172726503855
    31      5.858809721503     -0.166220794649
    32      5.385972458746     -1.047370567927
    33      4.573005024684     -0.465061413650
    34      5.263200734893     -1.188684161778
    35      4.564439763574     -1.904039391690
    36      5.374215015425     -1.317299209421
    37      4.935521121175     -0.418662649321
    38      5.065208887271      0.572892232330
    39      4.132106087621      0.213282492077
    40      3.257254528736      0.697673604627
    41      3.080328201191     -0.286550493138
    42      2.247949854598     -0.840758295432
    43      2.459301053595      0.136651890049
    44      1.548596030968      0.549709224764
    45      0.907751851801     -0.217961758164
    46      1.882600027987     -0.440831750284
    47      1.523030144112      0.492286408692
    48      1.655050630950      1.483533396609
    49      2.647686686974      1.362398511952
    50      3.386867654021      2.035905377511
    51      2.779166247350      2.830070977578
    52      3.663470896449      2.363160614037
    53      2.871520003906      2.973745402416
    54      2.152229514707      3.668454832428
    55      1.584479543088      2.845253781817
    56      2.238226186960      2.088540278815
    57      2.780834304074      1.248554307955
    58      2.698798862098      2.245183720655
    59      2.611121670078      3.241332660322
    60      2.033883679048      4.057908622319
    61      1.040248468451      4.170554386829
    62      0.376946880352      4.918906578798
    63      1.124073393015      4.254224719503
    64      1.854409997677      3.571137284476
    65      2.685176014387      3.014515486952
    66      1.715636168345      2.769581849128
    67      2.556838541322      3.310302264592
    68      3.337132538900      3.935715150086
    69      4.168958693846      3.380678891857
    70      3.209625241606      3.098403622991
    71      4.167939263830      2.812686569232
    72      3.844160172006      3.758819276466
    73      4.505596422404      3.008817885360
    74      4.086652636186      2.100805713642
    75      4.009997350664      3.097863368545
    76      4.897692691395      2.637432068519
    77      5.755826296124      2.124005621562
    78      6.423701581906      2.868278825864
    79      7.114874638828      3.590968112754
    80      7.554408984286      2.692742328687
    81      7.798700390731      1.723040462784
    82      6.913418510033      1.257985636222
    83      7.505865299400      2.063595220182
    84      7.061258172079      1.167869535424
    85      6.466209670979      1.971559327159
    86      5.827001770994      1.202525348327
    87      6.629570437070      1.799085099092
    88      7.477393433123      2.329364428658
    89      7.040248523409      3.228755515956
    90      7.458241740674      4.137205663361
    91      7.942646070564      3.262361422834
    92      8.942637193728      3.258147921590
    93      9.165653606407      4.232962611506
    94     10.160246456722      4.129111457914
    95     10.951595133505      3.517746369155
    96     10.106028770093      4.051616695233
    97      9.387862316203      4.747488051524
    98      8.965701194879      5.654008866311
    99      9.371844161117      6.567818414836
   100      8.902566945137      5.684767513380
   101      8.543714221398      6.618161708061
   102      8.327768565325      5.641756324205
   103      8.840430914097      4.783166016694
   104      9.777638565556      5.131937887759
   105      8.842712821632      4.777094466870
   106      8.435044759266      5.690224660723
   107      7.869403379164      4.865573322813
   108      8.127428165776      3.899435025521
   109      7.746024412633      4.823843580809
   110      8.745567346051      4.793612400625
   111      9.291391977106      5.631511840972
   112      9.808175980825      6.487627658779
   113      9.448184197204      5.554672185177
   114      9.632337029661      4.571774563703
   115      9.870557373760      3.600563429264
   116      9.102964133962      2.959626132630
   117      9.294327110474      1.978106794451
   118      8.341315173054      2.281039538033
   119      7.773042845711      1.458198993349
   120      6.822222761458      1.148455280934
   121      6.244357447748      0.332323135255
   122      6.434137619990     -0.649503471751
   123      6.065229655270      0.279962457461
   124      6.596260987360      1.127314641821
   125      7.312562660816      1.825105378793
   126      6.321595985352      1.690997034087
   127      6.965700237937      0.926059316491
   128      6.724582798016      1.896555261956
   129      7.694828499407      1.654432815800
   130      6.819370307917      2.137726675635
   131      7.295142071068      1.258157900958
   132      6.686414853848      2.051537491705
   133      5.727203675334      2.334227985028
   134      5.128073775652      3.134879821538
   135      6.038856584831      2.721994032846
   136      6.309498853685      3.684674022411
   137      6.455107288848      4.674016320915
   138      5.891430313143      3.848021001885
   139      6.101657975375      4.825673460601
   140      5.316824946277      5.445380743468
   141      4.498517949777      6.020162144939
   142      5.228166424808      6.703984565517
   143      5.183328631866      7.702978845943
   144      6.025832655822      8.241668895617
   145      5.661471136072      7.310411314211
   146      5.329293992109      8.253628333263
   147      5.205073767223      7.261373660445
   148      6.091767865083      7.723730207734
   149      6.108110073964      8.723596664921
   150      7.092474155976      8.547450833168
   151      7.679148946133      9.357273462263
   152      7.232111874757      8.462758030973
   153      8.222570883102      8.600565696899
   154      7.256918288879      8.340729080404
   155      6.874621270624      9.264768576223
   156      6.070509344030      8.670290646010
   157      6.332881992678      7.705324017964
   158      5.634241856707      8.420797260238
   159      5.029829497725      7.624125621286
   160      6.029008506546      7.583612557564
   161      5.678773986377      6.646950515586
   162      5.670666626803      5.646983380765
   163      6.641085756463      5.405556967983
   164      7.640592491159      5.374151756672
   165      6.660615270938      5.573261394425
   166      5.823709443010      6.120608300127
   167      4.843577595497      6.318955373435
   168      3.930873685274      5.910333822042
   169      3.018744433159      6.320236526884
   170      3.904957941267      6.783513569318
   171      3.057138434967      6.253228660295
   172      2.678098505281      7.178608977626
   173      3.009269358268      6.235038171522
   174      2.341308168760      6.979234280965
   175      2.804555281118      6.093005127252
   176      1.934171074125      6.585378290835
   177      1.991416054462      5.587018129257
   178      1.500838519259      4.715620583958
   179      1.705113421398      5.694534147229
   180      0.706499859156      5.747173992470
   181      1.056062926741      4.810261156727
   182      1.500119878505      3.914262594456
   183      0.622556607275      4.393723442689
   184     -0.354471211372      4.606835248064
   185     -1.348043152171      4.493632781405
   186     -1.710686951784      5.425560608333
   187     -1.292479756463      4.517208946375
   188     -1.721349283632      3.613842504300
   189     -2.611851055392      4.068822278018
   190     -2.881223521611      5.031858349223
   191     -2.297820537645      4.219675513712
   192     -1.385260250745      4.628617713508
   193     -1.679381956885      3.672849738538
   194     -2.123818155294      4.568660246148
   195     -2.959613277057      5.117701696712
   196     -2.013571681895      4.793656483472
   197     -2.948451148421      5.148621810042
   198     -3.871776503713      4.764603205965
   199     -4.662028927850      5.377384656520
   200     -3.974855406464      4.650891331358
   201     -3.540330859849      5.551551321803
   202     -2.830950600285      6.256377291345
   203     -2.170316268862      5.505669438618
   204     -3.078686939483      5.923835344396
   205     -2.168469925598      6.337966951057
   206     -3.029380290400      6.846723615660
   207     -2.416606057391      6.056465594909
   208     -2.829057050932      5.145485804834
   209     -1.839510502027      5.289699630624
   210     -1.650576717909      4.307709801135
   211     -2.305264984464      5.063608784886
   212     -3.059393843357      4.406882308957
   213     -2.093501094173      4.665824767962
   214     -1.793327478611      5.619709352448
   215     -1.146462301049      6.382313733538
   216     -1.659056153764      5.523682530891
   217     -1.240628098202      6.431932475740
   218     -1.826907108356      5.621823271835
   219     -2.782863616929      5.915331625579
   220     -2.127852000751      6.670950433359
   221     -1.995198887311      7.662112958627
   222     -2.160784495967      8.648308378514
   223     -1.422048854273      7.974313087959
   224     -1.187140679037      8.946330654264
   225     -2.186882252237      8.923597708688
   226     -1.492902025688      9.643591767802
   227     -0.619364146806      9.156835592539
   228     -1.510764034783      8.703617940947
   229     -0.831114633676      7.970080831064
   230     -0.244823814452      8.780181488572
   231      0.357340025738      7.981808950488
   232      0.776282931591      8.889821528394
   233      1.671285921633      8.443761389156
   234      0.906480544550      9.088022776471
   235      0.812315631821     10.083579389231
   236      0.809781401917      9.083582600397
   237     -0.189733779685      9.052447383245
   238     -0.771082493783      9.866101899988
   239      0.014129036901      9.246874274571
   240      0.333559930370     10.194483848340
   241     -0.426939710382      9.545145495540
   242     -1.379219621134      9.850371594651
   243     -1.408239647594     10.849950424991
   244     -0.599534041546     10.261736821998
   245     -0.989159534625      9.340763437397
   246     -0.024089095796      9.602753987033
   247     -0.528622091697     10.466146398424
   248     -0.099158752760      9.563062105288
   249      0.236450554099      8.621060835039
   250     -0.309583775620      9.458823636056
   251      0.645585810515      9.162764416099
   252      1.227852959120      8.349766896020
   253      0.996858042402      9.322721853071
   254      1.915181557213      8.926891179494
   255      1.902333613408      9.926808641258
   256      2.808209833230     10.350351170836
   257      2.153457791200      9.594507428083
   258      1.184584262277      9.842063653923
   259      0.502505017928      9.110785386484
   260      1.249525539380      9.775586364619
   261      1.155441586565     10.771150631667
   262      0.281394070785     10.285310184443
   263      0.970705102305     11.009775712833
   264      0.175636066866     10.403256769282
   265     -0.001205141430     11.387496164474
   266     -0.059091243897     10.389172970743
   267      0.313344328774      9.461114920722
   268      0.207512177791     10.455498928949
   269      0.537883600202     11.399349935864
   270      0.875025995810     12.340803601789
   271     -0.014372048117     11.883670011403
   272      0.087374455191     12.878480369745
   273     -0.823590023132     12.465995558833
   274     -1.409996042358     11.655978287031
   275     -0.735737379934     12.394473551841
   276      0.204453640714     12.735121235957
   277     -0.240370524476     11.839503314038
   278      0.611424888872     12.363377892347
   279      1.039414723975     13.267161440022
   280      0.574779006364     12.381659520250
   281      0.634762477325     13.379858890722
   282     -0.364156215378     13.426350237956
   283      0.480852161000     12.891597169847
   284      1.305800108718     12.326388461886
   285      1.616631735282     11.375923470459
   286      1.213859584940     10.460623194643
   287      0.453225532407      9.811442296798
   288      1.315279181017      9.304625261844
   289      2.301506920955      9.139232260252
   290      1.908858670779      8.219543534849
   291      2.785341599861      7.738110595566
   292      2.504355450527      8.697822418918
   293      2.705212395695      9.677443002399
   294      2.227753261418     10.556096958798
   295      1.794813461007     11.457519794774
   296      2.039313296153     12.427169128613
   297      1.821534167080     13.403167207986
   298      2.250013564439     14.306718759387
   299      3.041161599313     14.918343470230
   300      2.318117387647     14.227541712867
   301      1.900023775288     13.319137765659
   302      1.233788152507     12.573396460018
   303      1.338446544432     13.567904690753
   304      1.165054672915     14.552757603067
   305      1.435175114384     13.589931062562
   306      2.286728277695     13.065662801025
   307      1.290068308202     13.147326166197
   308      1.554744190717     12.182988737070
   309      2.404366997444     12.710379565857
   310      1.689661580845     13.409805164104
   311      2.144299199790     14.300481668475
   312      1.144774468481     14.331308791301
   313      0.235701877097     13.914671030658
   314     -0.704631667945     14.254925088781
   315     -1.509602041926     13.661610082219
   316     -2.002235034485     14.531847253709
   317     -2.996179221847     14.421961165380
   318     -2.120371375386     14.904621103719
   319     -2.844584170353     14.215044546978
   320     -3.840145257947     14.120926956328
   321     -3.437103919659     15.036108730421
   322     -2.610489868550     15.598877964218
   323     -2.806392834662     16.579501249618
   324     -3.510368935906     15.869277588454
   325     -3.941745194202     16.771449702730
   326     -3.267076378355     17.509570281581
   327     -2.370924083335     17.953316903124
   328     -2.921350769578     18.788200405818
   329     -2.068786159590     19.310822244049
   330     -1.120209355722     19.627369313479
   331     -0.557848963039     18.800477066120
   332      0.003357517182     19.628152900344
   333     -0.690928787510     18.908453986132
   334      0.277124191808     18.657708239940
   335      0.914168036525     17.886880671733
   336      1.142107889622     16.913205457213
   337      0.519765767690     16.130460107007
   338      1.294062965209     15.497637975667
   339      2.185686535910     15.950415413457
   340      1.899886126319     14.992126247350
   341      1.060772986252     14.448169320593
   342      1.778107743920     13.751440646401
   343      1.730388034315     14.750301412131
   344      1.632315147190     13.755122177616
   345      2.200791625809     14.577821693391
   346      1.295223021683     15.002021532170
   347      2.012220916350     14.304946199769
   348      1.688316801625     15.251036113289
   349      2.254799779178     16.075109554277
   350      1.984758978798     15.112260674063
   351      1.290512887309     15.831998379377
   352      0.301859469001     15.982212954132
   353     -0.649552462722     16.290133944280
   354     -0.439642736983     15.312413172771
   355      0.555861421203     15.217695323155
   356      1.174886676783     14.432324243376
   357      0.180773255162     14.540668624643
   358     -0.014403274179     15.521436753405
   359     -1.013282849754     15.474112409766
   360     -0.869200047767     16.463678044866
   361     -1.203316067623     15.521146090354
   362     -0.765369237293     16.420146965662
   363     -1.757896917940     16.542166649107
   364     -0.859400494586     16.103185809868
   365     -0.560483547763     17.057464940365
   366     -0.792923623578     16.084854221138
   367     -0.368404188719     15.179435395717
   368     -1.368393111161     15.174728486791
   369     -2.312889155787     15.503251273957
   370     -2.929319330039     14.715841698024
   371     -3.834511856759     14.290839945592
   372     -3.279598560986     15.122748134141
   373     -4.279403659581     15.103005671719
   374     -4.588385752109     16.054073527604
   375     -5.554036971033     15.794231800027
   376     -5.326457026714     14.820472400101
   377     -4.757612236408     15.642917294634
   378     -5.360940986676     16.440409877107
   379     -5.280117826366     15.443681420225
   380     -4.654294394039     14.663716657206
   381     -4.247237882004     15.577119632902
   382     -5.077088140266     15.019133478180
   383     -4.557460834388     15.873526515947
   384     -3.600641445044     16.164209601411
   385     -4.277204646808     15.427825032033
   386     -4.527346853917     16.396034139727
   387     -3.793336495984     15.716895866290
   388     -4.259138719913     14.832007009889
   389     -5.160908607356     14.399790547800
   390     -4.209683483591     14.091292956368
   391     -3.712730761846     13.223515339493
   392     -4.284237718652     14.044112560011
   393     -4.478761905306     15.025010281900
   394     -5.477888767000     14.983230930047
   395     -4.483132870962     15.085508529243
   396     -5.176585623388     14.365006426434
   397     -5.548686258011     15.293198819051
   398     -6.306069857134     14.640228617756
   399     -5.359802455827     14.963613845039
   400     -5.075200540751     15.922259634648
   401     -5.624062858668     15.086346866490
   402     -6.301073014099     14.350373192066
   403     -7.300779102238     14.374616486743
   404     -8.274024215402     14.144847146527
   405     -9.268839589011     14.043149691150
   406     -9.664845738026     14.961397549815
   407     -9.402669031857     15.926417432896
   408     -9.306149579581     14.931086334552
   409     -8.359466871560     14.608918908617
   410     -8.007646720526     15.544986524405
   411     -8.881751504452     16.030723929510
   412     -9.879923311053     15.970283508369
   413    -10.648353454671     15.330349828697
   414    -11.309561481258     14.580147225677
   415    -12.084936772768     15.211647944058
   416    -11.999644172422     16.208003890659
   417    -11.254099721210     15.541547987191
   418    -11.271902849395     16.541389498946
   419    -10.438796433449     17.094502235836
   420     -9.515280737292     16.710941603144
   421     -9.484647231455     15.711410919113
   422     -9.329984787807     16.699378291309
   423     -8.379037717110     16.390024660760
   424     -8.686972731713     15.438617268114
   425     -8.496526511344     14.456919637911
   426     -8.883260074206     13.534728144046
   427     -9.844273118519     13.258225108512
   428    -10.834023384054     13.401034113386
   429    -10.543351267340     14.357856834984
   430    -10.038394041284     15.221001202893
   431     -9.048898657150     15.076436737069
   432     -9.292542893821     14.106572063036
   433     -8.406333285834     14.569856566027
   434     -8.965777695247     13.740988691889
   435     -9.897873229466     13.378776164375
   436     -8.918646657448     13.176007032962
   437     -7.958400895143     12.896851026442
   438     -8.739056624006     12.271889721245
   439     -9.657094909927     12.668381468426
   440     -9.444484793373     11.691244355049
   441     -9.887795661848     12.587612289489
   442     -9.236494827226     11.828792664795
   443     -9.635625530893     10.911898624357
   444    -10.132038960478     11.779984856783
   445     -9.733621285481     10.862780759403
   446    -10.452289152245     10.167427254141
   447    -11.402838083319      9.856852416728
   448    -10.482026433606     10.246859988134
   449    -11.383593615438      9.814220858322
   450    -12.085755249489     10.526238442141
   451    -11.437915970457      9.764461395661
   452    -10.721577377863      9.066708559221
   453    -10.119351989857      9.865034671810
   454    -10.874510750139     10.520576620711
   455    -11.872812708785     10.462325445925
   456    -12.868111756258     10.365476046856
   457    -12.500491999190     11.295452236988
   458    -13.488670033375     11.448762943574
   459    -12.827397859211     10.698616883346
   460    -13.544605289146     11.395476627086
   461    -13.034525241154     10.535349691895
   462    -13.535600235402     11.400753557232
   463    -14.163705448750     12.178881979130
   464    -15.157190619005     12.064920509840
   465    -14.217115422759     11.723953318746
   466    -13.297405208471     12.116551232311
   467    -14.240981279241     12.447707084850
   468    -13.611069455402     11.671040429078
   469    -14.481968649496     12.162502120084
   470    -14.722655136351     13.133105033249
   471    -13.756788610135     12.874064778587
   472    -13.043168111029     13.574597278372
   473    -13.411410930021     12.644867626128
   474    -14.152375678226     11.973323702087
   475    -14.896783510746     11.305598475004
   476    -14.359800547472     12.149191562430
   477    -15.319184077904     11.867086543800
   478    -14.747402891058     11.046680379532
   479    -14.593047217697     12.034695726630
   480    -15.461232615919     12.530935703168
   481    -15.514201737377     11.532339552478
   482    -15.243934548896     10.569554193828
   483    -14.310126047797     10.927327422669
   484    -14.192895278660     11.920432123478
   485    -14.830130692019     11.149762915606
   486    -14.812260363909     10.149922602669
   487    -15.810334917626     10.211948284628
   488    -15.013424082777      9.607851337690
   489    -15.465256870717     10.499953984106
   490    -16.363864873351     10.938706371679
   491    -15.409134735547     11.236179671267
   492    -14.621961858708     11.852912078369
   493    -14.151785388248     10.970339652658
   494    -13.495177107363     10.216107880937
   495    -13.198083388306      9.261259556806
   496    -13.731768330881     10.106942938497
   497    -13.205311409716     10.957144744045
   498    -12.373716229567     10.401762482577
   499    -12.100892788318     11.363826602013
   500    -11.309176115981     11.974715062162
   501    -11.531129019013     12.949772449620
   502    -11.146857930757     13.872992754168
   503    -11.544921175753     14.790350728453
   504    -11.984994716844     13.892388992948
   505    -12.340467683096     12.957702430370
   506    -12.030582386717     12.006928480849
   507    -12.961830647454     12.371313822038
   508    -12.286480896845     13.108811424985
   509    -11.466110189215     13.680643482554
   510    -11.226315517205     14.651467109829
   511    -12.212582459781     14.816626178553
   512    -12.513024956431     15.770426108416
   513    -12.152923792688     16.703339369052
   514    -12.629316609595     17.582571923044
   515    -12.224277936046     18.496871476215
   516    -12.906418609814     19.228092442265
   517    -13.429603811985     18.375873430374
   518    -13.845292083214     19.285380583266
   519    -14.643255276397     19.888086765685
   520    -13.707187721797     19.536266451852
   521    -14.012435383246     18.583993452561
   522    -13.012537101911     18.569730669396
   523    -13.992976472428     18.372909327207
   524    -13.325490069215     17.628287341549
   525    -12.421012854949     18.054809285736
   526    -12.017159903022     18.969633199514
   527    -12.344958358631     18.024885522883
   528    -13.309213777159     17.759911018752
   529    -12.794046802987     18.617000855771
   530    -12.311561575323     19.492904963015
   531    -11.637798793864     18.753957255581
   532    -12.289695109933     19.512265367826
   533    -13.288338003317     19.564345800740
   534    -14.288330366479     19.568253948403
   535    -15.124095016877     20.117341782129
   536    -16.110464401979     20.281887934115
   537    -15.164953304529     20.607477805886
   538    -14.493292986587     19.866618563316
   539    -13.602399587159     19.412406112083
   540    -13.047009788337     18.580815965818
   541    -14.039154957746     18.705907783370
   542    -14.960569454644     18.317326614362
   543    -13.965288230415     18.220294224419
   544    -14.830416637643     18.721844659576
   545    -15.040260424120     19.699579585452
   546    -14.478124689943     20.526624575982
   547    -15.477206336104     20.569471563085
   548    -16.403748761727     20.193281274107
   549    -16.136572818452     21.156929039287
   550    -15.302546982706     20.605203649886
   551    -16.272734994459     20.362850143924
   552    -17.239236755608     20.106190163221
   553    -18.231614567204     20.229422784925
   554    -18.763150779278     21.076458353986
   555    -19.695586127519     21.437795207007
   556    -19.049401643549     22.200976451978
   557    -18.159691042798     21.744451483426
   558    -17.881970106670     22.705113277002
   559    -17.100974172669     23.329649385705
   560    -17.748158991754     24.091982521510
   561    -16.976022374244     24.727439084857
   562    -16.463312001499     23.868877454175
   563    -15.502557246190     23.591478283033
   564    -14.544173455284     23.876961223557
   565    -13.751452214476     23.267376910790
   566    -14.240579405160     24.139589379936
   567    -14.575771767451     25.081739092169
   568    -15.181389774903     25.877494600507
   569    -15.849608326948     25.133529569943
   570    -15.801037167041     24.134709845255
   571    -15.424711886554     25.061197450821
   572    -15.134117288354     26.018043718252
   573    -14.298123377817     26.566782437083
   574    -13.515772563256     27.189620460132
   575    -12.953792641009     26.362469586959
   576    -13.863651893971     26.777386614568
   577    -13.342784097956     27.631023972627
   578    -14.323546541441     27.826229068488
   579    -15.036273567100     27.124787562093
   580    -15.858656316540     27.693722192278
   581    -15.510604832507     26.756246771554
   582    -16.487239300769     26.971153996659
   583    -17.288316274122     27.569715340853
   584    -16.547107325894     26.898440959496
   585    -16.898881022525     25.962355885179
   586    -17.244857980990     25.024112876033
   587    -18.241765790092     25.102692899908
   588    -18.248500196731     26.102670223534
   589    -19.233529920962     26.275054800515
   590    -19.264046186598     25.275520530201
   591    -20.253339306747     25.421462718838
   592    -19.313769241970     25.079106043169
   593    -19.366341007160     24.080488894556
   594    -20.336783783744     24.321820238098
   595    -19.350762581263     24.155200346552
   596    -18.687733177338     24.903793700471
   597    -19.554088072503     24.404364831037
   598    -18.582392906340     24.640603066841
   599    -19.555646427458     24.870336790163
   600    -19.296266038432     23.904561550375
   601    -19.740482221372     23.008641920712
   602    -20.739997999617     23.039757978291
   603    -21.665539049344     22.661110694832
   604    -21.261607832515     21.746321335432
   605    -21.975816661503     22.446254009763
   606    -21.531740040829     21.550265195675
   607    -22.210040563870     22.285049790262
   608    -22.024289965654     21.302452866156
   609    -21.555467523914     22.185745296850
   610    -20.855792236068     21.471284317105
   611    -19.912796427725     21.804088922614
   612    -20.729768163555     22.380766634040
   613    -19.729839574966     22.392717270918
   614    -20.492073708683     21.745415853187
   615    -20.341347889584     20.756840247855
   616    -20.982016257952     19.989022533959
   617    -21.610097814351     19.210875016768
   618    -20.656305720722     18.910407643946
   619    -19.730305992502     19.287931819777
   620    -19.064940345390     20.034449438888
   621    -19.461998945990     20.952242698663
   622    -20.118681546873     20.198075633818
   623    -20.057439238020     19.199952705714
   624    -19.891463019447     20.186082461308
   625    -19.085016355506     20.777389300621
   626    -19.159000201079     21.774648740583
   627    -19.589904929443     20.872251314238
   628    -20.342513151278     20.213782739114
   629    -20.167290550640     21.198311580858
   630    -21.083746435663     20.798175840382
   631    -20.364702229793     20.103211503164
   632    -21.023742326291     20.855319308739
   633    -21.624856787470     20.056156368807
   634    -22.544011011246     19.662258523020
   635    -21.777550557473     20.304550024445
   636    -22.712935733860     19.950919466100
   637    -23.367200580513     19.194653963492
   638    -24.205126405866     18.648869838397
   639    -24.621105074057     19.558244209935
   640    -24.269313073522     18.622166014292
   641    -24.655624393166     19.544534467956
   642    -23.685078370104     19.785450256393
   643    -22.841542989419     20.322523865438
   644    -22.653207638929     21.304628643838
   645    -23.289088985446     22.076415475256
   646    -22.942885847638     23.014575049834
   647    -22.042958260265     23.450614425905
   648    -22.899575098350     23.966567517483
   649    -23.866395735495     24.222023689046
   650    -23.007683585607     23.709565453055
   651    -22.126903192742     23.236040480594
   652    -21.423459189253     23.946791163996
   653    -20.779312739044     23.181888980260
   654    -20.120945298206     22.429192286468
   655    -20.791450611181     21.687287558573
   656    -19.916446466275     22.171402985303
   657    -19.745302243118     23.156648972293
   658    -20.719914739090     23.380547348111
   659    -21.324242014419     22.583811165743
   660    -22.324028603720     22.604469719735
   661    -21.908523331960     23.514060489883
   662    -22.886042944799     23.724904997789
   663    -22.931669198963     24.723863577977
   664    -22.335792551557     23.920787603316
   665    -21.353180669216     24.106459056916
   666    -22.101865769174     24.769384860533
   667    -22.962944753006     24.260913638533
   668    -23.735205503528     24.896219339124
   669    -23.963395631730     25.869835929672
   670    -24.959583227640     25.957072812670
   671    -24.373378247932     26.767235587527
   672    -23.424848291870     26.450548166791
   673    -23.463766419521     27.449790569484
   674    -23.640757312024     26.465578080247
   675    -22.902976031664     27.140617917850
   676    -22.329167529131     26.321628417050
   677    -23.246805114336     26.719046663007
   678    -22.351181699278     27.163859768030
   679    -21.864762790040     28.037585494294
   680    -21.143815859278     28.730575770578
   681    -21.437877306339     29.686362287198
   682    -21.300369482323     28.695861606565
   683    -20.590063600433     29.399754747711
   684    -21.244301184243     30.156043835250
   685    -20.662116219420     30.969100208901
   686    -20.961162391681     31.923338851409
   687    -20.644828530716     30.974690924933
   688    -21.558433583749     30.568088161695
   689    -21.947229009434     31.489412272400
   690    -22.884445120640     31.838161409886
   691    -22.191142658904     31.117514688842
   692    -23.178032958675     30.956122197634
   693    -22.372444973281     30.363646039641
   694    -21.415034957266     30.074914224225
   695    -20.875993506262     29.232634986620
   696    -20.180948862833     28.513668406283
   697    -20.993178730375     27.930330903398
   698    -20.551432186135     27.033191008703
   699    -21.208478712445     26.279340982329
   700    -21.624243010560     27.188813383457
   701    -22.261132849598     27.959768202451
   702    -22.605244473138     28.898696948707
   703    -21.632664483246     29.131265569250
   704    -21.838206553916     30.109913849883
   705    -21.467181234457     31.038536600153
   706    -22.320391857224     31.560103118631
   707    -22.141991930115     30.576145057529
   708    -22.338354321159     29.595613665179
   709    -22.395922859557     28.597272108703
   710    -22.396359899187     29.597272013201
   711    -23.365101700110     29.845343218998
   712    -23.905649488066     29.004029907005
   713    -23.430918044057     29.884160610974
   714    -23.170432683115     28.918682813852
   715    -23.815682787319     29.682654215821
   716    -23.126668083493     30.407401577259
   717    -23.628234561686     31.272520683482
   718    -23.823836422999     30.291837293263
   719    -24.398036532497     29.473122303628
   720    -25.202951425929     28.879732032111
   721    -24.645985149320     28.049196923449
   722    -25.636764809225     28.184680005488
   723    -26.570696815038     27.827229297672
   724    -25.570970906637     27.803817589656
   725    -26.185753612258     28.592514125003
   726    -25.189149990173     28.674862291030
   727    -24.189946231252     28.714760262883
   728    -23.630230644788     29.543445041474
   729    -22.966218530504     28.795723226838
   730    -22.153029914112     29.377723462380
   731    -22.920026456418     28.736072229941
   732    -23.853810926905     29.093908173743
   733    -24.560783149427     28.386666859493
   734    -24.529261653423     29.386169933670
   735    -23.575208243092     29.086533336713
   736    -22.714381502341     28.577635191297
   737    -21.975233290954     27.904092377808
   738    -21.470741286138     28.767508741492
   739    -21.106143306385     27.836343711457
   740    -21.815474038243     28.541219525230
   741    -21.825508864450     29.541169175094
   742    -22.045748126380     28.565723293712
   743    -21.417660125255     27.787580978424
   744    -22.387786425432     27.544980562711
   745    -22.170788141943     26.568808577371
   746    -21.200240164406     26.809716491934
   747    -20.804371598348     27.728023672787
   748    -20.242013319560     28.554917357779
   749    -20.270944186674     29.554498772636
   750    -19.880481480797     28.633880026727
   751    -19.361920542162     29.488920699983
   752    -18.588630493679     30.122973143332
   753    -17.644750621963     29.792684197454
   754    -17.846840504669     30.772051176328
   755    -18.756160465249     30.355953580456
   756    -19.129792359554     31.283530643323
   757    -18.129825924628     31.275337413214
   758    -17.297261839991     31.829266149581
   759    -16.655358786437     31.062480345176
   760    -15.866694946629     30.447655697184
   761    -15.014764161149     29.924001291348
   762    -14.159842780372     29.405243705677
   763    -14.837975459346     30.140183206390
   764    -15.597278558429     29.489446083027
   765    -14.666487737154     29.123893833642
   766    -13.953786880059     29.825361928637
   767    -13.229661066292     29.135694033316
   768    -12.992429976541     28.164240786857
   769    -12.843142703658     29.153034653219
   770    -12.179766783015     28.404748352454
   771    -12.923297938450     27.736047058229
   772    -12.029350301574     27.287875637315
   773    -11.280348233120     26.625307979296
   774    -10.471223880586     27.212945437374
   775    -11.004055611361     26.366724221214
   776    -11.287084106010     27.325835722144
   777    -11.942483437805     28.081118262577
   778    -10.966740704549     27.862197915197
   779    -10.832300734672     28.853119655043
   780     -9.902452583079     29.221063149316
   781    -10.678790072221     28.590745687276
   782    -11.564792404721     29.054426468423
   783    -12.199337474123     29.827312329917
   784    -13.170886389565     29.590473344732
   785    -12.231869420214     29.934344150807
   786    -11.532066583255     29.220008102869
   787    -11.544253800771     28.220082369762
   788    -12.429343174366     28.685503470218
   789    -11.635748671682     28.077056459124
   790    -10.977840732514     27.323958096637
   791    -10.682181906768     26.368664498439
   792     -9.873461127889     25.780471756380
   793    -10.240141904331     26.710818577834
   794    -10.789535179001     27.546382477094
   795    -10.973409047824     26.563432630782
   796    -11.726806044565     25.905866690894
   797    -10.729617285053     25.980797178026
   798     -9.931451003838     26.583234384325
   799     -9.768802073405     25.596550379474
   800     -9.086936863541     26.328028223005
   801     -9.025745406749     25.329902176047
   802     -9.798845834593     25.964185810132
   803    -10.536113122786     25.288584636539
   804    -11.445124327892     24.871812961648
   805    -10.516397766775     24.501047571306
   806    -10.486414753959     25.500597979711
   807    -10.109937413332     26.427023806205
   808    -10.164859492270     25.428533162661
   809    -10.990253068443     24.863975420343
   810    -10.292620310060     25.580430955899
   811     -9.534017745618     24.928877313270
   812     -8.903210501876     24.152937740080
   813     -9.634057413094     24.835479161800
   814    -10.630730393052     24.916983585129
   815    -11.401479545186     24.279844868299
   816    -10.521468771815     23.804891145552
   817    -11.480669433610     24.087617321230
   818    -10.629818656138     23.562209903623
   819    -11.201972298900     22.742063447754
   820    -11.102438706377     23.737097650161
   821    -10.204697702979     23.296573994931
   822    -11.129241560340     23.677649651219
   823    -11.880204991069     23.017305857648
   824    -12.445195863643     23.842403011871
   825    -12.583068694587     24.832852951286
   826    -11.599338564412     25.012505479758
   827    -12.509640917509     25.426449468658
   828    -11.592828178477     25.825766888200
   829    -12.552863762426     26.105644857237
   830    -13.127467845435     25.287213340377
   831    -12.636748813321     24.415895469838
   832    -12.677026124610     25.415084009702
   833    -13.347487930410     24.673139963992
   834    -14.299823007075     24.368086031462
   835    -13.348234923423     24.675462216372
   836    -14.245365520887     25.117227641788
   837    -13.569422630400     24.380273634539
   838    -12.864446674507     25.089504839164
   839    -12.060755269656     25.684551161536
   840    -13.060741998804     25.679399314460
   841    -13.937670103223     26.160020890837
   842    -13.027852614609     26.575029490038
   843    -13.792576797145     27.219387251413
   844    -13.555882756942     28.190971489311
   845    -13.780381888125     27.216497200221
   846    -13.822703431610     28.215601242329
   847    -12.892337887765     28.582234512539
   848    -12.657730247639     29.554324660208
   849    -13.592330151817     29.910025403968
   850    -14.378726141688     29.292302693430
   851    -14.116684842434     28.327246033184
   852    -13.116833713043     28.344500570403
   853    -12.503660596881     29.134449131777
   854    -12.151752740886     28.198414484507
   855    -12.643909705857     29.068920958826
   856    -12.506664021916     30.059457996114
   857    -13.336667378043     30.617216392571
   858    -12.338836357507     30.551388932835
   859    -11.818044579463     31.405072670481
   860    -11.816786171948     32.405071878686
   861    -12.007758559880     33.386667287726
   862    -12.382080923814     34.313965927787
   863    -13.254203466808     34.803253440403
   864    -13.547425313219     35.759297868652
   865    -12.990629865842     36.589947511871
   866    -13.453212708771     35.703371450031
   867    -13.518991642541     34.705537229395
   868    -14.164693462808     35.469126883138
   869    -15.134288431642     35.713842220647
   870    -15.378312863220     36.683611304910
   871    -15.026163588002     37.619555153634
   872    -16.008952889342     37.804285197675
   873    -15.284058914172     38.493145651441
   874    -14.499761734993     39.113530962946
   875    -15.474710712259     38.891102341298
   876    -14.827947020860     38.128411888042
   877    -13.897903354742     37.760962872377
   878    -13.780971813694     36.767822894978
   879    -13.215193000510     37.592379948523
   880    -12.924086599775     36.635689265256
   881    -12.416938084999     37.497547945064
   882    -11.536419633189     37.023536071770
   883    -12.411409129168     36.539394169095
   884    -11.680339879934     35.857090898676
   885    -11.225407616032     34.966564854553
   886    -11.760335245998     35.811462736370
   887    -10.913300328518     36.342999986777
   888    -10.616770052736     37.298023439653
   889    -10.090016410842     36.448005439402
   890     -9.599873508089     35.576363348358
   891     -8.919032921196     36.308794980143
   892     -9.586442989268     35.564104573977
   893    -10.336614857016     36.225347470982
   894     -9.362923857182     36.453219884498
   895    -10.304665705739     36.789556458001
   896    -10.645229370647     35.849334999969
   897    -10.058831556238     35.039311788415
   898     -9.685141511092     35.966865425764
   899    -10.496757856279     36.551056240675
   900     -9.551680302565     36.224210072783
   901    -10.192953476062     35.456897413593
   902    -10.955667228395     36.103633628756
   903    -11.692717485674     35.427795690900
   904    -10.870088977848     34.859216463252
   905    -10.559995730286     33.908510316319
   906    -10.851974715851     32.952085582224
   907    -11.129081813041     33.912924620090
   908    -10.288604939374     33.371077201685
   909    -10.044995864129     34.340950708106
   910    -10.557104117121     35.199871622520
   911    -11.231307241192     35.938417590956
   912    -11.337288363661     34.944049449028
   913    -11.169668030888     35.929901072774
   914    -11.708181959574     35.087284464457
   915    -11.245292566554     35.973700512275
   916    -10.403395186186     35.434062855204
   917    -11.381444179819     35.642437916223
   918    -11.043176473673     36.583487839967
   919    -10.051864402259     36.451956942194
   920     -9.995704650145     37.450378737951
   921     -9.273230370394     36.758980939938
   922     -8.576475468234     36.041671657748
   923     -7.900494956936     35.304752158518
   924     -8.380897050196     34.427703796800
   925     -8.961317335190     33.613386725404
   926     -9.754844331030     34.221921775235
   927    -10.561626253519     34.812771104205
   928    -11.541946819749     34.615358877056
   929    -10.547025688123     34.514701329678
   930    -11.063945659658     33.658667601938
   931    -11.529695916032     34.543583811919
   932    -12.342750179476     33.961395900078
   933    -13.294467194634     34.268372646851
   934    -13.727091554339     33.366798377370
   935    -12.867368082492     33.877558156480
   936    -13.748056678197     34.351253836632
   937    -14.698790040245     34.661263633717
   938    -13.715585998769     34.478753872815
   939    -14.435220987309     33.784401308718
   940    -13.442417626510     33.664645361954
   941    -13.982174011197     32.822824095182
   942    -13.719293547991     31.857995684497
   943    -14.509208749243     32.471211775961
   944    -13.588206851652     32.081653687053
   945    -14.553534288815     32.342695712521
   946    -15.406472242616     31.820683407143
   947    -16.199313929910     31.211255758533
   948    -16.913326777291     30.511123161253
   949    -17.794936267890     30.983102722340
   950    -17.392038261329     31.898347605586
   951    -16.611330712530     31.273451035546
   952    -17.000601144287     30.352327519963
   953    -17.853849127512     29.830822122941
   954    -18.844402670513     29.967948628211
   955    -19.713806643613     29.473846683712
   956    -19.424917199417     30.431209148524
   957    -20.402697426264     30.640841750918
   958    -20.834263486139     31.542923086477
   959    -20.357558850200     30.663859556307
   960    -19.556535308265     31.262492403106
   961    -18.583604186528     31.493587691584
   962    -18.291361610697     30.537243466489
   963    -17.322469279721     30.289760838867
   964    -18.246945805406     30.670999810455
   965    -18.486711150102     29.700168939767
   966    -17.620101586295     29.201182102348
   967    -17.153536339926     28.316695318455
   968    -17.610189341017     29.206340211991
   969    -18.244739465778     28.433458501013
   970    -17.707259568511     27.590181939004
   971    -17.296033492688     28.501715325427
   972    -18.031100497294     29.179709793502
   973    -18.648959323181     29.965998844216
   974    -17.683145296389     30.225234770839
   975    -18.554899439363     30.715178353518
   976    -17.556750353649     30.654363859464
   977    -18.556750253512     30.653916341168
   978    -18.807263286539     31.622029568163
   979    -17.817934711210     31.767731215500
   980    -17.112257424208     32.476264606815
   981    -18.055111296766     32.143058101774
   982    -17.226119506186     31.583797329727
   983    -16.349984673707     32.065863461411
   984    -16.114675530851     33.037784038047
   985    -17.002429256340     33.498102756850
   986    -17.113690862751     34.491893909427
   987    -17.391425914833     33.531236196792
   988    -18.115589189929     34.220864756962
   989    -17.476819696806     33.451466593035
   990    -16.483508121143     33.566931365390
   991    -15.975144255680     34.428073734741
   992    -15.349021475770     33.648349254891
   993    -14.702169775351     32.885733442266
   994    -13.720302959880     32.696161406677
   995    -12.772822233900     32.376348533428
   996    -13.771802885285     32.421488960523
   997    -12.847176289143     32.802363818853
   998    -12.273484084644     31.983292848486
   999    -11.383047545480     32.438400275058
  1000    -11.564519390586     33.421796415702
  1001    -12.109101154083     32.583088657978
