# File chua thong tin toa do cua cac diem 6
##################################################
#  Step                   x                   y
     1      0.000000000000      0.000000000000
     2     -0.142231873873     -0.989833366812
     3     -0.879207294040     -1.665752910893
     4      0.115610887497     -1.767422895078
     5      0.553152762757     -0.868224859385
     6      1.412097624187     -1.380292945701
     7      2.216006080323     -1.975045998785
     8      1.326116543343     -2.431222074411
     9      1.644051239348     -1.483109460279
    10      1.898639903469     -0.516060024055
    11      1.080538144272     -1.091133507706
    12      0.831807794945     -2.059706279017
    13      1.326228636395     -2.928928938374
    14      1.850035517027     -3.780765983707
    15      1.441344117791     -4.693438619536
    16      1.958306144763     -5.549446950494
    17      2.694694991835     -4.872888404684
    18      1.927018706147     -5.513726231589
    19      2.925892251100     -5.561177693020
    20      2.089779082635     -5.012620704623
    21      2.514269109067     -4.107188091195
    22      1.514489822775     -4.086179076442
    23      0.798904864402     -4.784704786313
    24      1.263165183764     -3.899005991087
    25      2.082289914433     -4.472621433353
    26      1.424338969289     -3.719560643122
    27      1.344321528426     -4.716354106763
    28      1.692675542436     -5.653717153252
    29      1.049941722099     -4.887627578727
    30      1.184723976452     -3.896752337382
    31      2.030381331648     -3.363026155148
    32      2.946742146611     -3.763379570020
    33      2.897555863397     -4.762169192285
    34      2.491594679262     -5.676059512277
    35      2.286513477168     -4.697314550325
    36      1.599101293848     -5.423582056292
    37      0.604752452319     -5.317420003981
    38      1.594081159366     -5.463120756937
    39      0.645657573232     -5.780126594838
    40      0.701252645622     -4.781673196864
    41      0.766824789554     -3.783825365810
    42      1.499755954396     -3.103522559992
    43      2.360349227204     -3.612815421515
    44      2.453606528662     -2.617173379551
    45      2.743835664637     -1.660216197316
    46      1.929063495864     -2.239997460374
    47      0.937781402399     -2.108240824198
    48     -0.004532323524     -1.773509824831
    49     -0.592139649496     -2.582656060356
    50      0.034099124196     -3.362287382408
    51     -0.828464262319     -3.868236395891
    52     -1.767863058293     -3.525410051917
    53     -1.377637066751     -2.604690944086
    54     -2.174813098215     -2.000943998041
    55     -2.512946896326     -1.059845950771
    56     -2.525944982952     -0.059930429467
    57     -1.843017913949     -0.790416992261
    58     -2.440299832762     -1.592448356646
    59     -1.818234317948     -2.375413550815
    60     -0.984046927674     -1.823932456028
    61     -1.508152606362     -0.972279218162
    62     -0.938957785396     -0.150076532819
    63      0.035199916691      0.075792392589
    64      0.795655884035      0.725181891835
    65      0.525903042367     -0.237747702897
    66      1.243719545585      0.458484634550
    67      0.984039640970      1.424179382977
    68      1.638664490573      0.668225478110
    69      0.794490007827      1.204293983696
    70      1.459702289691      0.457639699535
    71      1.717294735719      1.423893357613
    72      1.338758452122      2.349479810626
    73      2.227244084301      2.808384246659
    74      2.888387056967      3.558644181411
    75      3.350915124544      4.445248820867
    76      3.307027178963      5.444285280778
    77      3.661684829518      6.379281511200
    78      3.478283026488      5.396243476002
    79      2.694980047091      6.017883598958
    80      2.876245070492      7.001317883133
    81      2.034336483852      7.540938056721
    82      2.979054703133      7.213054714419
    83      3.054821731182      8.210180261910
    84      2.759888214471      9.165698038155
    85      2.512491535181      8.196783757594
    86      3.501186258647      8.346726225859
    87      4.416371465547      7.943692682501
    88      3.416413457007      7.934528559159
    89      2.692412675037      8.624327709424
    90      2.559001360731      9.615388464986
    91      2.113474575885     10.510657074949
    92      1.311651730839      9.913095257927
    93      1.534859295437      8.938324319139
    94      1.957355154402      8.031959464813
    95      2.614520262951      8.785706119934
    96      3.468315528461      8.265097202808
    97      3.133107387233      7.322953104458
    98      2.375421988236      6.670333126105
    99      1.426433177908      6.355023377014
   100      1.393301995887      7.354474388709
   101      0.893160983387      8.220418363580
   102      1.406624490725      9.078529793775
   103      1.577652201539     10.063796012690
   104      0.656174382403      9.675365029321
   105      1.534757816954      9.197776138610
   106      1.139396547297     10.116301841274
   107      0.327856409459      9.532005166049
   108      1.110677431681      8.909758231812
   109      1.938221291975      9.471159299935
   110      1.366257019892     10.291437832790
   111      2.127500789382     10.939903655646
   112      2.341281883183      9.963022064084
   113      3.205420991950     10.466275082654
   114      3.640270278005     11.366778329965
   115      3.518686967176     12.359359560157
   116      2.527878895614     12.224084413407
   117      3.377630991088     11.696901924854
   118      2.703125840617     12.435172066460
   119      1.819614854488     11.966761629566
   120      1.076573091250     11.297516578719
   121      0.263064477449     10.715963713304
   122      1.184394001835     10.327181116605
   123      0.928671247931      9.360430955945
   124     -0.064405021359      9.242959583374
   125     -1.036508268007      9.477512941604
   126     -1.694039980214     10.230939810942
   127     -0.945464792366     10.893989724703
   128     -1.910033110384     11.157822929355
   129     -2.189177063377     10.197573663014
   130     -1.715085200574     11.078049049169
   131     -1.038511028455     10.341674559102
   132     -1.225705533818     11.323997427187
   133     -2.165358951219     10.981869592650
   134     -1.203062150616     10.709867997896
   135     -2.092501529475     10.252814837603
   136     -3.082037294099     10.397102642118
   137     -3.794036768561     11.099282639245
   138     -3.485810179643     12.050595610818
   139     -3.371828343811     11.057112776995
   140     -2.583844175812     11.672808278833
   141     -2.138981916315     12.568407279544
   142     -2.793649122902     13.324324502935
   143     -2.133883024233     12.572853482171
   144     -2.843629653907     11.868396441844
   145     -3.764856528062     11.479370676200
   146     -2.832499379370     11.117832092807
   147     -1.976564888073     11.634916366991
   148     -2.602823282819     10.855300805955
   149     -2.438174666229      9.868948519469
   150     -3.133017396547      9.149786799046
   151     -3.871458230929      8.475468525440
   152     -4.091065364898      9.451056915444
   153     -4.621039320846      8.603042996916
   154     -3.662631733310      8.888446038513
   155     -3.663338351568      9.888445788858
   156     -4.650340695310      9.727739928829
   157     -5.266011789482     10.515743167275
   158     -5.374717149339     11.509817180988
   159     -4.770619620481     12.306727574713
   160     -5.116742317757     11.368538319589
   161     -6.068490676120     11.061658762835
   162     -5.806376166489     10.096621984343
   163     -6.061045619510     11.063650148203
   164     -6.603544245542     11.903706837215
   165     -7.267052194267     11.155537603701
   166     -8.050816811539     11.776595591906
   167     -7.964252701405     10.780349309686
   168     -7.165232484594     11.381653469931
   169     -6.669951487836     12.250386302423
   170     -6.131464948388     13.093020414498
   171     -7.102856804685     12.855538075114
   172     -6.140990144792     13.129056865304
   173     -5.555171575948     13.939499092978
   174     -5.087753759049     14.823535621887
   175     -4.604299287054     13.948166115045
   176     -5.262223824405     14.701249977010
   177     -4.791062450774     13.819202948786
   178     -4.386422752625     12.904726751894
   179     -4.828294740516     13.801804867956
   180     -4.693304905189     14.792651851278
   181     -3.939750006535     14.135266869160
   182     -3.073899935807     14.635570432030
   183     -2.222735846433     15.160470130029
   184     -2.036320826694     14.177999041184
   185     -2.864828660634     13.618021569227
   186     -3.817425891636     13.313787259052
   187     -3.955056654836     14.304270864682
   188     -3.109015995871     13.771152488167
   189     -3.855051685674     14.437058449650
   190     -3.536646240590     15.385013075432
   191     -4.410438164416     15.871313058834
   192     -3.733602857472     16.607447535185
   193     -4.548976268948     16.028512133039
   194     -4.194978959395     16.963758573732
   195     -3.493125539886     16.251437173293
   196     -2.905700729493     15.442158425188
   197     -3.559126752407     14.685168047060
   198     -2.572615262905     14.521476015859
   199     -3.356452719734     13.900509961013
   200     -3.871418701661     14.757720575423
   201     -3.330878745173     13.916402231726
   202     -4.122472763564     13.305354844000
   203     -3.911730722848     14.282896552713
   204     -3.264519970634     13.520585433669
   205     -3.530651113590     12.556648602363
   206     -2.843789989505     13.283437289823
   207     -3.567002819087     13.974062516070
   208     -2.598035922445     14.221253036141
   209     -2.595470107835     15.221249744433
   210     -1.664372465058     15.586019781050
   211     -0.905507762911     14.934771469087
   212      0.034045007434     15.277175604193
   213      0.765066145170     15.959530421120
   214      1.098914728996     16.902157135720
   215      1.743527835587     17.666666091070
   216      2.466242163493     18.357812964202
   217      3.324848404397     17.845177301105
   218      2.466746690845     18.358657046761
   219      2.858443807091     19.278751264287
   220      3.266993686823     20.191487258850
   221      3.292229310017     21.191168789800
   222      2.549953770877     21.861263577121
   223      2.637527190155     20.865105509224
   224      1.764397145917     20.377618149544
   225      1.019138794031     21.044393965651
   226      0.327034984979     20.322595990109
   227      0.154419749939     19.337606659897
   228     -0.029322210900     18.354632147599
   229     -0.781485201823     17.695655034881
   230     -0.594598757621     16.713273511758
   231      0.401651643021     16.626756812667
   232      0.886682607441     17.501253790109
   233      1.304221299084     16.592594645555
   234      0.917687375043     15.670319455839
   235      1.790317368266     16.158701370869
   236      1.243610072736     15.321377578651
   237      0.422728375788     15.892475853570
   238      1.099124979314     16.629013452569
   239      0.240045030863     16.117172029694
   240     -0.626978924862     16.615438484716
   241     -0.916433393552     15.658246701134
   242     -1.704758526405     16.273505577472
   243     -0.810920874753     16.721896313872
   244     -1.796682544816     16.890044848905
   245     -2.727517509226     16.524605019340
   246     -3.358152326332     15.748525302138
   247     -2.660552936386     16.465013327960
   248     -2.224983209551     15.564858334048
   249     -2.039844491170     14.582145937181
   250     -1.306660626533     13.902115481513
   251     -2.301255681504     13.798285444305
   252     -3.015415157405     13.098302413810
   253     -3.928010478447     13.507166425448
   254     -4.224886897052     14.462082333827
   255     -4.362337574421     13.471573721401
   256     -3.756986486060     14.267532300612
   257     -4.723066173138     14.009288156021
   258     -4.069056101342     13.252802316108
   259     -5.059611030259     13.389918809632
   260     -5.865142750753     12.797366156041
   261     -5.124203118137     12.125794521129
   262     -5.614163891231     12.997539002516
   263     -4.988407479494     12.217520468653
   264     -5.105848019565     11.224440552660
   265     -4.490890053570     10.435880662697
   266     -4.998561268572      9.574329771886
   267     -4.034169459977      9.309852098889
   268     -5.012081335692      9.518869713783
   269     -4.485823750498      8.668544508919
   270     -3.689823529334      8.063248178263
   271     -4.599554157385      8.478447147898
   272     -5.594904810547      8.574764733259
   273     -6.162996609918      9.397729925407
   274     -7.162988245089      9.401820107282
   275     -8.058961764101      9.845927586650
   276     -7.885440207263     10.830757657938
   277     -8.170358070982     11.789309592333
   278     -7.347826444474     11.220590220944
   279     -8.118983762909     11.857234855118
   280     -9.118623424458     11.830391847495
   281    -10.008753238754     11.374684799380
   282     -9.098300677994     10.961071290649
   283     -8.550773057383     10.124283680398
   284     -9.245357659505      9.404872650114
   285     -9.407942900540      8.418178148560
   286     -8.412072236953      8.508961524826
   287     -9.067269154254      7.753503385974
   288     -8.112812726128      7.455153043575
   289     -7.370601171892      8.125318701274
   290     -6.983898591591      9.047523187486
   291     -6.950227286405      8.048090226649
   292     -6.504026454643      7.153157370097
   293     -7.075540726264      7.973749496147
   294     -6.482664693658      7.168455754732
   295     -7.094614402498      7.959352431834
   296     -6.400849937347      7.239150469261
   297     -6.320480430271      8.235915608264
   298     -7.274083278207      7.934848159992
   299     -7.313585400491      8.934067646559
   300     -7.305674824597      9.934036357464
   301     -6.438823734226     10.432603491483
   302     -5.598417011638     10.974559708007
   303     -6.441658655651     11.512094385774
   304     -6.207394257423     10.539921463027
   305     -7.178527576472     10.778458832496
   306     -8.104637639718     10.401205402088
   307     -8.365651024348     11.366540583796
   308     -8.032538926462     10.423653352871
   309     -7.391009944182     11.190752150220
   310     -7.911247610214     12.044773678545
   311     -6.912015496832     12.083955097445
   312     -7.458219988471     12.921606966251
   313     -8.226122993212     12.281040829689
   314     -8.029531981816     13.261526410531
   315     -7.972161320082     12.263173463336
   316     -8.203537005093     13.236037941250
   317     -7.684550911252     14.090820623807
   318     -6.697570853097     13.929977952833
   319     -6.331666867933     14.860630559148
   320     -5.543190262586     14.245565812296
   321     -6.513432871566     14.003430974406
   322     -6.203356723037     13.052719250425
   323     -6.231419914910     14.052325401498
   324     -7.051693551676     14.624296695207
   325     -6.516585567603     15.469080363007
   326     -6.142157677135     16.396336398220
   327     -5.146498790796     16.303259107462
   328     -4.580102760505     15.479125904108
   329     -4.677007553417     16.474419559825
   330     -4.085866459626     17.280987726338
   331     -5.085780407604     17.267869165516
   332     -4.085950613177     17.286318614683
   333     -4.923738491254     17.832314467549
   334     -5.286700439027     16.900510505082
   335     -6.055581023871     17.539902909048
   336     -5.633204508808     16.633482432931
   337     -4.748947373881     16.166482091036
   338     -4.235336251071     17.024505176114
   339     -4.153156729363     18.021122718711
   340     -3.635751621870     17.165382130249
   341     -4.513639567918     16.686516017245
   342     -4.318359444605     17.667263524730
   343     -5.180938427998     17.161341102407
   344     -5.831794002681     17.920542670440
   345     -6.787793439455     18.213911170603
   346     -7.751429711812     17.946693778585
   347     -7.262837112455     18.819205825409
   348     -7.518993997753     19.785841046221
   349     -6.530301492143     19.935798137916
   350     -7.526180416977     19.845105431097
   351     -8.460883508179     20.200534933667
   352     -7.522732173416     20.546760399343
   353     -8.308847830010     21.164839823412
   354     -7.626263443760     21.895646607484
   355     -8.031252571950     22.809968107859
   356     -7.290585160590     22.138096255681
   357     -8.198675899647     21.719322797070
   358     -7.671009480598     20.869871120865
   359     -7.081378459111     20.062198378660
   360     -6.476589778761     20.858584373087
   361     -7.178880392379     21.570474739663
   362     -6.447675085846     22.252632199270
   363     -7.444450525150     22.172390541766
   364     -6.743982095695     21.458707153045
   365     -7.699841545711     21.164882865731
   366     -7.686154773736     20.164976533982
   367     -8.199869706971     19.307015598174
   368     -8.766616576096     18.483123623254
   369     -9.506866223326     17.810791517985
   370    -10.506516784330     17.784357526910
   371    -10.543301228258     18.783680750239
   372     -9.981817897393     19.611168797985
   373     -9.651821190241     20.555150881114
   374     -8.891779796217     21.205025545468
   375     -9.757705779110     21.705197707979
   376     -9.393514391127     22.636521836797
   377     -8.768534472517     23.417162664153
   378     -9.544127097411     22.785928887958
   379    -10.536399896757     22.910004234733
   380     -9.631258074416     23.335113963449
   381     -9.041600958091     24.142767654809
   382     -9.821515727119     24.768653389629
   383     -9.116786324662     24.059177196011
   384     -9.968940010233     24.582468793656
   385    -10.511345683725     23.742352084285
   386    -11.059222827015     24.578910890264
   387    -11.665649703193     25.374050150927
   388    -10.679639218431     25.540733455248
   389    -11.333548951292     26.297306030266
   390    -12.206389513573     25.809300545833
   391    -12.201727470082     26.809289678449
   392    -12.364474555459     25.822621858866
   393    -13.039634511253     26.560293218004
   394    -12.255961534938     25.939119597996
   395    -13.054861481570     25.337655654546
   396    -13.919893470473     25.839372365624
   397    -12.982927475059     25.489951811795
   398    -13.886808688709     25.062168278205
   399    -14.637911738233     24.401983297312
   400    -15.628764492187     24.267035826123
   401    -16.628753812637     24.262414247673
   402    -17.517327805093     23.803680926526
   403    -18.502814160895     23.633926272603
   404    -17.702255678284     23.034671638978
   405    -16.788833688170     22.627657796493
   406    -17.392007100454     23.425267873356
   407    -18.351730928981     23.144322731102
   408    -18.004852150463     24.082232701736
   409    -17.186106998967     23.508075600498
   410    -17.887306818286     22.795110795344
   411    -17.037258665785     23.321815777692
   412    -17.532114267335     22.452840557323
   413    -17.453606119800     23.449754029381
   414    -18.431326353003     23.659666262435
   415    -19.152353661697     24.352572908469
   416    -19.387400382778     23.380588835086
   417    -20.190101602003     22.784207453205
   418    -20.142684398350     21.785332281426
   419    -19.142685871396     21.783615863385
   420    -18.382817226286     22.433692506695
   421    -17.837142344296     23.271689477552
   422    -17.322053373163     24.128826194662
   423    -17.574405502194     25.096461664750
   424    -17.028668563714     24.258505106223
   425    -17.499965896792     23.376530716667
   426    -16.931823120509     22.553600716146
   427    -17.931707290722     22.538380789800
   428    -18.244116629786     21.588433209738
   429    -19.217680524858     21.816848056478
   430    -20.160603892501     22.149857850258
   431    -20.891199285102     21.467047208637
   432    -20.916694784943     22.466722145548
   433    -21.916041027451     22.502875811836
   434    -22.692107313847     23.133527156970
   435    -21.988198962670     23.843817965824
   436    -22.908595274297     24.234804704145
   437    -23.308545686135     23.318267924702
   438    -24.308246045126     23.293789521289
   439    -24.098692578365     24.271586711185
   440    -23.929780774995     25.257217880883
   441    -23.568281881321     24.324845342746
   442    -22.618085837700     24.636498160299
   443    -21.763673179397     24.116903116703
   444    -22.497337204167     23.437390718906
   445    -21.542904039012     23.138965965823
   446    -22.342762941227     23.739154050133
   447    -21.726179191980     24.526443374439
   448    -20.880860133694     23.992181556883
   449    -21.879218816866     24.049452315002
   450    -20.909854276033     23.803825795718
   451    -20.694696301956     24.780405053224
   452    -20.569254391175     25.772506019366
   453    -20.967640394547     26.689723873704
   454    -21.819563949855     27.213390042089
   455    -22.761923738045     26.878788742624
   456    -23.478977842776     26.181771231446
   457    -22.484619379244     26.075699340723
   458    -21.795682690595     26.800520862915
   459    -20.860863290355     26.445397378847
   460    -21.544154171119     25.715251111128
   461    -22.298203677024     26.372068698167
   462    -21.418105928616     25.897276161108
   463    -22.205119377136     25.280340320158
   464    -22.052331838490     26.268599379329
   465    -21.926404331412     25.276559933057
   466    -21.020209685571     24.853699123986
   467    -21.690422386267     24.111530049027
   468    -20.828984867477     24.619393614585
   469    -19.893816181624     24.265190948023
   470    -20.434818980115     25.106211739696
   471    -19.832710395464     24.307797528719
   472    -19.157122111760     23.570518428973
   473    -19.846388930167     22.846010835470
   474    -19.818435076258     23.845620050139
   475    -20.283114561590     22.960141097305
   476    -19.437875716592     22.425752385873
   477    -19.106762360028     21.482161401862
   478    -18.554544257377     20.648461715462
   479    -17.995049176875     19.819628044033
   480    -17.091743742758     19.390630033904
   481    -16.772492892297     18.442959788260
   482    -16.319624557723     19.334537194624
   483    -15.410826398479     18.917301163396
   484    -15.881352247621     18.034914952438
   485    -15.969742593452     19.031000865783
   486    -16.885519511323     19.432688103187
   487    -17.732026716527     19.965065367483
   488    -16.880231400343     20.488940103777
   489    -17.833209127622     20.791980449788
   490    -17.339530460471     19.922336054877
   491    -18.005293118740     19.176172478404
   492    -17.123375949204     18.704768080803
   493    -16.745406672667     17.778949942077
   494    -16.471908169542     16.817077513536
   495    -17.109565937782     17.587397298173
   496    -17.998925562038     17.130188966289
   497    -17.024559379235     16.905221097891
   498    -16.545699781749     16.027329597821
   499    -15.546735775982     16.072836906915
   500    -14.566783999923     16.272071734693
   501    -14.355190444374     15.294713986860
   502    -13.956056670671     16.211606690882
   503    -14.216374491922     17.177129674523
   504    -13.412034514732     17.771299011576
   505    -14.377455333022     18.031995470341
   506    -14.536636677798     17.044746110009
   507    -14.936412991461     17.961358841229
   508    -13.954546252578     18.150931273491
   509    -13.274165737484     18.883790301327
   510    -13.031788451938     19.853972372616
   511    -13.768977784718     20.529658607222
   512    -14.708706587528     20.871579324886
   513    -13.793127898496     21.273718186711
   514    -14.557908590568     20.629427496856
   515    -15.448696058964     21.083847661626
   516    -14.990740786052     20.194872426868
   517    -15.760180576612     20.833591777368
   518    -16.403539229083     20.068026858964
   519    -16.806160739045     20.983393408340
   520    -17.565514546535     21.634071358673
   521    -17.055534556712     22.494257623374
   522    -17.442752146659     23.416245984491
   523    -18.390950721753     23.733924221375
   524    -17.398763159117     23.858679343715
   525    -17.718507907765     22.911175625669
   526    -18.375777254918     23.664831386141
   527    -17.457152000695     23.269701480535
   528    -17.053281149842     24.184517492546
   529    -17.607200787177     25.017087630958
   530    -16.798989448969     24.428195083211
   531    -17.383816147144     25.239353349581
   532    -16.437047839195     25.561269132143
   533    -16.369494085698     24.563553496108
   534    -15.446562577256     24.948517690190
   535    -15.701945350312     23.981677662457
   536    -16.099293626677     24.899345547517
   537    -16.011846279840     23.903176404484
   538    -16.942874732143     24.268123004690
   539    -16.841294352032     25.262950339646
   540    -15.990407194105     24.737601841527
   541    -15.016461113701     24.964381541820
   542    -14.334322743241     24.233158427069
   543    -13.360696610585     24.005009015916
   544    -12.746709043082     23.215693320550
   545    -12.095102963532     23.974250844469
   546    -12.278621287888     24.957267133564
   547    -11.666156470642     25.747764981528
   548    -12.161399767684     26.616519306257
   549    -12.713066852729     27.450583708613
   550    -13.488587251199     26.819261198672
   551    -13.971051759599     25.943345678697
   552    -12.998430144737     25.710951198766
   553    -13.395859886383     24.793318592297
   554    -14.134332030368     25.467602577394
   555    -14.775544615142     24.700239285903
   556    -14.277930545497     25.567637831954
   557    -15.149750191114     26.057464847866
   558    -15.969252243347     26.630541096184
   559    -16.688648459376     27.325141041738
   560    -16.284332217050     28.239760293772
   561    -16.926213326319     29.006564467967
   562    -16.710653117275     29.983055019010
   563    -16.809415024500     28.987943926880
   564    -15.866962194543     28.653604782735
   565    -16.249544498904     27.729683368117
   566    -15.647043304047     28.527801348240
   567    -14.740664289263     28.950266827966
   568    -15.362293030488     28.166954816004
   569    -16.341307638413     27.963164734134
   570    -16.813084207499     28.844882868723
   571    -17.485252170747     29.585281564820
   572    -16.816728333975     30.328972279881
   573    -16.125285408895     29.606541188803
   574    -16.973626327724     30.135991550442
   575    -16.047364597125     29.759110658877
   576    -17.019516409196     29.524758670861
   577    -17.335158767347     28.575880437503
   578    -16.413129020389     28.188761404485
   579    -15.422262275116     28.323606104467
   580    -15.942963067498     29.177345341479
   581    -16.924629833278     29.367950590524
   582    -17.802295831582     29.847223368199
   583    -17.949210032356     28.858074128898
   584    -17.960383006237     29.858011709277
   585    -16.977065150459     30.039907268618
   586    -17.828406935210     29.515295826181
   587    -18.605988996357     30.144077297108
   588    -18.846539598344     29.173440697817
   589    -19.427762839717     29.987184849063
   590    -20.335044588075     30.407708129151
   591    -19.788293469582     29.570412951554
   592    -18.834108707253     29.271194905076
   593    -18.188551025353     30.034906420859
   594    -19.148761303274     29.755628383460
   595    -18.151700485852     29.679014244021
   596    -19.096790497270     29.352204099873
   597    -18.694161920152     28.436840658999
   598    -18.364623840838     29.380982943976
   599    -18.514394977228     30.369703635934
   600    -18.171596457724     31.309112585767
   601    -18.576565038845     30.394781984559
   602    -17.608966711788     30.647276494354
   603    -17.801685505508     29.666022466822
   604    -17.066543402132     28.988109428267
   605    -17.865006708958     29.590152904814
   606    -18.806425688981     29.252913666212
   607    -18.071026575932     29.930547892419
   608    -17.411565612470     30.682286701893
   609    -18.233379018943     31.252043426243
   610    -17.274391171843     30.968596236959
   611    -16.830004422493     31.864431275904
   612    -17.750604969430     31.473925663936
   613    -17.188367565593     30.646949786581
   614    -17.902184239495     29.946617182700
   615    -17.192717756698     30.651356361253
   616    -16.203032797780     30.794617249462
   617    -16.831008983670     31.572849804650
   618    -16.131281163130     32.287259335075
   619    -15.414838404360     31.589613455415
   620    -16.179392783938     30.945054225656
   621    -16.766338552518     31.754680475692
   622    -17.562745761062     32.359441220267
   623    -17.974935575599     31.448343225103
   624    -18.937927159920     31.178811763995
   625    -18.082334915586     31.696462139668
   626    -18.759608979118     30.960731317379
   627    -18.524640378756     29.988728356044
   628    -19.524597038981     29.998038440524
   629    -20.277969199572     30.655632834999
   630    -21.266389284600     30.503890502366
   631    -21.981167699368     31.203241499921
   632    -21.087515343279     31.652001420654
   633    -21.575968288579     30.779411184502
   634    -20.596685614295     30.576913175009
   635    -19.788082813502     29.988558256147
   636    -20.028395448489     30.959253799283
   637    -20.531991604670     31.823192982028
   638    -21.104907659891     31.003578930373
   639    -22.091444086942     31.167120601211
   640    -23.090066989956     31.114658256851
   641    -23.409378254614     30.167008365667
   642    -23.147323864022     29.201955260200
   643    -23.452002823008     30.154410367778
   644    -23.488487438667     29.155076153003
   645    -23.106292086663     28.230994601998
   646    -24.079385697782     28.461404723299
   647    -24.223094704480     29.451024711675
   648    -24.987432772457     28.806208987734
   649    -25.737500105900     29.467570458716
   650    -26.333999940983     30.270183657428
   651    -26.063865750265     31.233006340483
   652    -25.129724304191     31.589909350735
   653    -24.138932987513     31.454511541315
   654    -23.807722497933     32.398068434985
   655    -24.424775869335     31.611147132160
   656    -24.411937334506     32.611064714775
   657    -23.542083681679     32.117754850022
   658    -22.562818924761     32.320339488773
   659    -22.111522293313     33.212713485730
   660    -22.485896606918     34.139991153590
   661    -23.395912575405     34.554564352311
   662    -22.779454054933     33.767176968276
   663    -23.018397215032     32.796143412604
   664    -22.610804850400     33.709307398037
   665    -21.749993639801     34.218231812569
   666    -21.164999396754     33.407194368550
   667    -21.964506136558     32.806537250880
   668    -21.418532575985     33.644339656675
   669    -21.788513291655     34.573379090731
   670    -22.787318016921     34.622257723953
   671    -23.609613006411     35.191319188349
   672    -24.007475733409     34.273874230619
   673    -23.010888442322     34.191328659903
   674    -22.179602144132     34.747173143946
   675    -22.640735182661     35.634504153647
   676    -23.615746650656     35.856658688323
   677    -24.113894183162     36.723750976294
   678    -24.712229766217     37.524996587858
   679    -24.998752232814     36.566923064512
   680    -24.023259594474     36.786955136136
   681    -24.825839848657     37.383499296777
   682    -25.616531521787     37.995713865408
   683    -25.365347085804     38.963653108914
   684    -25.426039404844     39.961809630913
   685    -25.167424300635     38.995829181901
   686    -25.548797994066     39.920250139018
   687    -24.667119459506     40.392100710380
   688    -25.212731920180     41.230138324546
   689    -24.477117267267     41.907538562529
   690    -25.475843144793     41.958002624585
   691    -24.476374687684     41.925401961357
   692    -24.609040352837     40.934241116041
   693    -23.667255711196     40.598024387176
   694    -23.118508889840     41.434012979234
   695    -22.593884901465     40.582678925633
   696    -22.762765380018     41.568315463086
   697    -22.871563731782     42.562379303417
   698    -23.449548408368     41.746331686160
   699    -24.280612996232     42.302507603292
   700    -24.580175091468     43.256584408952
   701    -24.611309466705     44.256099616780
   702    -23.618786176260     44.378155005532
   703    -22.648802017142     44.621323118288
   704    -23.208165028044     45.450245926536
   705    -22.563802746735     44.685525552527
   706    -21.575987920202     44.841159316481
   707    -22.114745468227     45.683620178744
   708    -21.709142173487     46.597669393664
   709    -20.709417317219     46.621125986766
   710    -19.946411376226     47.267517457943
   711    -20.605890922667     46.515794950746
   712    -21.391967526320     47.133924041786
   713    -20.749867513294     46.367303162033
   714    -20.063795415914     47.094836719470
   715    -19.449229075150     47.883701861810
   716    -18.452313220974     47.805223968796
   717    -19.247565783237     48.411502256560
   718    -19.165513281302     49.408130264859
   719    -18.583885215946     50.221585115228
   720    -19.567192703195     50.039633513095
   721    -19.340313231502     49.065710669476
   722    -19.952187920189     48.274755951844
   723    -19.154782815052     48.878200314069
   724    -18.254783673078     48.442308648117
   725    -17.516016751684     47.768347643419
   726    -16.801670579097     48.468140145315
   727    -16.542348297791     47.502349301282
   728    -16.256686895329     46.544018688631
   729    -17.163258487968     46.966070755822
   730    -16.283534627085     46.490585815374
   731    -17.276701130795     46.373879791928
   732    -16.374173676554     46.804512111131
   733    -16.936306228800     47.631559264385
   734    -17.829747398261     47.182379036956
   735    -16.944225317470     46.717781744204
   736    -16.053419815920     46.263396931069
   737    -16.902752792648     45.735539474324
   738    -16.099045278056     45.140514910976
   739    -16.771604573010     45.880558149423
   740    -16.418456091470     46.816125437215
   741    -16.718125600200     45.862082364006
   742    -15.946332489569     45.226208638820
   743    -14.981344209973     45.488501643382
   744    -15.503914063602     44.635905169030
   745    -14.965164122252     43.793439442311
   746    -15.527737461156     44.620186827160
   747    -14.879447552127     45.381580413848
   748    -14.449224098101     46.284302840514
   749    -13.946602434420     45.419796355172
   750    -14.281910225404     44.477687717432
   751    -14.536040845522     45.444857623870
   752    -15.177011346773     44.677292111014
   753    -15.759374189878     45.490221086368
   754    -16.390155286308     44.714260257211
   755    -15.421335629986     44.466493282969
   756    -16.413458355553     44.341223584260
   757    -15.826180264719     43.531838358285
   758    -16.716109164980     43.075739079093
   759    -16.782508037985     42.077945919333
   760    -16.835145173392     43.076559624415
   761    -16.670003059139     42.090289842813
   762    -16.499861339321     43.075709446422
   763    -15.854166203246     42.312114140485
   764    -16.844261074654     42.171714191723
   765    -15.872421841087     42.407359060327
   766    -16.653511099680     41.782939673929
   767    -15.658982351594     41.678476430488
   768    -15.050499710458     40.884909246542
   769    -14.434568312063     40.097109454418
   770    -13.440060866900     39.992443597927
   771    -14.159695651994     39.298090822976
   772    -15.079496311020     39.690476790686
   773    -14.822943061849     38.723946692686
   774    -14.197245107060     39.504012119027
   775    -15.181944534427     39.329750712678
   776    -16.039141262257     38.814761615902
   777    -16.364611261179     37.869209248340
   778    -15.800652196846     38.695011993405
   779    -14.800808685951     38.677321495373
   780    -15.636649045350     39.226294075380
   781    -16.370828543469     39.905249496996
   782    -17.083261961167     40.606989210385
   783    -17.928097828850     40.071963644009
   784    -16.928284950983     40.052619155103
   785    -17.810914751356     39.582550398969
   786    -18.436837894377     38.802665651695
   787    -19.344745825242     39.221835294050
   788    -18.974235205402     40.150663523910
   789    -19.893058625136     40.545332402020
   790    -19.455314958848     41.444432219963
   791    -18.794778163722     42.195225894873
   792    -18.427024690662     41.265302573812
   793    -19.244414154592     40.689217107708
   794    -19.614866732572     41.618068488430
   795    -20.602079380303     41.777477359452
   796    -20.294361903751     42.728955133561
   797    -20.577204565709     43.688121453120
   798    -21.567617414936     43.826260470366
   799    -22.326927059439     43.175530984508
   800    -22.770810895419     42.279446646873
   801    -21.983237001045     41.663226425766
   802    -22.514266918092     42.510579496924
   803    -22.775491542999     41.545301456491
   804    -22.617858422791     42.532799203027
   805    -22.202893036887     41.622962004127
   806    -21.224642385130     41.415535722434
   807    -20.768834047182     40.525457771321
   808    -21.365738368987     39.723145344263
   809    -20.377438874727     39.875671111417
   810    -19.540953050827     39.327682547290
   811    -18.820623405034     38.634050655440
   812    -18.900753067018     37.637266206690
   813    -17.941383952442     37.919420246175
   814    -18.848643460716     37.498848986283
   815    -18.372035560891     36.619733004273
   816    -19.355835494140     36.799002888356
   817    -19.688995280734     37.741873270008
   818    -18.819468594703     38.235759230813
   819    -18.859924544753     37.236577907876
   820    -19.423461243505     38.062668937460
   821    -18.428034190117     38.158193705890
   822    -17.656376683424     38.794231984898
   823    -18.347361093163     39.517101645002
   824    -19.062861812401     40.215713640869
   825    -19.048434386625     39.215817721593
   826    -19.897194419900     39.744595941562
   827    -19.664772908282     40.717211097180
   828    -19.477968840434     41.699608287850
   829    -18.489533012205     41.851248036840
   830    -19.475305371323     41.683162177831
   831    -20.212814887312     42.358498918892
   832    -21.207876117791     42.457761941200
   833    -21.721112561057     41.599514684693
   834    -20.968683658638     42.258188159796
   835    -21.877769531823     41.841579380272
   836    -21.078434668569     42.442465206688
   837    -20.893905288113     43.425292204561
   838    -21.708750094712     44.004971375446
   839    -20.838560684868     43.512254021384
   840    -20.574713016930     44.476818383219
   841    -19.724871052077     43.949780780410
   842    -19.188234504754     43.105967284383
   843    -18.448297299938     43.778643233804
   844    -19.413886467984     44.038715451758
   845    -18.666264400134     43.374591032945
   846    -18.442083958847     44.349138686856
   847    -18.312530928986     43.357566192051
   848    -17.391916599648     43.748039310995
   849    -18.298878282520     44.169252446834
   850    -19.010527467166     44.871787455208
   851    -18.033527134544     45.085025233418
   852    -17.062179155820     44.847363490116
   853    -16.753903166551     45.798660454497
   854    -16.889633660946     44.807914658195
   855    -16.556114278778     45.750657900927
   856    -17.255339168817     45.035756122255
   857    -16.396375406571     44.523719741568
   858    -16.583600175004     43.541402640991
   859    -17.367168241554     42.920096689721
   860    -16.679196709596     43.645834363551
   861    -17.259402928105     42.831364754540
   862    -18.102749480543     43.368734824874
   863    -17.318355383017     42.748472058165
   864    -16.706791314553     41.957277145287
   865    -15.827003215261     41.481911075458
   866    -16.693773307848     41.980619012629
   867    -16.052986313687     41.212900295836
   868    -16.504680246266     42.105073256237
   869    -17.458277044582     42.406159865440
   870    -17.347200649064     41.412347994733
   871    -16.549881200878     40.808790460156
   872    -17.167683014947     40.022456613414
   873    -18.136209805066     40.271365947958
   874    -17.292228187690     40.807738047840
   875    -16.585904249596     41.515626806385
   876    -15.641860775908     41.185805764322
   877    -15.085729261950     42.016900066542
   878    -14.189635312213     41.573035635389
   879    -13.827990300892     40.640719763065
   880    -14.825963319587     40.577081300187
   881    -13.826008989482     40.586638376338
   882    -14.633286919868     39.996466924036
   883    -14.526011373000     39.002237595841
   884    -15.479766770304     39.302821431256
   885    -15.259184527459     38.327453052569
   886    -16.164440416450     37.902586278808
   887    -17.160596882912     37.814994644925
   888    -16.533765376434     37.035839806343
   889    -15.613159921551     37.426333847833
   890    -16.324449129795     38.129233315919
   891    -15.343890318917     38.325458743446
   892    -14.434826124062     38.742114824204
   893    -14.484058866269     39.740902157471
   894    -14.368904181170     38.747554585622
   895    -15.198742982406     39.305557779128
   896    -15.160371829933     38.306294222974
   897    -14.163779286347     38.388776354785
   898    -13.622764518662     39.229789446923
   899    -14.125682882171     38.365455530172
   900    -13.840170151287     39.323830446634
   901    -13.533798279221     40.275742352225
   902    -13.762816041033     39.302320108400
   903    -13.443959638603     38.354517072622
   904    -13.065205259551     39.280014301332
   905    -13.016804628956     40.278842304022
   906    -12.031066038555     40.110558521694
   907    -12.934542964898     39.681921794890
   908    -12.231117739190     38.971152527238
   909    -13.227979447718     39.050315233554
   910    -12.301304876773     38.674450577643
   911    -13.300926288918     38.701964799064
   912    -14.261148861367     38.981200562102
   913    -13.423242622976     39.527014757287
   914    -13.677483485852     40.494155689956
   915    -14.609154677107     40.857458306772
   916    -13.767587976628     40.317305098279
   917    -12.799350375987     40.067273202905
   918    -11.960249148700     40.611248505989
   919    -11.722687955907     41.582621081101
   920    -12.712411921641     41.439629921753
   921    -11.820090327692     41.891030157655
   922    -12.627291742099     42.481306259643
   923    -13.270042205453     43.247381870702
   924    -12.805519773776     44.132943224008
   925    -13.587120290637     44.756722537582
   926    -13.009853862720     43.940166678379
   927    -13.347072489376     42.998740314909
   928    -13.023549046015     43.944960469839
   929    -13.052009341344     42.945365546087
   930    -13.817880152527     43.588360025518
   931    -12.886992970774     43.953666821029
   932    -12.613024555790     44.915405510898
   933    -13.265682653700     44.157752947230
   934    -14.258269317402     44.036214002685
   935    -13.289093824889     43.789842606796
   936    -13.994690592724     44.498456183593
   937    -14.518306649389     45.350410539884
   938    -13.918712266256     46.150714591926
   939    -14.378368629764     47.038811448967
   940    -13.466591123552     46.628126923855
   941    -12.727830849407     47.302095214908
   942    -12.755952526333     46.302490707472
   943    -12.291468564547     45.416909175797
   944    -11.523038603338     46.056843074506
   945    -10.861187572680     45.307207687657
   946    -11.723018331766     45.814403648497
   947    -12.536815658817     45.233254863344
   948    -12.061170461494     44.353617639107
   949    -12.657600145861     43.550952309342
   950    -11.859223779461     42.948793544917
   951    -10.888387567250     43.188537260287
   952     -9.985711704111     42.758216117294
   953     -9.106698890013     42.281417970643
   954     -8.846543808068     41.315851125034
   955     -9.459232244104     42.106175666187
   956     -8.645243069217     41.525295624210
   957     -9.410591577883     40.881679542775
   958    -10.109896032880     41.596503492585
   959    -11.005793390393     41.152242392780
   960    -11.793504146162     41.768287655115
   961    -12.791390994891     41.833263320810
   962    -12.979252428262     42.815458862366
   963    -12.447243900816     43.662197857998
   964    -13.047109598040     42.862097148528
   965    -12.834050660782     41.885057799651
   966    -12.650735654042     42.868112024149
   967    -11.755829238652     43.314365884294
   968    -12.172842518104     44.223266277495
   969    -11.380685950320     44.833584204576
   970    -12.331696683394     44.524426339437
   971    -11.769226633162     45.351243999257
   972    -10.816951384894     45.046003353968
   973    -10.956580123551     44.055799427829
   974    -11.785411053338     44.615298569766
   975    -11.121886923744     45.363453453094
   976    -11.160114029720     46.362722530154
   977    -12.134453986378     46.587803957330
   978    -12.850969921480     45.890233233499
   979    -11.877714767545     46.119960039379
   980    -10.906510292835     45.881712545573
   981    -10.508314503181     46.799012994228
   982    -11.089668857522     45.985362507416
   983    -10.116892487963     45.753616666402
   984    -10.221655549697     46.748113876502
   985     -9.342066437119     47.223848038650
   986     -8.659731604012     47.954887829310
   987     -7.666515843862     47.838601743343
   988     -7.470495403209     48.819201553075
   989     -8.385306546100     49.223083432890
   990     -8.608298414316     50.197903737720
   991     -9.214357673063     50.993323233889
   992     -8.244724386904     51.237886702893
   993     -9.060518480842     50.659544246994
   994     -8.309566616582     51.319901194079
   995     -7.311482478125     51.258029936117
   996     -6.445116909010     51.757440289085
   997     -7.434483070996     51.902886490537
   998     -7.656262923887     50.927789727722
   999     -7.286707531899     49.998581025517
  1000     -7.871393316854     49.187321182513
  1001     -6.923457398393     49.505782317490
