# File chua thong tin toa do cua cac diem 0
##################################################
#  Step                   x                   y
     1      0.000000000000      0.000000000000
     2      0.549844938960     -0.835266749668
     3     -0.449224566054     -0.878395906303
     4      0.287069235331     -0.201733924187
     5     -0.643956646129     -0.566687082894
     6     -1.184696488779     -1.407876967861
     7     -0.188334272599     -1.493096297644
     8     -1.097497445467     -1.076656235810
     9     -0.856818956193     -0.106051339470
    10     -1.280387170057      0.799812871217
    11     -2.275391278885      0.899646850481
    12     -1.480421544237      1.506295942621
    13     -2.468528132356      1.352525430117
    14     -2.853376122722      0.429545460501
    15     -3.406977860538      1.262327014024
    16     -2.502344344995      0.836136677957
    17     -2.612807314803     -0.157743562465
    18     -2.791149329377      0.826224996910
    19     -2.468486216368      1.772738871876
    20     -3.026829226872      2.602349071079
    21     -3.329411592577      1.649225830378
    22     -3.714983006013      2.571903826833
    23     -2.809461642818      2.147603154198
    24     -1.991394756518      2.722726244970
    25     -1.215196387524      3.353215017250
    26     -0.220864753216      3.459538114523
    27      0.567323114902      4.074972826375
    28     -0.341423903773      4.492320230883
    29     -0.407405936826      5.490141042108
    30     -0.491172510530      6.486626446482
    31     -1.103639066835      7.277122947049
    32     -0.624420256171      8.154818413316
    33     -1.162229097051      8.997885226013
    34     -0.865329638194      8.042976480986
    35      0.071936899725      8.391590073515
    36     -0.728049352514      7.791571743605
    37     -1.221024133046      8.661615343524
    38     -0.303990988904      9.060426342049
    39     -1.167291943352      8.555736871138
    40     -0.302242858428      9.057424105052
    41     -1.179720839964      8.577807183000
    42     -1.303327930469      7.585475944362
    43     -2.134554175482      8.141410229688
    44     -3.099434915103      7.878721900468
    45     -2.268748823251      8.435462968475
    46     -1.365148009199      8.007087468657
    47     -1.803501571085      7.108284845840
    48     -0.994808908790      6.520053447536
    49     -1.206419015186      5.542699283033
    50     -1.337900945093      6.534017850451
    51     -1.740725092278      7.449295243620
    52     -2.734770718189      7.340330599787
    53     -1.778695683188      7.633452634864
    54     -0.790855955220      7.788928265905
    55     -0.612303834297      6.804997810988
    56     -1.204206161416      7.611007510155
    57     -1.318542284289      6.617565387530
    58     -1.887180706241      7.440152978659
    59     -2.168522215147      8.399760687760
    60     -2.227565396385      7.401505258148
    61     -1.642462157778      8.212464073485
    62     -0.822232708322      8.784498731740
    63     -1.279779247071      9.673684406882
    64     -0.281463391756      9.615671882137
    65     -1.271700645065      9.476279693838
    66     -2.238000445815      9.218860395666
    67     -1.523492405834      9.918487625556
    68     -1.434557649476     10.914525079225
    69     -1.223888633388     11.892082528003
    70     -1.390586261571     12.878090591235
    71     -2.387530282532     12.799971329386
    72     -1.458642340346     13.170332222114
    73     -1.820778602223     14.102457389586
    74     -0.917912290877     14.532378805471
    75      0.049751397624     14.280134903748
    76      0.750317350956     13.566547246180
    77      0.656954687795     12.570915078596
    78     -0.189654224222     13.103130589545
    79      0.601074278363     12.490963590107
    80      0.573556150854     13.490584894731
    81      1.545368879966     13.254830744111
    82      1.505586923314     12.255622359476
    83      2.497684948356     12.130157190168
    84      2.731262573989     11.157819032528
    85      1.735744984567     11.063242454297
    86      1.447602977825     12.020830144251
    87      2.149065981560     11.308124276174
    88      1.898750311434     12.276288552157
    89      0.898860248003     12.261460839863
    90      1.897263803989     12.317943929318
    91      2.807422321347     11.903683777625
    92      1.828146792359     12.106216338771
    93      2.813916146699     11.938112858604
    94      3.783841195944     11.694709081214
    95      3.276496317148     10.832965979147
    96      2.284042578918     10.955585624688
    97      2.814254870379     10.107720702673
    98      3.532747768086      9.412186407368
    99      2.560567366670      9.177953047014
   100      1.759095861207      8.579920083097
   101      1.320846568768      9.478773551509
   102      0.445302657927      9.961912103261
   103      0.879596928549      9.061141052159
   104      0.998618640025      8.068249400367
   105      1.690675407379      7.346406321326
   106      2.651840066488      7.622381860241
   107      2.047251583635      6.825843872194
   108      1.159397654377      7.285969290206
   109      0.514515839969      6.521686982779
   110      1.411646816911      6.963451637557
   111      1.254576911693      7.951039124758
   112      1.854705433437      8.750942717317
   113      1.102024357935      9.409328013766
   114      1.212099181546     10.403251317249
   115      0.212177570905     10.415772202755
   116     -0.652168662132      9.912875007064
   117     -0.940019513936     10.870550258449
   118     -0.176493585419     10.224773085980
   119     -0.321901805289      9.235401341086
   120     -1.320844343048      9.189425192316
   121     -1.846334383692     10.040224943835
   122     -0.925401463823     10.429946071185
   123     -1.808488972532      9.960737746490
   124     -2.149420199951      9.020649506923
   125     -1.796956611499      8.084823978945
   126     -2.420180338378      7.302780382811
   127     -3.332435880276      6.893158818099
   128     -4.032290018614      6.178873031420
   129     -4.964034584457      5.815758636194
   130     -5.963477152922      5.849143548064
   131     -5.200781756131      6.495901409797
   132     -4.214757814207      6.662505089089
   133     -3.230687054575      6.840282309331
   134     -4.230675533451      6.835482088948
   135     -4.014068031978      5.859223316744
   136     -3.501500971939      5.000576119717
   137     -4.146572173299      5.764698587111
   138     -3.899770659161      4.795632535379
   139     -3.470706183624      5.698906400733
   140     -2.738061976475      6.379518232639
   141     -1.864126030915      6.865559345157
   142     -1.927670978395      7.863538322716
   143     -2.001795184411      6.866289305628
   144     -1.296545510859      7.575248329800
   145     -1.442814181751      8.564493231690
   146     -0.784487812511      7.811760615441
   147     -1.638929606005      7.292213484248
   148     -1.625462678718      6.292304167425
   149     -0.625831408765      6.265150454368
   150     -1.558403699718      5.904167183086
   151     -0.756978549139      6.502262265843
   152     -1.384001409438      5.723261410477
   153     -1.429082682194      4.724278087870
   154     -2.183209078462      4.067548784084
   155     -2.898888959370      4.765977240022
   156     -3.681777902713      5.388138716161
   157     -2.862258022180      5.961189469071
   158     -1.866317050053      6.051198246638
   159     -2.737059666821      5.559459194555
   160     -3.600155865417      6.064498749413
   161     -4.491357037626      5.610890470550
   162     -3.854543063346      4.839872985558
   163     -2.991678557813      4.334437682981
   164     -2.966398886773      3.334757264932
   165     -2.199890252714      2.692523262474
   166     -2.615358191822      1.782915439523
   167     -3.093575923311      2.661156751060
   168     -3.544454551763      1.768571482078
   169     -2.628741161642      2.170403520563
   170     -2.112702208644      1.313838403955
   171     -2.933938415012      1.884426778662
   172     -2.996094613177      0.886360344485
   173     -3.152644521546     -0.101309704767
   174     -2.157641737172     -0.201156883427
   175     -3.081375852441      0.181877428726
   176     -2.750887678764      1.125687561676
   177     -2.422009278637      2.070059838868
   178     -2.320873464265      1.075187210312
   179     -2.141443373630      2.058957936942
   180     -1.649391317836      1.188392158618
   181     -1.806121867089      2.176033558586
   182     -0.865085365666      1.837728514298
   183     -0.203599431888      1.087770942556
   184     -0.324633662036      0.095122608485
   185     -0.655737178716     -0.848471828358
   186     -1.020992634087      0.082435499104
   187     -0.263303796390     -0.570180486933
   188     -0.828919866986      0.254488210596
   189     -1.401868165336     -0.565103301938
   190     -0.937032640673     -1.450500351296
   191     -1.315234407669     -2.376223540722
   192     -2.051568148042     -1.699605019849
   193     -1.364603702972     -0.972913991138
   194     -1.027073844744     -0.031599168772
   195     -0.616212815388      0.880098815517
   196      0.312842008101      1.250040885239
   197     -0.534094771029      0.718347277833
   198      0.436525690280      0.477731567443
   199      0.217124247028      1.453366236106
   200      0.880322888981      2.201809661698
   201     -0.119652819330      2.194839526175
   202      0.837253924066      2.485234919464
   203      1.596604522477      1.834553224092
   204      2.482879978748      1.371394703052
   205      1.482885184718      1.374621452663
   206      0.802216228084      0.642030317394
   207      0.799022890800     -0.357964583891
   208      1.620790394085     -0.927787513006
   209      1.778495758385     -1.915273724592
   210      0.785965479662     -1.793275176167
   211      1.567538576998     -1.169461507255
   212      0.667605978179     -0.733432474295
   213      0.866823424418      0.246522835458
   214      0.592245394531     -0.715041985812
   215      1.472891934415     -0.241268124364
   216      0.752694466332     -0.935037255248
   217      0.201018395191     -0.100978796547
   218      0.251926702657      0.897724534894
   219     -0.247114501313      1.764302792606
   220     -1.213696092609      1.507943616123
   221     -2.187171273848      1.736736254798
   222     -3.101944192016      2.140704704293
   223     -2.850831519876      3.108662567989
   224     -3.596427041020      3.775061336633
   225     -3.686441896810      4.771001759418
   226     -3.017091449340      4.028054938662
   227     -2.462745960627      3.195768281828
   228     -2.106213453914      4.130051200251
   229     -2.993820288664      4.590653096583
   230     -3.717220917230      5.281081608878
   231     -3.279730457623      4.381858556597
   232     -3.546993973174      5.345482037660
   233     -2.916747157378      4.569087195342
   234     -3.079433127176      3.582409296922
   235     -2.136158720382      3.250395150403
   236     -2.184134710479      4.249243639602
   237     -1.650531272563      3.403508828302
   238     -1.488861480908      2.416663917251
   239     -0.928655382647      3.245017179737
   240     -0.153771789396      3.877121140261
   241     -1.080860060254      4.251964224813
   242     -0.477592571091      5.049503149580
   243     -1.182214457008      5.759086124212
   244     -0.761568683831      6.666311087222
   245     -0.822796168362      7.664434924798
   246     -1.572747579773      7.002942006830
   247     -2.128114238207      6.171336406380
   248     -1.550884299509      5.354754752245
   249     -0.856088310797      6.073961630737
   250     -1.211854213373      7.008536733425
   251     -0.506899645753      7.717789197355
   252     -1.298326413198      7.106525202202
   253     -0.656624579657      7.873479409981
   254     -0.770672826543      8.866954622245
   255     -0.173512851478      9.669076785123
   256     -0.819392313610      8.905637383208
   257     -0.596874050474      7.930708861433
   258     -1.429437398891      8.484638704347
   259     -2.148132734350      9.179963818801
   260     -2.587022604449     10.078504681491
   261     -2.461019569802     11.070534537524
   262     -1.829913092679     10.294838324736
   263     -2.792148579412     10.567056744523
   264     -3.304432607912     11.425872833184
   265     -4.022333100247     10.729727099084
   266     -4.722674371996     11.443535268753
   267     -3.794718616174     11.816225643243
   268     -3.593759447701     10.836626024722
   269     -4.592355075688     10.889604999471
   270     -3.883792831615     10.183956683187
   271     -3.082476231064     10.782197191412
   272     -2.800498760833      9.822776164812
   273     -2.141409983073      9.070711019342
   274     -2.025876286752     10.064014580704
   275     -2.959973680594     10.421032869897
   276     -1.984039525485     10.639098284147
   277     -2.603949556301     11.423771180132
   278     -3.207473633731     12.221115953717
   279     -3.653153811649     13.116308211844
   280     -4.585673225668     12.755188366810
   281     -4.201607944668     13.678494307401
   282     -4.520954281085     12.730856234392
   283     -4.684851704561     13.717333621146
   284     -5.440804550514     14.371959693568
   285     -5.021206250096     13.464249791514
   286     -4.626771119859     12.545326003578
   287     -5.371817404927     11.878313235255
   288     -4.407478758982     12.142984684297
   289     -3.474758660926     12.503585874924
   290     -3.192591737009     13.462951200046
   291     -3.373473118110     14.446456119186
   292     -2.837682147198     15.290806778266
   293     -3.484019290301     14.527754815786
   294     -4.479203930949     14.625772829531
   295     -3.683042429398     15.230857008342
   296     -2.818482354115     15.733386486311
   297     -1.819581508240     15.780259720769
   298     -2.690901652873     16.270974714992
   299     -2.128965417106     17.098155267794
   300     -2.311611265202     18.081334037994
   301     -3.225842942909     17.676142182849
   302     -2.242695629517     17.858957281158
   303     -2.957229413413     18.558558218602
   304     -2.901634951947     19.557011650593
   305     -3.144444409181     20.527085651624
   306     -3.240957804222     19.531753965915
   307     -2.336576827570     19.958479930757
   308     -3.084062491189     20.622757871595
   309     -2.315294978521     21.262286222387
   310     -1.380534601034     21.617565037798
   311     -2.172047592863     21.006412696917
   312     -2.588636036985     20.097317504858
   313     -1.640044712742     19.780813951055
   314     -1.571605985823     20.778469272625
   315     -0.594934847501     20.563728760451
   316     -0.087307914246     19.702151778032
   317      0.481284406993     18.879532320307
   318      1.261019179683     18.253422358513
   319      0.446422317271     18.833449902470
   320     -0.379961184487     19.396557625753
   321     -0.984706696886     18.600138850715
   322     -1.642600296012     17.847027960985
   323     -2.613063103438     17.605777179843
   324     -3.579978916193     17.350681489865
   325     -2.715872687527     17.853990962835
   326     -3.049851518149     16.911410387660
   327     -3.983759468257     16.553896834456
   328     -4.977254800228     16.667769681758
   329     -5.552407260692     17.485815919584
   330     -4.593128369829     17.768276553205
   331     -5.281310956537     18.493814096928
   332     -6.047504600701     19.136423853812
   333     -6.098588318178     20.135118228388
   334     -6.346517183111     21.103896468200
   335     -6.271152360497     20.106740440533
   336     -5.565438109113     20.815237014549
   337     -5.306492878164     21.781129020608
   338     -5.599967862199     22.737095774081
   339     -6.243724227457     23.502326289802
   340     -5.512977585018     22.819677518790
   341     -5.931095335781     23.728070355891
   342     -6.541021036073     24.520528960566
   343     -6.770342181143     25.493879777293
   344     -6.685740378747     26.490294618126
   345     -7.201981936702     25.633851593844
   346     -8.198897021246     25.555363924697
   347     -9.137982925310     25.211681418904
   348    -10.058089345617     24.820012968158
   349    -10.611056189534     25.653216226391
   350     -9.899996093191     24.950084987298
   351    -10.385346350547     25.824404795883
   352     -9.712795038437     26.564455289146
   353    -10.694906645369     26.752755027675
   354     -9.820233474920     26.268041870336
   355     -9.123534036204     25.550678718164
   356    -10.077933307646     25.252145586550
   357     -9.245179685534     24.698501833890
   358    -10.168838919339     25.081716681993
   359    -10.710451187460     24.241088255743
   360     -9.851041946293     23.729799925936
   361    -10.556478679178     24.438572820379
   362    -10.646953545270     25.434471559511
   363    -11.295423907190     26.195711462375
   364    -10.305353907228     26.336286691973
   365     -9.637104212547     27.080223749498
   366     -9.260128755495     28.006446997306
   367     -8.270659886188     28.151192832036
   368     -7.544884316582     27.463261278346
   369     -6.927319155470     28.249780999511
   370     -6.455369938737     27.368155264392
   371     -6.494266609671     28.367398502542
   372     -6.592946604884     27.372279284285
   373     -5.959572928085     28.146125383673
   374     -6.850899676130     27.692763907343
   375     -6.874886555131     28.692476180768
   376     -7.798307670327     28.308687900579
   377     -6.883058299403     27.905800088623
   378     -7.677226092941     28.513498628777
   379     -8.653531700400     28.297102323714
   380     -8.926041536868     29.259255320398
   381     -8.907028827920     30.259074562511
   382     -8.774777979740     31.250290842217
   383     -7.867401442444     31.670609554107
   384     -8.658635601326     31.059096262494
   385     -8.362222400390     30.104036466297
   386     -9.335968856795     29.876401146894
   387    -10.050010935582     30.576503932005
   388     -9.311297155782     31.250523183611
   389     -9.096075379488     30.273957985066
   390     -8.104199008249     30.401163583129
   391     -8.201868441045     29.405944671584
   392     -7.682489928482     28.551400371569
   393     -6.980428030481     29.263516297086
   394     -7.137532991101     30.251098208296
   395     -8.075882976586     30.596784923023
   396     -9.071371871543     30.691663055479
   397     -8.278740584134     31.301364328416
   398     -7.817464304574     30.414107773684
   399     -8.059381994162     31.384404548627
   400     -7.066362152720     31.502351971245
   401     -6.577075061016     32.374474750383
   402     -7.559437203330     32.561463042391
   403     -6.589949108128     32.316324646256
   404     -6.240728021707     33.253365004404
   405     -5.267217036241     33.482005248404
   406     -5.330551345304     32.484012881050
   407     -4.576358643057     33.140666037502
   408     -4.050387362586     33.991168366788
   409     -4.419155958950     34.920689599647
   410     -3.895632062614     34.068678607954
   411     -4.327421677639     34.970652958120
   412     -5.320095077448     35.091481437011
   413     -4.666121226992     35.847998590101
   414     -3.672819944601     35.963551878246
   415     -3.784663763586     34.969826080978
   416     -3.909233171133     35.962036977261
   417     -4.891341424611     35.773719749029
   418     -5.026579782453     34.782906655369
   419     -4.508669020111     33.927472004299
   420     -5.337196843137     33.367524108088
   421     -5.345989278319     32.367562762293
   422     -4.468970592051     31.887106495878
   423     -3.570071530448     31.448950727859
   424     -2.690596324611     31.924895432965
   425     -2.351961759922     30.983977460133
   426     -2.500625536620     29.995089659875
   427     -3.299865981287     30.596101067094
   428     -3.575938238043     31.557237950712
   429     -2.618214259107     31.844926636920
   430     -3.338020037518     32.539102148851
   431     -4.333032565471     32.439352115186
   432     -5.134692954801     31.841572372990
   433     -5.372868466130     32.812794502990
   434     -5.618074773200     31.843323581831
   435     -6.490044976705     31.353764633186
   436     -7.217125034091     32.040317318819
   437     -6.693457135781     32.892239810763
   438     -7.303470489824     32.099848677617
   439     -8.237936085715     31.743795240481
   440     -7.309047535174     32.114154607413
   441     -8.005099281781     32.832146227172
   442     -8.609664890617     33.628701576544
   443     -7.842522515847     34.270178448172
   444     -8.675914848172     34.822860291932
   445     -8.797313227148     35.815464157320
   446     -9.741256637590     35.485356844643
   447    -10.738271426002     35.408146018403
   448    -11.737286667878     35.452514323528
   449    -12.395127033832     36.205671712738
   450    -11.748241798479     35.443084345754
   451    -12.268478747859     34.589062380873
   452    -11.931633474077     35.530622395705
   453    -12.176025064797     36.500299017257
   454    -13.103839813578     36.873340291039
   455    -13.662625121042     37.702652644837
   456    -14.638756717704     37.919832538008
   457    -15.426336253484     37.303619527093
   458    -15.641564724290     36.327055803952
   459    -14.943358933522     37.042952915092
   460    -14.973706570011     36.043413510686
   461    -15.812485562062     36.587885550827
   462    -15.752552592199     37.586087954712
   463    -15.289146680299     38.472234083078
   464    -16.271162016078     38.283432917045
   465    -16.040634116751     37.310367201057
   466    -15.302783518967     37.985331270731
   467    -14.796922167217     37.122716470947
   468    -14.696035418190     38.117614387254
   469    -15.550009092757     38.637930601825
   470    -14.678844866412     39.128922343850
   471    -15.123260335552     40.024743135521
   472    -14.576418170809     39.187507417900
   473    -15.325879046352     39.849556053599
   474    -15.886457582670     40.677657318312
   475    -15.559053556753     39.732772878915
   476    -14.685675429549     39.245730122146
   477    -15.424211855255     38.571516544780
   478    -16.176164774662     37.912299731436
   479    -17.176164250026     37.913324070933
   480    -17.976346625013     38.513080827261
   481    -18.804171889049     39.074066862937
   482    -17.962396822987     38.534238428935
   483    -18.714855204704     37.875598630726
   484    -17.746795512102     38.126318457544
   485    -17.515236022829     39.099139203071
   486    -16.763403732128     39.758493589315
   487    -16.660032525438     40.753136436586
   488    -17.608607495697     40.436583872549
   489    -18.035734999834     39.532392468471
   490    -18.381073706265     38.593914350537
   491    -17.727205655228     37.837305751701
   492    -18.718844274314     37.708259832985
   493    -18.056451334814     36.959103244747
   494    -18.317351667871     35.993737502549
   495    -17.348389407954     36.240946197495
   496    -17.590624544872     37.211163770230
   497    -18.124081671601     38.056990876642
   498    -17.274324616229     37.529816382906
   499    -18.213246362070     37.185685658928
   500    -18.707198356713     36.316196483039
   501    -18.887042350695     35.332501338277
   502    -19.230404467673     34.393298241697
   503    -18.880477585560     35.330075257414
   504    -18.251141843530     36.107208787641
   505    -17.732096495153     36.961955490664
   506    -17.761421145697     37.961525430623
   507    -16.775988733037     38.131592946862
   508    -17.681631336612     37.707551115682
   509    -16.683195598275     37.763462442007
   510    -16.876025409979     36.782230224987
   511    -17.572716141373     36.064858616412
   512    -18.001243038843     35.161329591895
   513    -17.045473042055     34.867214455868
   514    -16.489456319393     35.698385559866
   515    -16.359373965673     36.689888752625
   516    -17.311830869938     36.385215410308
   517    -16.872409467244     35.486934368065
   518    -16.295908241612     34.669838084359
   519    -16.961378436435     33.923413660990
   520    -17.956671967431     34.020319734884
   521    -17.260071519742     34.737779013365
   522    -16.475434573437     34.117823480691
   523    -17.322215635093     34.649765050435
   524    -16.973099755781     35.586844610992
   525    -16.032293884302     35.247898727124
   526    -15.348230284066     34.518476359197
   527    -14.864569977793     33.643220563366
   528    -15.697555990898     33.089926516793
   529    -16.658641086220     33.366179009179
   530    -17.618412120116     33.646962845063
   531    -16.625285234863     33.529920161451
   532    -17.292570760947     34.274722166469
   533    -16.647611240098     33.510505432507
   534    -15.674950905204     33.742737800886
   535    -16.665933678577     33.876727139559
   536    -15.867003230481     34.478150567025
   537    -14.907577796227     34.196188094155
   538    -13.924202016204     34.377770238826
   539    -14.226610950867     35.330948520280
   540    -15.226440189290     35.349428076412
   541    -15.279462264428     36.348021416841
   542    -16.159061316364     36.823737201562
   543    -17.147597356433     36.672752111290
   544    -17.862606148297     35.973636650470
   545    -17.364056413781     36.840497747887
   546    -17.922117121821     36.010697623675
   547    -18.508888433458     35.200944928194
   548    -17.697917640816     34.615858290608
   549    -18.552474775839     34.096500896338
   550    -19.551655396088     34.056027595034
   551    -18.603450838507     34.373687974972
   552    -17.617356539679     34.207501231161
   553    -16.921098624935     33.489709537035
   554    -16.191212626413     34.173278428341
   555    -15.204067141971     34.333102683532
   556    -15.943798436699     33.660200304579
   557    -15.457531673244     32.786389893358
   558    -14.725790663968     32.104807106498
   559    -14.632645634132     33.100459658053
   560    -13.847680648572     32.480919529050
   561    -12.890545961224     32.191276317018
   562    -13.851191874753     31.913500456260
   563    -14.851037629000     31.895937207290
   564    -15.590973782367     31.223260101287
   565    -15.139332715336     30.331060377810
   566    -15.805368671651     29.585140740788
   567    -15.467536451559     28.643934391964
   568    -14.740360746696     27.957483014037
   569    -15.308206003391     27.134347688317
   570    -16.159502402921     27.659032774962
   571    -15.998031506566     28.645910249439
   572    -16.917610789417     29.038814744897
   573    -17.679822638942     29.686142402612
   574    -17.372318715016     28.734595589907
   575    -18.004278412129     29.509596842308
   576    -18.617913327447     28.720006954644
   577    -17.827986616317     28.106805689932
   578    -17.093963438097     27.427681272881
   579    -17.175344830468     26.430998239527
   580    -18.007771192038     25.876862558882
   581    -17.180656646344     25.314829171706
   582    -16.472738053189     24.608535135581
   583    -15.801040708769     25.349360808393
   584    -16.198444322932     24.431716886466
   585    -15.708070864419     25.303229290960
   586    -15.248850173683     24.414907076220
   587    -14.254505502807     24.521108184968
   588    -13.496862002758     25.173776804433
   589    -13.603998415065     26.168021135147
   590    -14.484298691159     26.642438065609
   591    -13.931822101415     27.475966480113
   592    -14.923223339852     27.606823594656
   593    -15.692483836194     26.967888317208
   594    -16.103439413799     27.879543686981
   595    -16.303060155740     26.899670450594
   596    -17.294848958794     26.771783898778
   597    -16.620432801694     27.510135337485
   598    -16.133224362010     28.383421050354
   599    -15.939262770684     27.402411926497
   600    -16.590631993929     28.161172847347
   601    -17.344758728752     27.504443932325
   602    -16.684028370822     28.255067269366
   603    -17.221470444756     29.098367937672
   604    -16.831926659007     28.177359990375
   605    -16.178976045189     27.419959504559
   606    -15.944462699875     28.392072404828
   607    -16.014716570874     27.394543260587
   608    -15.190619150129     27.960991352755
   609    -14.397669121905     28.570278028090
   610    -13.567866573067     28.012220925330
   611    -14.207651389259     28.780775015143
   612    -14.904377419374     28.063437689361
   613    -13.957814245750     28.385956151374
   614    -14.662609014533     27.676544892725
   615    -15.437326830605     27.044237763665
   616    -16.113363631093     27.781105624536
   617    -15.736805802299     26.854712510587
   618    -16.522038680478     27.473913065355
   619    -15.946676253704     26.656014491046
   620    -15.790552921391     27.643752059992
   621    -16.067948909514     26.682996385654
   622    -16.841427708380     26.049174212087
   623    -16.486745166542     26.984161000505
   624    -17.133652021462     27.746730027583
   625    -16.308389665325     27.181980487041
   626    -17.284409674984     26.964299663943
   627    -16.591098091035     26.243661719090
   628    -15.631681410769     25.961669460991
   629    -14.631682920885     25.959931580207
   630    -13.918516133524     25.258937191210
   631    -14.612149330362     24.538608802040
   632    -14.693354177785     23.541911369137
   633    -15.117549223841     22.636340519947
   634    -14.377310588023     21.963996291117
   635    -15.371718329303     21.858387370656
   636    -14.406921855131     22.121385019740
   637    -15.263379925291     22.637601615809
   638    -15.449659755893     21.655104885681
   639    -16.218859645775     22.294113124600
   640    -16.535465977541     21.345556099068
   641    -17.181788576171     22.108620381092
   642    -17.698890976746     21.252696840512
   643    -17.985779031651     20.294732726387
   644    -18.949783225294     20.028845692782
   645    -18.997494474134     19.029984522882
   646    -18.188251838549     18.442509964495
   647    -19.188143143342     18.427766199751
   648    -18.736821410561     19.320127501870
   649    -19.647847298696     19.732476663562
   650    -20.627246631423     19.530543637401
   651    -21.105712562511     20.408649754444
   652    -21.712911257497     21.203199781067
   653    -22.157656792172     22.098856751892
   654    -23.045361917680     22.559269186723
   655    -23.689289815811     21.794183007258
   656    -24.498217765249     22.382090799874
   657    -25.304856642131     22.973135402509
   658    -26.246472652464     23.309824114948
   659    -26.113296375932     22.318731748229
   660    -25.332720026050     21.693671301548
   661    -25.963180333466     20.917449812040
   662    -25.186272238758     21.547063830608
   663    -24.646129385673     20.705490483679
   664    -25.037965125318     21.625525674928
   665    -24.089449534414     21.942256118385
   666    -23.730696212127     22.875688522873
   667    -22.768342104182     22.603889753704
   668    -23.461742400763     23.324442339364
   669    -24.313810855846     22.801011973553
   670    -25.263197831298     22.486903121655
   671    -24.291110628560     22.721522963680
   672    -24.055374323827     23.693340021891
   673    -23.426120203266     22.916140400328
   674    -23.660077587724     23.888387252860
   675    -22.675383005575     24.062676035884
   676    -23.374506651474     24.777676824517
   677    -24.249646959829     25.261546063767
   678    -25.130756218065     25.734458820045
   679    -26.076656365495     26.058916692644
   680    -26.973748661190     25.617073493075
   681    -27.598729261632     26.397713774556
   682    -28.470396182235     25.907615029886
   683    -27.962480413378     25.046208289868
   684    -27.322807159193     24.277561343683
   685    -28.176973871391     24.797560601157
   686    -28.986749791071     24.210821340576
   687    -29.379300716249     23.291091069713
   688    -28.945769289792     22.389952621819
   689    -28.194266560030     23.049682602312
   690    -27.246327408974     23.368134114939
   691    -27.984655706964     24.042575605646
   692    -28.175656850616     25.024165419735
   693    -28.238287087082     26.022202219398
   694    -27.661837921754     26.839335231699
   695    -27.485703144684     25.854969171583
   696    -27.131422874952     24.919829882238
   697    -26.953074250926     23.935862520834
   698    -26.547946788882     24.850122735159
   699    -27.526733667007     24.645241678909
   700    -27.969796863072     25.541732060504
   701    -28.838028062094     25.045572222301
   702    -29.395728512301     24.215529929500
   703    -29.902224913758     25.077772004158
   704    -30.312021060697     24.165594873358
   705    -29.539683941323     24.800807730626
   706    -29.019567627846     23.946712290728
   707    -29.866608557322     23.415184620900
   708    -28.885052061511     23.606356913695
   709    -28.159798275635     22.917875290068
   710    -29.154202480863     22.812233079639
   711    -29.886160344161     22.130883179546
   712    -29.033300615358     22.653023278548
   713    -29.547834834904     23.510493124615
   714    -28.991631578887     22.679446833489
   715    -29.991543760196     22.692699367908
   716    -30.834044943868     22.154004876093
   717    -29.958163321484     21.671478831645
   718    -30.657591517439     22.386181706064
   719    -31.656477043819     22.338983134181
   720    -32.517262005291     22.847951944722
   721    -31.520995523392     22.761620623384
   722    -31.652982546539     23.752872067630
   723    -31.209335118964     24.649073473569
   724    -30.864319404195     23.710476565113
   725    -30.100919486385     23.064550435059
   726    -29.435789105847     23.811277679027
   727    -30.145647494609     24.515622103229
   728    -31.058935659406     24.922936144287
   729    -30.679285198390     23.997806138585
   730    -29.704153272600     23.776180943030
   731    -30.697984503141     23.665277898882
   732    -30.618796331814     24.662137584857
   733    -31.463519717459     25.197340725491
   734    -32.463499838900     25.191035432190
   735    -33.195818240551     25.871997808980
   736    -33.150455653760     24.873027220964
   737    -34.149619805583     24.832149382092
   738    -33.431511210429     25.528080445895
   739    -34.413206172004     25.337620469997
   740    -34.792535070239     26.262882371819
   741    -35.591444767162     26.864333364140
   742    -34.741168241058     27.390669596179
   743    -33.957098688477     26.769996625352
   744    -33.000253917916     26.479397098427
   745    -32.526452445395     27.360028783433
   746    -33.100004396392     26.540859594860
   747    -33.727557947706     25.762286194188
   748    -34.345314583410     24.975916854092
   749    -35.232800965061     25.436750796402
   750    -35.884273119655     26.195423342227
   751    -36.623678579351     26.868683742200
   752    -37.373910297561     27.529858733402
   753    -36.681238686541     26.808605629917
   754    -36.028587763896     27.566264374452
   755    -35.937668739259     26.570406085859
   756    -36.409729179727     25.688839899719
   757    -36.094393943564     26.637820241367
   758    -36.169802787724     27.634972940918
   759    -37.072945924991     28.064312519350
   760    -36.073805491491     28.105766037231
   761    -36.753792130463     28.838990539563
   762    -37.437116355938     28.108875478167
   763    -36.802812795036     27.335791399539
   764    -35.872996714057     27.703815930722
   765    -36.241248854954     28.633541890737
   766    -37.146413913070     29.058602142426
   767    -38.146079682429     29.032749684697
   768    -38.767146365235     29.816507412256
   769    -38.054792942016     30.518328329891
   770    -37.057328005511     30.589488012599
   771    -37.701011298696     29.824196030363
   772    -36.858187851787     29.286005880564
   773    -36.168707089449     28.561701884741
   774    -35.220695910768     28.243464858148
   775    -35.088224661964     29.234651706447
   776    -34.232342297262     28.717481156442
   777    -33.546994290860     29.445696859459
   778    -33.203883158074     30.384991675030
   779    -33.094363675811     31.378976324310
   780    -34.065001628947     31.619521463385
   781    -33.275364740940     31.005947030166
   782    -33.783529120281     30.144686928007
   783    -33.675773207749     29.150509547801
   784    -33.945210987655     30.113527347615
   785    -34.392634850837     29.219205321354
   786    -34.696514430738     30.171915771029
   787    -34.254239217519     29.275036383501
   788    -34.250252373801     28.275044330994
   789    -34.950340177659     28.989101098268
   790    -35.703966519395     28.331798019740
   791    -34.895589918922     28.920463690394
   792    -33.967588688548     28.547886562239
   793    -34.961749327633     28.439976304649
   794    -35.336832341720     27.512985078938
   795    -35.359635618504     28.512725050415
   796    -36.269844260697     28.926875056666
   797    -35.277572438751     29.050958219799
   798    -34.587242979165     28.327463066237
   799    -35.295494473174     29.033423278454
   800    -34.673097716091     29.816125186444
   801    -35.449176957618     30.446760588932
   802    -35.728974237996     29.486701485599
   803    -36.706828440405     29.277414221697
   804    -36.926633709180     30.252957989971
   805    -37.143110246914     31.229245810550
   806    -37.977513527835     31.780400203428
   807    -38.619394870747     32.547204182044
   808    -39.051281271727     31.645276171253
   809    -38.230862058850     31.073513707337
   810    -37.824247301564     31.987113422287
   811    -36.830456139533     31.875851900322
   812    -37.803118111423     31.643626388288
   813    -36.920640719071     32.113981203282
   814    -37.237513801072     33.062449152083
   815    -36.660704374778     33.879327898127
   816    -37.443894128933     33.257545131411
   817    -38.086623093997     34.023638779386
   818    -38.877260676103     33.411354357110
   819    -38.677539567128     32.431501572948
   820    -38.692221494639     31.431609358255
   821    -38.156279599881     30.587354488300
   822    -38.034900498932     31.579960711257
   823    -38.934462002289     31.143166593074
   824    -38.980133204488     32.142123119300
   825    -39.754182201690     31.508997420934
   826    -39.699493522410     32.507500875289
   827    -40.037397265898     31.566320201807
   828    -40.954654505221     31.168024888115
   829    -41.927973357813     30.938568113998
   830    -41.012873885434     31.341796282225
   831    -41.379825195661     30.411556132627
   832    -40.724847682180     29.655907764115
   833    -41.378360600330     30.412823126498
   834    -40.912946791164     29.527729918843
   835    -41.349537723767     28.628069784365
   836    -42.312276023611     28.898504556562
   837    -41.559726516768     28.239968878143
   838    -42.544189448423     28.064376349264
   839    -43.361770949694     28.640189243162
   840    -42.365397832888     28.555097456798
   841    -41.365961323251     28.521531652698
   842    -40.454255654730     28.110687675031
   843    -41.327546406686     27.623488267655
   844    -42.253876222550     27.246774752844
   845    -42.137522830161     26.253566875268
   846    -41.327774783862     25.666789147746
   847    -40.441575149063     25.203485567701
   848    -39.778370580000     25.951923741216
   849    -40.056522035693     24.991386512528
   850    -40.232350938398     25.975807254372
   851    -39.419160915288     26.557805524399
   852    -40.178580891612     27.208406246470
   853    -39.631173106173     26.371540237816
   854    -39.382203898189     27.340051638614
   855    -40.165972521284     26.718998705723
   856    -40.777686306859     27.510077870242
   857    -41.430245828890     26.752340402377
   858    -40.735448976599     26.033134358154
   859    -39.751376834925     26.210903928049
   860    -40.490267185025     25.537078245450
   861    -39.807392927468     26.267614177740
   862    -40.166290695668     27.200991053381
   863    -39.626384889639     28.042716495919
   864    -40.572732713162     28.365866301602
   865    -39.575454281385     28.439593701618
   866    -39.921110430655     27.501232456429
   867    -40.708114123771     28.118180741962
   868    -40.588999891006     29.111061298501
   869    -40.408724330128     30.094677444236
   870    -41.080984764743     29.354362708430
   871    -42.077532938782     29.271346223202
   872    -41.187292781186     28.815854772345
   873    -41.570074300570     29.739693669782
   874    -41.483270482592     30.735919094666
   875    -42.229528757611     31.401575602909
   876    -41.980686140372     30.433031669034
   877    -42.842305604762     30.940586492264
   878    -41.842315087378     30.936231593577
   879    -42.457015752768     31.724992071777
   880    -41.659417596926     31.121802895980
   881    -41.127762243150     31.968763688934
   882    -41.715034566029     31.159374277847
   883    -40.847853846302     31.657367851434
   884    -41.551018687885     30.946340984458
   885    -40.999561100389     31.780543914922
   886    -41.822154853617     32.349173422730
   887    -42.562232362512     33.021695006642
   888    -41.721749377395     32.479857068022
   889    -42.687842034398     32.221661448221
   890    -42.817219058294     31.230065973399
   891    -43.438756982254     30.446681898325
   892    -42.438974699114     30.425815985467
   893    -41.997465132269     31.323072527591
   894    -42.721476151742     30.633284122584
   895    -41.725525074731     30.543387224962
   896    -41.229147774748     29.675280332891
   897    -41.851191543396     30.458262803886
   898    -41.321647861702     29.609980133323
   899    -41.602924153070     28.650353305898
   900    -42.441768659558     28.105982206431
   901    -41.950273254481     28.976862374300
   902    -41.578952141604     28.048357861047
   903    -42.576746833335     27.981982013377
   904    -41.715434299907     27.473906507414
   905    -41.089306833781     28.253627224185
   906    -41.815275005499     28.941355523481
   907    -41.245047142035     29.762842092896
   908    -40.507973974259     29.087029141448
   909    -39.574745911215     28.727744599132
   910    -38.576372083102     28.784750733355
   911    -37.750991158279     28.220174494979
   912    -37.013510865688     27.544805841547
   913    -36.210020762488     28.140123953198
   914    -35.569624616322     28.908168727919
   915    -36.384931075796     29.487198413807
   916    -37.365478596065     29.683480253250
   917    -38.331779899524     29.426066596010
   918    -38.391862247886     28.427873172161
   919    -38.091494854313     27.474049588432
   920    -38.971663278400     26.999388082472
   921    -38.935335589336     27.998728014130
   922    -39.742466107555     27.408354973960
   923    -40.739883960376     27.336538354204
   924    -40.529583839305     28.314175229059
   925    -41.095369836997     29.138727352831
   926    -40.780015990737     28.189753195306
   927    -40.825935338479     29.188698345704
   928    -41.264017962851     28.289763634936
   929    -40.719680588547     29.128630026524
   930    -41.241806592743     29.981498384327
   931    -40.283053566837     29.697257930986
   932    -40.958394416460     28.959752177225
   933    -40.712405388319     29.929024790081
   934    -41.635172624418     30.314382582245
   935    -42.479738524952     30.849834204388
   936    -41.820706155841     31.601948781073
   937    -42.627051497788     32.193393782337
   938    -43.216758667338     31.385776636542
   939    -44.124717382403     31.804836264444
   940    -45.107618732606     31.988969194059
   941    -44.209077125486     32.427857540082
   942    -43.988415535166     33.403207970726
   943    -44.883508966126     32.957329343910
   944    -44.513418776718     33.886325173665
   945    -43.643965929952     34.380341111921
   946    -42.794262940099     34.907602744353
   947    -41.839333409854     34.610770144617
   948    -40.972402453994     35.109198391982
   949    -40.886841395753     36.105531320934
   950    -41.188734425713     35.152189515251
   951    -42.177373869798     35.302496034069
   952    -42.425547075678     36.271211709529
   953    -42.471398601184     37.270159975261
   954    -43.138289399317     36.525004512713
   955    -44.087356005715     36.840080022106
   956    -44.475196094949     37.761806698070
   957    -43.536788176160     37.416277281155
   958    -42.701237609157     37.965690832118
   959    -43.514798042510     38.547171202622
   960    -44.100631708032     37.736739887617
   961    -43.156034372816     37.408508453558
   962    -42.379994482373     38.039192279607
   963    -41.693618082819     37.311945802726
   964    -41.316535411436     36.385766198685
   965    -40.371853396982     36.713753838036
   966    -41.370866086079     36.758179585332
   967    -40.599371842670     37.394415887650
   968    -40.875931648535     36.433419179133
   969    -40.430502295396     37.328736268975
   970    -39.523533584726     36.907538265816
   971    -38.524822157885     36.856789020535
   972    -37.939378572467     36.046075872564
   973    -38.937075337525     36.113907760294
   974    -37.975879190713     35.838041910009
   975    -37.010449040089     35.577380013550
   976    -37.817189491371     36.168285965682
   977    -38.498336791368     36.900432368874
   978    -39.131229014675     37.674672275929
   979    -38.960171732552     38.659933361243
   980    -39.040390029706     39.656710680809
   981    -38.524271056071     40.513227583768
   982    -37.562308515604     40.240046195790
   983    -36.563137922649     40.199326100334
   984    -36.970092710170     41.112774402601
   985    -36.768199069491     40.133366950182
   986    -36.845923752585     39.136392089096
   987    -37.315804637274     38.253662258284
   988    -37.153037389972     37.266997764545
   989    -36.356312259040     36.662655919442
   990    -35.592060144926     36.017738323100
   991    -36.588591975314     35.934525877976
   992    -35.591864351002     36.015359305050
   993    -36.367620886674     36.646391631766
   994    -37.328095061837     36.924760737176
   995    -37.027933578816     37.878649139512
   996    -37.454610843356     36.974245185559
   997    -36.716185844572     36.299909570921
   998    -35.765035475147     36.608637565672
   999    -36.194255653782     37.511837453987
  1000    -37.185825736043     37.641408947628
  1001    -36.617041025536     36.818922502090
