# File chua thong tin toa do cua cac diem 5
##################################################
#  Step                   x                   y
     1      0.000000000000      0.000000000000
     2      0.548605063709      0.836081625245
     3      0.848507221693      1.790051591039
     4      0.834864088110      2.789958519161
     5      1.501843896993      2.044882728021
     6      0.936728165529      2.869894370395
     7      0.715961730800      1.894567665492
     8      0.492683588628      0.919812890572
     9     -0.133420736891      0.140073592109
    10     -0.401383104213     -0.823355787606
    11      0.068074363425      0.059599299632
    12     -0.688481317541      0.713528578375
    13     -0.926053389700      1.684898492739
    14     -1.584600359512      2.437438118640
    15     -2.573706225672      2.584644047622
    16     -1.996660418148      1.767932264911
    17     -2.810903795112      2.348455927710
    18     -1.844755518160      2.606443343957
    19     -1.542723951275      1.653145419589
    20     -2.133051512490      0.845981637900
    21     -1.387021231336      0.180069616983
    22     -2.262257683232     -0.303625693385
    23     -1.665132389160     -1.105773674233
    24     -0.987359181879     -0.370502649717
    25     -0.552483223955      0.529987717372
    26      0.442704528094      0.432001299068
    27      1.295948125145     -0.089511274216
    28      1.847191534291      0.744833201329
    29      1.116916380485      0.061680070814
    30      1.028619339163     -0.934414117751
    31      1.915741625183     -1.395948568954
    32      2.497743532134     -0.582761148794
    33      2.048809380483      0.310803693554
    34      1.286365439938     -0.336250583556
    35      0.937145922810     -1.273291526555
    36      1.726553594114     -0.659422217591
    37      2.699382176591     -0.427895655153
    38      1.811793657747     -0.888532845591
    39      1.017072817494     -1.495507957163
    40      0.061795409993     -1.199796823253
    41      0.423779752500     -2.131980998071
    42      0.917935083029     -1.262607367628
    43      0.641101521736     -2.223525251394
    44      0.372519435527     -1.260268451279
    45     -0.626452084333     -1.214926390146
    46     -0.009742287122     -2.002116980807
    47      0.019711535848     -3.001683122846
    48     -0.650556165469     -3.743802526024
    49     -1.646476200510     -3.834042671213
    50     -0.656524433793     -3.975448115150
    51     -0.360683476320     -3.020210904882
    52     -1.286889628512     -2.643193446878
    53     -0.425737321412     -3.151540477926
    54      0.037879954717     -2.265504913587
    55     -0.318077581417     -3.200007044386
    56      0.505764931461     -2.633188277958
    57     -0.447553025118     -2.935156610181
    58     -0.933359973769     -3.809222745346
    59     -1.131489831236     -2.829046965406
    60     -2.090299409570     -3.113096595741
    61     -2.982362203286     -2.661185130886
    62     -1.993943082984     -2.509436514349
    63     -2.960860177308     -2.254345682087
    64     -3.949200787610     -2.406604796849
    65     -2.982969302018     -2.148929194103
    66     -1.999866179822     -1.965876602944
    67     -1.325756410824     -1.227245423436
    68     -2.290409443779     -1.490768716546
    69     -1.389974398188     -1.055778223924
    70     -0.845082003777     -1.894284203935
    71     -1.629307941622     -2.514759568805
    72     -0.934632047677     -1.795436691113
    73     -1.886942236504     -2.100568309034
    74     -2.120799581770     -1.128297388937
    75     -1.827678771314     -2.084372799393
    76     -0.828865551009     -2.133077531642
    77     -1.449622225024     -1.349074246148
    78     -0.695931165435     -2.006303115489
    79     -0.672011943200     -3.006017009965
    80     -1.497427034772     -2.441490724832
    81     -1.330212351931     -3.427411233718
    82     -0.427981529374     -2.996157778280
    83     -0.508409029907     -1.999397317007
    84      0.106224876190     -2.788209817843
    85     -0.076033968751     -3.771460403116
    86      0.709123548041     -4.390756514701
    87      1.659168551695     -4.702869460658
    88      2.292920681719     -5.476405650949
    89      2.385614187634     -4.480710961819
    90      1.935834534572     -5.373850516251
    91      2.591576964999     -4.618865837641
    92      3.446399372304     -5.137786498214
    93      3.664156492703     -6.113789488228
    94      4.206081843238     -5.273362861777
    95      3.673287614532     -6.119607690333
    96      2.967614867913     -6.828145603701
    97      2.024958647489     -7.161910865669
    98      2.506986910124     -8.038066533357
    99      2.280394286639     -9.012056154955
   100      2.042930281004     -8.040659816673
   101      1.256219146993     -7.423338513280
   102      0.491359130570     -6.779141994136
   103      0.202213661887     -5.821856823489
   104     -0.454986918542     -6.575572550461
   105     -1.115156831371     -5.824456257072
   106     -2.018908591300     -5.396399302419
   107     -2.760939856564     -4.726034027834
   108     -2.420440078639     -5.666278624326
   109     -2.581196328798     -4.679284486534
   110     -2.944985615303     -5.610765755817
   111     -2.861077615950     -6.607239261558
   112     -2.810509933517     -5.608518625197
   113     -2.667125092076     -4.618851616934
   114     -1.815619237710     -4.094506520666
   115     -0.924506418159     -4.548288343608
   116     -1.922392770504     -4.483305054954
   117     -1.064725373820     -3.969100196298
   118     -0.366401452310     -3.253318315662
   119     -0.974676680393     -4.047044494455
   120     -0.285400358215     -3.322545942569
   121     -0.956648345250     -2.581313091232
   122     -1.729919240105     -3.215388893617
   123     -0.749429824533     -3.411960778563
   124     -1.715960841772     -3.155410992529
   125     -2.700255470564     -3.331944512667
   126     -3.590665410287     -2.876785046938
   127     -2.614080896158     -3.091919160376
   128     -3.346689271216     -2.411268759072
   129     -3.642852942981     -3.366405963628
   130     -4.410476622273     -4.007306803844
   131     -3.769696400599     -3.239582434353
   132     -3.902180113389     -2.248397251935
   133     -2.905160767956     -2.171245292587
   134     -3.196797448276     -3.127774459257
   135     -2.493744339281     -3.838911806000
   136     -3.420989151271     -3.464456122856
   137     -3.207612521404     -2.487486106005
   138     -2.208508750796     -2.529814058444
   139     -2.705277294713     -1.661930993870
   140     -2.086855820867     -0.876084392625
   141     -1.508362387950     -1.691771433145
   142     -0.589610177804     -2.086606052134
   143     -1.533778233519     -2.416070287779
   144     -1.308173712744     -3.390289257111
   145     -1.496056009373     -2.408097706234
   146     -1.196452716356     -1.454033836877
   147     -1.569116970821     -0.526067591023
   148     -0.737600506170     -1.081567698146
   149     -1.650019369850     -1.490825339739
   150     -1.760005378374     -2.484758475281
   151     -2.705262047954     -2.811086268481
   152     -2.143918884140     -3.638669407772
   153     -1.459305472105     -2.909763051605
   154     -0.466718097271     -3.031296188325
   155     -1.254722524852     -3.646965760509
   156     -1.983942990842     -2.962686934313
   157     -1.634186458306     -3.899527565342
   158     -0.876954957109     -3.246380986391
   159     -1.151035867203     -4.208087622909
   160     -0.464210339296     -4.934909949351
   161     -0.277030825268     -3.952584224589
   162     -1.065190879036     -3.337113892531
   163     -1.538693521233     -4.217906290223
   164     -2.106789573077     -5.040868546878
   165     -3.042541389488     -4.688209308967
   166     -2.220665749396     -4.118542360458
   167     -2.260803067706     -3.119348187297
   168     -2.049828134047     -2.141856715535
   169     -3.047664463739     -2.207603648150
   170     -2.058503943293     -2.060765421547
   171     -2.142720607036     -1.064317955020
   172     -2.562316185884     -1.972029115143
   173     -2.493373720213     -0.974408477612
   174     -1.763155686098     -0.291194292562
   175     -0.811424834452     -0.598128138894
   176     -1.481492726048      0.144171679678
   177     -0.507410291750     -0.082021625246
   178     -1.128490361559      0.701725493974
   179     -2.021805128373      1.151157054272
   180     -2.414185004091      0.231353796432
   181     -1.825195418619     -0.576786827597
   182     -2.673785963177     -1.105837002616
   183     -2.358140649020     -0.156959752573
   184     -1.483659132815     -0.642018592113
   185     -0.824324067867     -1.393867827086
   186      0.025471566784     -1.920980129473
   187     -0.798469207557     -2.487656051299
   188     -1.760280938760     -2.761367932152
   189     -2.755577912936     -2.664497228649
   190     -2.037996090440     -1.968023016619
   191     -2.422313521996     -2.891224030375
   192     -1.846352287667     -2.073747023634
   193     -2.529055430760     -2.804442868984
   194     -3.496081954949     -3.059118548064
   195     -4.049788725255     -3.891830270401
   196     -4.659258578391     -3.099021025930
   197     -4.885898005683     -2.125042294131
   198     -4.205319162719     -1.392367442297
   199     -4.775533898328     -0.570871760449
   200     -4.618714106075      0.416755473257
   201     -3.769006264343      0.944009286613
   202     -2.959561904082      0.356812703142
   203     -3.369521957272     -0.555290774973
   204     -2.559947896719     -1.142308526389
   205     -3.439142553470     -1.618771279960
   206     -2.808067231872     -0.843049720075
   207     -3.802807047336     -0.945483598895
   208     -4.387236241554     -0.134038889166
   209     -5.299855168739     -0.542850207188
   210     -6.144239496556     -1.078588116000
   211     -5.251476284016     -0.628061927710
   212     -5.934868161198      0.101989811690
   213     -4.985506554647      0.416175330144
   214     -4.129564844947      0.933247655449
   215     -4.746775600652      1.720045522148
   216     -3.746907998473      1.703773518197
   217     -3.536966570638      2.681487482953
   218     -4.162205027895      3.461921254370
   219     -4.813334457516      4.220887963706
   220     -4.417509820915      5.139214080650
   221     -5.291900170829      5.624437241656
   222     -4.490434717734      6.222478316745
   223     -4.664812692384      5.237799525486
   224     -4.444313779926      4.262412305145
   225     -3.467379247470      4.475951339739
   226     -4.395619893263      4.103971093627
   227     -4.283791762075      3.110243530823
   228     -5.190454770864      2.688387881940
   229     -4.257234096491      2.329084148417
   230     -3.259330369356      2.264368220155
   231     -3.678842047532      1.356618281089
   232     -4.452880442578      0.723479620925
   233     -5.203299717473      1.384441731690
   234     -5.777340070160      0.565614720969
   235     -6.647119766982      1.059054969629
   236     -5.679970640522      0.804845278255
   237     -5.806079497187      1.796861687530
   238     -6.538204176702      1.115691038100
   239     -7.182137962408      0.350609813899
   240     -7.474853733905      1.306809310404
   241     -7.171278318090      0.354001897066
   242     -7.623279110233     -0.538015638581
   243     -8.398182938120      0.094063515897
   244     -8.928604820395     -0.753670302471
   245     -9.910350461136     -0.563471730220
   246     -9.548109508915     -1.495556218093
   247     -9.012398601521     -2.339957676938
   248     -9.063463067498     -1.341262317825
   249     -8.941013307883     -0.348787604610
   250     -7.942835743807     -0.409132866033
   251     -7.450881864041      0.461488395011
   252     -8.349380250087      0.900465217032
   253     -8.952702718396      0.102967882094
   254     -8.220451245691      0.784002228306
   255     -9.124003781848      1.212479549064
   256    -10.107109327143      1.395519126231
   257     -9.188821773250      0.999605034079
   258     -9.935032999823      1.665314283930
   259     -8.936983356773      1.727739519287
   260     -8.118261871562      1.153548671526
   261     -7.313577371246      0.559846006084
   262     -7.700506871122     -0.362263294447
   263     -7.986105403693      0.596086056361
   264     -7.951157815783     -0.403303090118
   265     -7.155448257990     -1.008981469819
   266     -6.268283005430     -1.470433325000
   267     -5.485064393702     -0.848686908652
   268     -6.056156241856     -0.027800740555
   269     -6.619671542701     -0.853906366800
   270     -5.645438355033     -0.628363253305
   271     -5.205858723088      0.269840369032
   272     -4.206297809495      0.240209641462
   273     -3.209202989547      0.164039305814
   274     -4.073281148400     -0.339318355688
   275     -3.074649495687     -0.391613883215
   276     -2.096882419208     -0.601307812917
   277     -2.740084815897      0.164388391131
   278     -3.237506286779     -0.703120617644
   279     -4.084995940724     -1.233932530147
   280     -4.150997927171     -2.231752021731
   281     -3.451573876503     -2.946458952821
   282     -3.213611322928     -3.917733282296
   283     -2.737840268427     -4.797302440292
   284     -3.579112838684     -5.337913633788
   285     -4.191837998289     -6.128209704123
   286     -4.928623391952     -6.804336381370
   287     -4.329682287492     -6.003543303610
   288     -3.531789062391     -5.400744496927
   289     -2.606261187336     -5.022065011747
   290     -2.508898586160     -6.017313987578
   291     -1.532062006044     -5.803327315689
   292     -2.353787375685     -6.373211002846
   293     -3.319629380307     -6.114079333402
   294     -4.223627189869     -6.541616419871
   295     -3.318735242881     -6.967257776269
   296     -3.576666182873     -7.933421132123
   297     -4.408881619223     -8.487873535401
   298     -4.433871751351     -9.487561233283
   299     -3.953539340794    -10.364647760012
   300     -4.504002102535     -9.529788042493
   301     -5.135490069103     -8.754402365504
   302     -5.241511849328     -7.760038557776
   303     -4.300226198252     -7.422427356721
   304     -5.155367192108     -7.940822843416
   305     -6.044173161371     -7.482539144162
   306     -5.222719440318     -8.052814327007
   307     -5.365915864834     -7.063120038852
   308     -4.408632068971     -7.352270059048
   309     -5.021036620431     -8.142814596282
   310     -5.892476871266     -8.633316267252
   311     -6.622454168561     -9.316787660534
   312     -6.237117865967    -10.239563870622
   313     -5.586379870944    -10.998866222675
   314     -6.031945165463    -10.103616777927
   315     -6.171496286488     -9.113401910022
   316     -5.897659040890    -10.075177956159
   317     -6.562994708415     -9.328633617544
   318     -7.267881486210    -10.037953454070
   319     -8.149864612268     -9.566672470634
   320     -8.626235505105    -10.445916903347
   321     -7.705756574301    -10.836709096138
   322     -7.123585502014    -10.023642774986
   323     -7.863321439625     -9.350745500058
   324     -7.446205090695    -10.259598596798
   325     -7.278523972413     -9.273757310093
   326     -6.423310234939     -9.792032780510
   327     -5.775255441002     -9.030439067264
   328     -4.947182636313     -9.591059643175
   329     -5.544700410952    -10.392915309110
   330     -6.392979232364     -9.863365461462
   331     -5.402948090073     -9.722516828898
   332     -6.401962350070     -9.766907236915
   333     -5.421996507689     -9.966072865893
   334     -6.067214663833     -9.202074481745
   335     -6.165897300679    -10.197193438043
   336     -5.402772824164    -10.843444962871
   337     -4.527418937187    -11.326927715981
   338     -4.398261686903    -12.318551840687
   339     -5.041074722674    -13.084574948068
   340     -6.025352279531    -12.907946266739
   341     -5.809354842240    -13.884340197017
   342     -5.116608180632    -14.605521216478
   343     -6.095768662104    -14.402433177625
   344     -5.129682452580    -14.660652920807
   345     -5.179891845901    -15.659391633796
   346     -6.129436137194    -15.973024602206
   347     -6.886872965598    -15.320116146926
   348     -7.848073712746    -15.044266326038
   349     -8.822451435564    -15.269184207221
   350     -9.764766807264    -15.603910573463
   351    -10.613223215362    -15.074645305797
   352    -11.201333809531    -15.883425825484
   353    -10.203594577062    -15.950630170517
   354     -9.240386109292    -15.681874802914
   355     -8.452008132299    -15.066683641247
   356     -8.702752446175    -14.098630290930
   357     -9.495895395166    -14.707665809160
   358     -8.782039158908    -14.007373531639
   359     -8.348402932650    -13.106285509703
   360     -7.585125216729    -13.752356038654
   361     -8.305359099620    -13.058624711744
   362     -8.393392179406    -12.062507160015
   363     -9.114313098440    -11.369489823653
   364    -10.111777801907    -11.298326874452
   365    -11.008610232709    -10.855956451547
   366    -11.596747531636    -10.047195351091
   367    -12.034962121299     -9.148324963657
   368    -12.230405263567    -10.129039997772
   369    -11.329960579422    -10.564010537920
   370    -10.423955700526    -10.987277781415
   371     -9.491012255345    -11.347300736370
   372     -9.036504136518    -12.238043331018
   373     -9.696426499172    -12.989377128520
   374     -8.696687559697    -12.966528651587
   375     -8.657146871154    -11.967310690405
   376     -9.369560826980    -12.669070161694
   377     -8.369566042547    -12.672299884055
   378     -7.998492285554    -11.743696488158
   379     -7.035229194293    -12.012256010452
   380     -7.631822455968    -11.209712254558
   381     -7.906708286958    -12.171189128914
   382     -8.409450353284    -11.306752656554
   383     -7.917482288536    -12.177365902070
   384     -7.118364733378    -12.778540696150
   385     -6.156523252355    -12.504933376466
   386     -6.723093442277    -13.328946859300
   387     -6.869002731706    -12.339648886362
   388     -5.881646408018    -12.498165415699
   389     -5.105874888733    -13.129179321938
   390     -4.446525731942    -12.377342445057
   391     -4.954463799938    -11.515948853787
   392     -5.335825683869    -12.440374682875
   393     -4.448717952608    -11.978812256829
   394     -3.567690521464    -11.505747075727
   395     -2.732370675771    -12.055511348293
   396     -2.701308210826    -13.055028793499
   397     -3.254698889444    -12.222106974348
   398     -4.232211271512    -12.011228945848
   399     -4.221071420967    -11.011290995908
   400     -5.080255181638    -10.499623852738
   401     -5.398725025652    -11.447556845335
   402     -5.779075876368    -12.372399118569
   403     -4.951189903193    -11.811502679446
   404     -4.044832593951    -11.388990634666
   405     -3.134029421072    -10.976149769111
   406     -3.226889996982     -9.980470647385
   407     -3.003628485435    -10.955229231580
   408     -3.423089439598    -10.047455852408
   409     -3.971304668723    -10.883793142355
   410     -3.662363515700    -11.834874297656
   411     -3.190075953034    -10.953429768403
   412     -2.691355805829    -11.820192835666
   413     -3.098196890883    -12.733691785590
   414     -3.928064813238    -12.175731902224
   415     -3.657244886246    -13.138361928321
   416     -2.991111177004    -12.392529586965
   417     -2.329213055149    -13.142123394494
   418     -3.315452854862    -13.307444468356
   419     -3.404960529444    -14.303430600885
   420     -3.010536076045    -15.222358971630
   421     -3.860185388288    -15.749707097828
   422     -4.628760395682    -15.109947410126
   423     -4.159232065869    -15.992864817080
   424     -3.345616985366    -15.411460912056
   425     -3.083301655049    -16.376443123022
   426     -2.393045200202    -15.652878318362
   427     -1.912691672464    -16.529953280033
   428     -0.967181639965    -16.855546244398
   429     -0.820911763685    -15.866301520736
   430     -1.451646741607    -15.090303203968
   431     -0.486403287711    -14.828950808317
   432      0.438517964090    -15.209109561954
   433      0.874155371999    -14.308987320906
   434      1.832671037114    -14.594027177294
   435      2.669936651897    -15.140823565634
   436      1.671356091851    -15.194085795206
   437      1.901263642342    -16.167298268527
   438      2.883538085663    -16.354746709430
   439      3.877353074109    -16.243698212188
   440      4.391384374429    -17.101469639955
   441      4.047523369125    -18.040490198319
   442      3.253797949927    -18.648766417581
   443      2.262445363635    -18.517541230780
   444      1.338535305447    -18.900150959329
   445      1.639043814210    -17.946371825482
   446      2.498272587680    -17.434780274690
   447      2.029896277272    -18.318309352790
   448      2.981185637373    -18.626608806824
   449      2.084097147356    -19.068459733131
   450      2.658153898384    -19.887275247517
   451      2.119505301241    -19.044744720595
   452      2.672876073827    -18.211809676280
   453      2.429485004867    -17.241881437929
   454      1.522833232415    -16.820001640465
   455      0.946344230839    -16.002896732229
   456      1.566715177580    -16.787205273838
   457      2.361759210860    -17.393756990632
   458      1.455123689349    -16.971842270416
   459      0.792288784916    -17.720607847525
   460      1.445295541245    -18.477959929578
   461      2.390774621161    -18.803642765232
   462      1.505329692156    -18.338898450905
   463      2.049703480166    -19.177741212648
   464      2.605814807174    -20.008849022726
   465      1.789014382867    -20.585769352453
   466      2.763080025098    -20.812034958823
   467      2.844432952025    -19.815349601611
   468      3.122071653292    -20.776035164924
   469      3.866561777562    -21.443668638369
   470      4.609832349349    -20.774677713829
   471      4.023848733577    -21.585000613695
   472      3.682426129642    -22.524910505931
   473      4.538327539688    -23.042049535865
   474      3.618135018471    -23.433515656873
   475      4.463138104001    -23.968277085404
   476      5.119629205562    -23.213943317387
   477      4.185171925089    -23.570018577650
   478      5.083671803023    -23.131044809239
   479      4.277647506182    -22.539162360689
   480      5.198531270144    -22.928999625801
   481      5.595101773929    -23.847003893508
   482      5.158203963371    -22.947492746756
   483      5.329103174872    -21.962204230885
   484      5.877262079258    -21.125830023043
   485      5.391738501749    -22.000053596097
   486      5.410946750948    -21.000238091535
   487      5.177333574029    -20.027908474805
   488      6.177328655823    -20.024772173089
   489      5.501789205133    -19.287448329339
   490      5.430345738017    -20.284892979937
   491      5.388075771920    -19.285786754371
   492      5.450664872660    -18.287747374151
   493      4.696723345706    -18.944688904224
   494      3.876116008704    -18.373196473428
   495      4.163665168832    -17.415430593627
   496      4.875460667883    -18.117817358545
   497      3.945426317965    -17.750344763686
   498      4.853544503917    -17.331630827517
   499      4.972266511903    -18.324558360029
   500      4.401411551864    -19.145609280861
   501      3.597275207519    -18.551164380385
   502      3.373764550445    -19.525865866058
   503      2.776034060303    -20.327562979159
   504      1.839424442980    -20.677937671078
   505      1.067767044950    -20.041899260236
   506      1.594864155606    -20.891704317845
   507      0.939386900212    -21.646919232728
   508      1.031938127821    -22.642627156904
   509      1.574500741564    -23.482642519959
   510      0.757410542468    -22.906132670485
   511      0.340022724306    -21.997404213107
   512     -0.423372183546    -21.351472161984
   513      0.265338458948    -20.626435851917
   514     -0.519037670142    -21.246721341119
   515     -0.227543795441    -22.203294036219
   516     -0.757058813434    -23.051594599534
   517     -1.503537557881    -22.386185338936
   518     -2.217842601398    -21.686350855071
   519     -2.661129784613    -20.789971207156
   520     -2.930929764381    -19.827054818824
   521     -3.485206210990    -20.659387457097
   522     -2.486986181407    -20.599748773848
   523     -1.749425127709    -19.924468319468
   524     -2.436716305460    -19.198086300840
   525     -2.858485411663    -20.104789571514
   526     -3.024150900150    -21.090971575976
   527     -2.439017577434    -21.901908684911
   528     -1.608365608726    -22.458700663016
   529     -1.875236040272    -21.494968245398
   530     -2.847962240442    -21.263011914375
   531     -1.952619278286    -20.817634568615
   532     -1.302596794005    -21.577549544076
   533     -2.269553870523    -21.322610311764
   534     -2.519278738710    -20.354293478177
   535     -1.519295247716    -20.348547371831
   536     -2.113329855872    -21.152986856387
   537     -1.550466257603    -20.326437057679
   538     -2.301807632601    -20.986350793115
   539     -1.307241961941    -20.882239666215
   540     -1.790234523301    -21.757864120916
   541     -0.917640262230    -22.246309875885
   542     -0.358117046310    -23.075124554113
   543      0.626090133958    -23.252144966238
   544     -0.019815209018    -22.488727460600
   545     -0.627451332374    -23.282943011690
   546      0.147747372231    -23.914660486817
   547     -0.687946872194    -23.365465503376
   548     -1.530833581890    -23.903556568733
   549     -0.899317742402    -24.678919544684
   550     -0.022523894683    -25.159786000783
   551     -1.004483217568    -25.348878275081
   552     -0.072458207824    -24.986484316506
   553     -0.502885544987    -24.083859085626
   554      0.325639560295    -24.643811003131
   555     -0.672924747458    -24.697377067778
   556     -1.439126795898    -24.054777331577
   557     -2.234227624749    -24.661254595751
   558     -1.283762821517    -24.972086797776
   559     -0.509754619704    -25.605262368631
   560     -0.702465240100    -24.624006735890
   561     -1.131411211927    -23.720676589568
   562     -0.645696776096    -24.594794137055
   563     -0.889968001719    -23.625087187337
   564      0.038154095569    -23.997363123338
   565     -0.687095053127    -24.685849631787
   566     -0.223141660537    -25.571709242281
   567     -0.964509717958    -24.900610588255
   568     -0.386328755617    -24.084702030396
   569     -0.230430556390    -25.072475157930
   570     -1.133228601521    -24.642410407330
   571     -0.361298709603    -24.006702737119
   572     -0.620777721153    -24.972451484240
   573     -1.453410598044    -25.526276810782
   574     -1.749030534204    -24.570971177310
   575     -2.723029970571    -24.797521608689
   576     -1.752671095844    -25.039190088716
   577     -0.863215576862    -25.496211838476
   578      0.045621456095    -25.079060490012
   579      0.697866922795    -24.321052672658
   580     -0.028116588205    -25.008764779397
   581     -0.523806253216    -24.140265063795
   582     -0.124344249376    -25.057014815629
   583     -0.469076065553    -25.995716032692
   584      0.209404273407    -25.261097472047
   585      0.152492711437    -24.262718248448
   586      1.099105342288    -23.940344975495
   587      1.742094670831    -23.174469839863
   588      2.612328656824    -23.667108459566
   589      3.587706687903    -23.887648017218
   590      2.668165356022    -24.280641323730
   591      1.949079132987    -24.975562185297
   592      1.926588372882    -23.975815134433
   593      2.901897807314    -24.196657854729
   594      3.101230957099    -23.216726073738
   595      2.625990451317    -22.336870141404
   596      2.952971604083    -23.281901001078
   597      3.107261603031    -24.269926606122
   598      2.246443492324    -23.761013862838
   599      2.938427639469    -23.039101167216
   600      2.931733719842    -24.039078762685
   601      3.885212920915    -24.340537571017
   602      2.921575156158    -24.073325560931
   603      3.892800014046    -23.835161173541
   604      4.027832033829    -24.826002408873
   605      3.436364528872    -24.019673573608
   606      3.930408031827    -23.150236389456
   607      4.537791996827    -22.355827981229
   608      5.208547255938    -21.614149221674
   609      6.208380368575    -21.632417961997
   610      5.442209013384    -22.275054293435
   611      5.931743690395    -21.403070463307
   612      4.936963191243    -21.505108488115
   613      5.825337469582    -21.045988523851
   614      6.041720394329    -22.022297096935
   615      6.989986839666    -21.704821509452
   616      6.079329594053    -21.291658852606
   617      5.461522326368    -20.505329290657
   618      6.071578353382    -21.297687570669
   619      7.059414640052    -21.453185064983
   620      7.580443607116    -20.599646070279
   621      6.776515794743    -20.004919181285
   622      6.104892185953    -19.264026659987
   623      6.243863052175    -20.254323129909
   624      6.484803670891    -19.283783270731
   625      7.199703876460    -19.983009769141
   626      6.420552109484    -20.609845093623
   627      5.806659196336    -21.399234408971
   628      4.814166438203    -21.276930995066
   629      5.132044567545    -22.225062576064
   630      5.792253516942    -21.473980594429
   631      6.493147628447    -20.760715254981
   632      7.492252240224    -20.718407162078
   633      7.241161073620    -21.686370604597
   634      7.879314348962    -22.456279948072
   635      8.518260450879    -23.225531453657
   636      9.201558631399    -23.955670889996
   637      8.223276497791    -24.162948643417
   638      8.528184565922    -25.115330431351
   639      7.781869227956    -25.780922961595
   640      7.124084201353    -25.027717240177
   641      7.979923870747    -25.544958441447
   642      7.745865103617    -24.572735990806
   643      8.644566283979    -25.011297489819
   644      7.736024890032    -25.429092338379
   645      8.124731604436    -24.507730796868
   646      8.595678283002    -25.389892474764
   647      8.995392026697    -26.306532493038
   648      8.923760271669    -25.309101346706
   649      8.171531646296    -24.650199157327
   650      8.855642708794    -25.379577011507
   651      9.608503820127    -24.721397592927
   652      8.713873607187    -25.168204913923
   653      9.649086633156    -24.814119336614
   654      8.677295487134    -24.578276235138
   655      8.902080887267    -23.603867940897
   656      8.729462345101    -22.618879190250
   657      7.809507070014    -22.226855859517
   658      8.181836908569    -21.298755384718
   659      7.363544705186    -20.723952923100
   660      7.587139898048    -19.749270826348
   661      8.232390049084    -18.985299463934
   662      9.009600284643    -19.614540474788
   663      8.675129803784    -20.556946702183
   664      9.276688881410    -21.355775016732
   665      8.437895608167    -20.811324977921
   666      9.418259474869    -21.008522059201
   667      8.997444599444    -21.915668596769
   668      9.679881027714    -21.184723645784
   669      9.449332597345    -22.157784497558
   670     10.358659730956    -22.573866417471
   671     11.190584890509    -22.018978564925
   672     10.666792299214    -22.870824396813
   673      9.815588834544    -23.395660239467
   674     10.353765189098    -22.552827983678
   675     10.988069094942    -21.779744188070
   676     10.181024167802    -21.189254149561
   677     11.169210005907    -21.342514546822
   678     10.182855550879    -21.507150171905
   679     11.067789218174    -21.972867258222
   680     10.328183985268    -22.645908192681
   681     11.025105517006    -21.928760802949
   682     11.989503409819    -22.193216289445
   683     12.719752185973    -21.510034962911
   684     13.646273961313    -21.133793817073
   685     14.633795864764    -21.291275530946
   686     14.391942078047    -20.320962825757
   687     15.378743489853    -20.159027734878
   688     14.936496558946    -21.055921068616
   689     15.529600077904    -20.250794857517
   690     15.128157577199    -19.334910629774
   691     14.394788894113    -18.655079492896
   692     13.397679127049    -18.731053912433
   693     13.822385598913    -17.825722805734
   694     13.039013715719    -18.447276095985
   695     13.395032057289    -17.512797128610
   696     14.391727753775    -17.431570971464
   697     13.665225625978    -16.744406756515
   698     14.644553151197    -16.542125767916
   699     15.096365562503    -17.434238734411
   700     14.291071486296    -18.027114312273
   701     14.956166262397    -17.280355355981
   702     14.519949902201    -18.180197168244
   703     15.448630690140    -18.551077194820
   704     16.061551438920    -17.760932805664
   705     17.059883050231    -17.703192058722
   706     16.086077201807    -17.930573169580
   707     15.998510721541    -18.926731847469
   708     15.068411015000    -18.559424706384
   709     14.363116188360    -19.268338810853
   710     15.302956986275    -18.926726055567
   711     14.303844666013    -18.884600392374
   712     14.076337644463    -17.910823952350
   713     13.284334439838    -17.300307020672
   714     12.299537794135    -17.474018179243
   715     12.270079637589    -18.473584193577
   716     11.650213674699    -17.688876484905
   717     12.302084536303    -18.447206478899
   718     12.761254936212    -19.335554689821
   719     12.131395987641    -18.558845152796
   720     11.131907553173    -18.526862823848
   721     11.357802146563    -19.501014574182
   722     10.841963250042    -18.644328965084
   723      9.842993565454    -18.598946487460
   724      8.856316069967    -18.436258073922
   725      9.754265348767    -17.996159116070
   726      9.366559782589    -18.917942384499
   727     10.239787592152    -19.405254597158
   728     10.513236052772    -20.367141253362
   729      9.826806733398    -19.639944725935
   730     10.681779056042    -19.121271102630
   731     10.533318166772    -18.132352822711
   732      9.862076115554    -18.873591049381
   733     10.541583576191    -18.139922451895
   734     10.098903324386    -17.243242913452
   735      9.731915397947    -18.173468618240
   736     10.712169306359    -17.975725666297
   737     11.394614404731    -18.706662522467
   738     11.579427502963    -17.723888836046
   739     12.279140197650    -17.009464490930
   740     12.769705662312    -17.880868831567
   741     12.296508973028    -18.761825637120
   742     12.804293375168    -19.623309822084
   743     13.480338270479    -18.886449387861
   744     13.352337710674    -19.878223483454
   745     14.002772319735    -19.118661228378
   746     14.639349807660    -18.347448480904
   747     15.488589201091    -17.819440476565
   748     16.428479714003    -18.160916425552
   749     15.494395585601    -17.803863430791
   750     15.243884295761    -16.835749752723
   751     15.736394056602    -15.965442832450
   752     16.360015889704    -16.747169005273
   753     16.276195323528    -15.750688141089
   754     16.979202937199    -16.461870463086
   755     17.700278036024    -17.154727376058
   756     18.202693650476    -16.290101127119
   757     18.585593826819    -15.366311402692
   758     19.376678380785    -14.754604586908
   759     20.334968426881    -14.468807127941
   760     21.139645693113    -15.062519598089
   761     22.002286656968    -14.556702864994
   762     21.383597599555    -13.771066912254
   763     22.288771624621    -13.346025756193
   764     21.422740447283    -12.846035756416
   765     22.421258875421    -12.791621156638
   766     21.557154380488    -12.288308707123
   767     20.744129250734    -12.870537303456
   768     20.157974936209    -13.680736735426
   769     20.946900817254    -14.295225103272
   770     20.707040512785    -15.266032516892
   771     21.447323556565    -14.593737183655
   772     22.442453296384    -14.495163348756
   773     22.447180635064    -13.495174522684
   774     21.456364473465    -13.630390401613
   775     21.804467901684    -12.692934267566
   776     21.144810296892    -11.941368006721
   777     20.407686387724    -12.617125613065
   778     20.638971714459    -13.590011576391
   779     20.423928582363    -14.566616128571
   780     21.019212233473    -13.763100494174
   781     20.024506375274    -13.865863598768
   782     19.300977133876    -13.175569866476
   783     18.694823347755    -12.380222403054
   784     18.071835417771    -11.597990954509
   785     17.072382696901    -11.564911372505
   786     18.060239904828    -11.720275901104
   787     18.481769888119    -12.627090365693
   788     17.485182907486    -12.544541046900
   789     18.466726697360    -12.735778565603
   790     17.740823296972    -13.423575231271
   791     18.588143966344    -13.954656847649
   792     19.041267569509    -14.846104546763
   793     19.766261703822    -14.157349506700
   794     20.245446783562    -15.035063389099
   795     19.460967495182    -15.655218406899
   796     20.390587401041    -16.023738190127
   797     21.298636656656    -16.442601591939
   798     21.802710853771    -17.306261944047
   799     22.802682985261    -17.313727615036
   800     23.499170318452    -18.031296702096
   801     23.858206546787    -17.097973078296
   802     24.852530271531    -16.991576036929
   803     25.682142939971    -16.433236695341
   804     25.316581634022    -15.502449430928
   805     25.762244507042    -16.397650304258
   806     26.522985811885    -15.748595093120
   807     27.441509246119    -16.143961632883
   808     26.542229506908    -15.706587707454
   809     25.549772961653    -15.829184631476
   810     26.449127135011    -15.391963782405
   811     26.934551973373    -14.517685379205
   812     27.929364704612    -14.619408679218
   813     28.486426591689    -13.788937696001
   814     27.929251532829    -12.958542637138
   815     28.928377770223    -12.916748358220
   816     27.932608219549    -12.824862548921
   817     27.774782435230    -11.837395576408
   818     28.534721184588    -11.187400886257
   819     29.021081525040    -10.313642556262
   820     29.690336960402    -11.056674966214
   821     28.825159462272    -10.555209217902
   822     28.712983496757    -11.548897575870
   823     27.750349674262    -11.278091143547
   824     27.341895596471    -12.190870013995
   825     26.342207281165    -12.165904593088
   826     25.342614840689    -12.194451973750
   827     24.536068123258    -12.785622332109
   828     24.496619101435    -13.784843916482
   829     23.705971025046    -13.172573045623
   830     22.796872457834    -12.755991966967
   831     22.701974467744    -11.760504964803
   832     22.178657863822    -12.612643293984
   833     23.079745666186    -12.179006611459
   834     22.774722421104    -11.226661705472
   835     21.904164594373    -10.734595581545
   836     21.000126499762    -11.162047477660
   837     21.914595787564    -11.566702789828
   838     21.015855976692    -12.005185118267
   839     21.229061803198    -12.982192424045
   840     22.152566840547    -12.598606128683
   841     22.764518744648    -13.389501107215
   842     23.298840216095    -14.234782459873
   843     22.358126462207    -14.573983923969
   844     22.845840788715    -13.700980638913
   845     22.941586324067    -12.705574795822
   846     22.765366299506    -11.721223993037
   847     21.818616037985    -12.043192846048
   848     22.809725588116    -11.910144510328
   849     23.567519872147    -11.257650967762
   850     24.333008108190    -11.901100857403
   851     23.765856150960    -12.724714029597
   852     24.495584126282    -12.040976446870
   853     23.741583759303    -11.384102450889
   854     24.694415195754    -11.687602457004
   855     25.033769200797    -10.746943720128
   856     24.034050494174    -10.770660963417
   857     23.518085346536    -11.627270539842
   858     23.366589603202    -10.638812629888
   859     24.023141233758     -9.884531544075
   860     24.795815613908     -9.249728974563
   861     24.633233669680     -8.263033929774
   862     23.962985147641     -7.520897204699
   863     23.531769459606     -8.423146078565
   864     24.488819213588     -8.713069807161
   865     24.966177537792     -7.834361078222
   866     25.002887122519     -8.833687054262
   867     24.908641357887     -7.838138092207
   868     25.890199705560     -7.646975307874
   869     25.702869945347     -8.629272391724
   870     26.616307084550     -9.036252234868
   871     26.167427550658     -8.142659954209
   872     26.031354630306     -7.151961129971
   873     25.845117396291     -6.169456324554
   874     24.904412339970     -5.830230740301
   875     24.218272506006     -6.557700415441
   876     23.720654788995     -5.690303961841
   877     24.082382055477     -6.622587923241
   878     24.593249437084     -7.482247459575
   879     24.086196656412     -6.620332453549
   880     23.369752370826     -7.317976765252
   881     24.214199506255     -6.782337861264
   882     23.216615655795     -6.712865123442
   883     24.144238387381     -6.339346626116
   884     24.457069951970     -7.289155244837
   885     23.627226597095     -7.847151666303
   886     23.167001303483     -6.959349504153
   887     23.899973198411     -6.279090581944
   888     24.411231165824     -5.419663278004
   889     25.183780613932     -4.784708673148
   890     26.120112817283     -4.433593300417
   891     25.660356978406     -3.545547936362
   892     25.563663115120     -4.540862106262
   893     24.726290542001     -5.087494682851
   894     23.784503772775     -5.423705452030
   895     23.124027478829     -6.174552350629
   896     23.639436062764     -5.317607783223
   897     23.582618516269     -6.315992361634
   898     22.669415959437     -5.908486422788
   899     23.279092139671     -5.115835834410
   900     23.674240786019     -6.034453027418
   901     22.894051893580     -5.408909030472
   902     23.697429098856     -4.813438572729
   903     24.366725380613     -4.070442955497
   904     25.299427811766     -3.709796071523
   905     25.760294108009     -4.597265652402
   906     26.217069371246     -5.486847778400
   907     26.745908975993     -4.638125990974
   908     27.570296114433     -4.072099625887
   909     27.654693228058     -3.075667426883
   910     28.412005539508     -2.422614547764
   911     27.687085729109     -3.111447813868
   912     28.672832499673     -3.279683673076
   913     29.277704063128     -4.076006717904
   914     30.150592819969     -4.563925992149
   915     30.965469338862     -5.143560583039
   916     29.981976448546     -4.962613809935
   917     30.585171520183     -4.165020112898
   918     31.497577841452     -3.755734509793
   919     31.527660455024     -4.755281925557
   920     32.425917011968     -5.194753378450
   921     33.325371848415     -4.757739651902
   922     32.644752549180     -5.490376921981
   923     33.451994021135     -6.080598241449
   924     34.019900888044     -5.257505421339
   925     34.837240164207     -4.681348751984
   926     35.492932645203     -3.926320692661
   927     35.916852492328     -4.832020401844
   928     35.977322574217     -3.833850391677
   929     35.604245496281     -4.761650744080
   930     36.538786443599     -5.117506357756
   931     35.688091252611     -5.643165650482
   932     36.372820377181     -4.914367992715
   933     37.358762378781     -5.081455902152
   934     36.415983079327     -5.414873346988
   935     35.704121434224     -4.712553620489
   936     34.944394141726     -5.362795453220
   937     35.694476721688     -6.024139632327
   938     34.812942987386     -6.496260671137
   939     34.515159265807     -5.541627309494
   940     34.443083448906     -6.539026465608
   941     34.650359619986     -7.517308934480
   942     34.252815906701     -8.434892171046
   943     34.982533180854     -9.118641174557
   944     34.696164669374    -10.076760726405
   945     34.687942628713    -11.076726924857
   946     33.707254085143    -10.881150902523
   947     32.784965889542    -10.494648012165
   948     32.114848777033     -9.752392627865
   949     31.246536452856    -10.248410478030
   950     31.434251161654    -11.230634071771
   951     30.602069745342    -10.676130608892
   952     30.770412217269    -11.661859178096
   953     31.296084197889    -12.512546528885
   954     30.319932349747    -12.729635380211
   955     31.205835841064    -12.265765782076
   956     32.077805700743    -12.755325343122
   957     31.481094858092    -11.952869007698
   958     30.696527801041    -11.332825031040
   959     31.629456823227    -11.692885358710
   960     31.617650132955    -12.692815657314
   961     32.256364927225    -13.462259230021
   962     32.764650677987    -12.601070751480
   963     33.349949962884    -13.411888084237
   964     32.508465815835    -12.871606277894
   965     31.556680667107    -12.564840845256
   966     31.898366416102    -11.625026582259
   967     31.025239479453    -11.137533656671
   968     30.216048338339    -10.549988171502
   969     31.037396207994    -11.120415797949
   970     30.246385719101    -11.732218385766
   971     31.035456264927    -11.117915794441
   972     32.005150856079    -10.873595513064
   973     31.670746700110    -11.816025277275
   974     32.432645136310    -12.463721790247
   975     33.050424070979    -13.250073612194
   976     32.609179497632    -14.147460500048
   977     31.844469331388    -13.503086104495
   978     32.631229425860    -14.120345007831
   979     31.771047468558    -14.630332262901
   980     32.718567004245    -14.950030135105
   981     33.186151775340    -14.066081900286
   982     33.594318665038    -13.153174571937
   983     32.765091730010    -12.594262512464
   984     31.917910937869    -13.125567232400
   985     32.817784892863    -12.689417183537
   986     33.647770724271    -12.131632709334
   987     32.727087526751    -11.741322000023
   988     32.766009795492    -12.740564241422
   989     32.572137894188    -13.721591094206
   990     31.925181285020    -12.959064277725
   991     31.518747408706    -12.045384079743
   992     32.500764606632    -12.234175559898
   993     31.747636436385    -12.892049376964
   994     32.358077550238    -12.099987733833
   995     32.385234922476    -13.099618904382
   996     33.283898140531    -13.538258187297
   997     32.294071247038    -13.680535103617
   998     32.974095773818    -14.413724467272
   999     32.404958046613    -13.591482259968
  1000     32.571847848009    -12.605506705408
  1001     33.504203736234    -12.967048539353
