# File chua thong tin toa do cua cac diem 3
##################################################
#  Step                   x                   y
     1      0.000000000000      0.000000000000
     2     -0.726308079184     -0.687369314206
     3     -0.910823420643      0.295460319436
     4     -0.757280769261      1.283602340710
     5     -1.331108156439      0.464626071381
     6     -0.332633765282      0.409409314826
     7      0.407467071522     -0.263086596954
     8      1.347056965677      0.079215653700
     9      0.725377637222     -0.704056210069
    10     -0.064877613329     -1.316834015620
    11      0.749311516017     -1.897433758692
    12      0.814392520111     -0.899553774472
    13      0.687021138430      0.092301321360
    14     -0.027341102256      0.792077420610
    15      0.966090534126      0.906504619454
    16      0.136320755706      0.348398791837
    17      0.699279686810      1.174883662775
    18      1.674161861495      0.952162434595
    19      0.679079840667      0.853108046378
    20      0.668949966956     -0.146840645135
    21      1.406511251047      0.528439557603
    22      0.514829029519      0.981101479803
    23      0.256241284579      0.015113706502
    24      0.333119918974      1.012154164845
    25     -0.108438201146      0.114921515776
    26     -0.420666083254     -0.835085720846
    27      0.289033216814     -1.539590442962
    28      0.216697796136     -2.536970805168
    29     -0.694815069953     -2.948242363818
    30     -0.695606319536     -3.948242050780
    31     -0.299373416011     -3.030092016111
    32     -0.063247637561     -4.001814515979
    33     -0.361567014619     -4.956280622906
    34      0.288940739019     -4.196781009702
    35     -0.084860870402     -5.124289692570
    36     -0.735219635265     -4.364662496528
    37     -1.484067351104     -5.027404602089
    38     -0.860517141736     -5.809187907358
    39     -1.845097561202     -5.634255355774
    40     -1.239734901834     -4.838305576804
    41     -0.382337782469     -5.352960975789
    42     -1.249288958389     -4.854567899423
    43     -2.140079336529     -5.308982360256
    44     -2.438938937917     -4.354685268854
    45     -1.944199978717     -5.223726903213
    46     -1.403650431808     -6.065039085068
    47     -1.353956273997     -7.063803567155
    48     -1.931824931512     -7.879933345231
    49     -2.112486695991     -8.863478629829
    50     -2.066871513411     -7.864519544022
    51     -3.052331707995     -8.034426003256
    52     -3.211680125870     -7.047203595832
    53     -2.992334369109     -8.022850785645
    54     -2.133653486321     -7.510340159869
    55     -1.901330391570     -6.537701491274
    56     -2.733037991656     -5.982487597392
    57     -1.762718533345     -5.740660905682
    58     -1.995166212076     -4.768052003475
    59     -2.976612816110     -4.576316343173
    60     -3.973741504366     -4.652042026109
    61     -4.724232430846     -5.312922778796
    62     -4.313994796290     -6.224901442578
    63     -4.636942029975     -7.171318414243
    64     -5.218673959944     -6.357937838096
    65     -4.377689845944     -6.898997649946
    66     -3.411697886214     -7.157569755435
    67     -3.995234457667     -6.345482894454
    68     -4.888510965619     -6.794990492100
    69     -5.167366705090     -7.755323495055
    70     -4.550449779565     -8.542351770913
    71     -5.496604960479     -8.218638358109
    72     -6.424138894399     -8.592377306342
    73     -5.873583238186     -7.757578845987
    74     -6.773660089470     -8.193310026626
    75     -7.196196372924     -7.286964017000
    76     -8.163497448146     -7.540594909984
    77     -7.960828513144     -6.561347595571
    78     -7.250916825476     -5.857056891592
    79     -6.474102592200     -5.227327070970
    80     -7.163424245053     -4.502871648664
    81     -7.970378309183     -5.093485853017
    82     -8.080578241293     -4.099576412996
    83     -8.630699305304     -4.934661327798
    84     -7.711534249876     -5.328533897139
    85     -8.160473571596     -6.222096141985
    86     -8.647359108388     -5.348630358990
    87     -7.662112616417     -5.177489042942
    88     -6.699061127653     -4.908171702263
    89     -5.910452222496     -4.293276593561
    90     -5.378413920416     -5.139996880976
    91     -5.315758315488     -4.141961673596
    92     -4.539855463914     -3.511109262235
    93     -4.142908014747     -2.593267923768
    94     -3.485818142068     -3.347080167780
    95     -2.812284944782     -4.086237141740
    96     -3.767579657682     -3.790581917694
    97     -2.997719250421     -4.428794228239
    98     -2.969437331149     -5.428394214755
    99     -3.783237883841     -6.009538482934
   100     -3.471186591597     -6.959603739119
   101     -2.933900508805     -7.803003801508
   102     -3.772077092731     -8.348402751048
   103     -3.298122445844     -7.467853494791
   104     -4.172207998106     -6.982081483117
   105     -4.783645214912     -6.190788534895
   106     -3.958343155523     -5.626097016658
   107     -4.077154921048     -6.619013812958
   108     -4.460659413285     -7.542552823738
   109     -4.002489872768     -8.431417645937
   110     -4.566034647940     -7.605332125923
   111     -3.740449528242     -7.041054525682
   112     -2.923842251862     -6.463860835347
   113     -2.506707445494     -7.372705460856
   114     -1.747753635566     -8.023849925929
   115     -1.415085312952     -8.966893820522
   116     -0.783044698123     -9.741829083113
   117     -1.201212801607    -10.650198742023
   118     -0.264645040639    -11.000685302559
   119      0.444750780865    -11.705495609259
   120      0.832474327540    -10.783719903703
   121      1.556607346474    -11.473380233786
   122      1.083501631534    -12.354385899200
   123      0.372500220397    -11.651195318090
   124      1.117143445232    -12.318658026942
   125      0.324726485159    -11.708678222859
   126      0.980139374192    -10.953407446985
   127      0.920244088041    -11.951612112721
   128      1.062665044986    -10.961805934207
   129      1.025379261313     -9.962501290800
   130      1.934641159449     -9.546276831404
   131      1.452578741147    -10.422413707047
   132      2.217219453614    -11.066870517732
   133      1.512690800110    -11.776546060774
   134      0.650464608261    -12.283069499608
   135      0.079092596767    -11.462378312571
   136      1.021647590717    -11.796429331696
   137      0.456499460152    -10.971439882965
   138      1.348731189229    -11.423017718591
   139      0.671126696571    -10.687591208645
   140      1.378867156233     -9.981118674318
   141      2.189840955313     -9.396036203887
   142      2.649742694465     -8.508066390028
   143      3.394061029662     -7.840241401061
   144      4.349688748224     -7.545664308407
   145      5.203433637689     -7.024972783882
   146      4.515940529935     -6.298781881438
   147      3.561281380191     -6.001080843801
   148      3.108177657690     -6.892538647993
   149      4.062591008217     -7.191026765569
   150      3.742934037125     -8.138560100514
   151      4.699163634410     -8.431177525278
   152      4.785900673352     -7.434946284011
   153      5.785883158882     -7.440864783202
   154      6.658272644951     -7.929676183023
   155      7.652758926797     -8.034542932856
   156      8.488661191737     -8.583421246756
   157      9.428426404117     -8.925241880420
   158     10.427199253956     -8.875716185830
   159      9.706945216211     -9.569426587302
   160     10.597303049042    -10.024687973230
   161     10.503497211041    -11.020278483810
   162     11.178556904228    -10.282515370993
   163     10.197169742624    -10.474555051892
   164     10.688665897876     -9.603675307396
   165      9.958642561692    -10.287097525814
   166     10.257830059052     -9.332903184276
   167      9.706966746477    -10.167498661653
   168      8.968663339965     -9.493029922620
   169      8.569067080578     -8.576338682624
   170      8.682173676493     -9.569921541756
   171      7.897392988146    -10.189695106212
   172      7.363014066056     -9.344450072138
   173      6.498645940790     -9.847309639039
   174      6.874056239615    -10.774168370203
   175      6.867310733334    -11.774145619017
   176      6.494179703475    -12.701924275031
   177      7.429995923058    -12.349435972864
   178      8.350868296042    -12.739300144948
   179      7.374934262054    -12.957366101264
   180      6.378617257307    -12.871619812413
   181      7.375439410341    -12.791960568003
   182      8.156957756167    -13.415842828640
   183      7.759270981957    -12.498321586587
   184      8.360975845513    -13.297040095933
   185      9.128523117973    -13.938032439522
   186      8.250862067144    -13.458750601918
   187      9.245517665887    -13.561999039621
   188     10.242659109936    -13.637556571081
   189      9.561600401093    -12.905327757725
   190      8.780219993377    -13.529382770073
   191      9.235132195079    -14.419919062844
   192      8.608811590546    -15.199484647216
   193      7.762568259446    -14.666688040088
   194      6.821370247683    -15.004543486475
   195      7.789629552062    -15.254491320000
   196      7.034047150588    -15.909544931991
   197      6.043846263102    -16.049195218144
   198      6.895554174777    -16.573212043438
   199      6.666962338918    -15.599689690034
   200      7.493020734108    -15.036105155349
   201      6.877295465730    -15.824066064203
   202      5.893968347615    -15.642220583698
   203      5.787863718999    -14.647865612983
   204      5.746178932767    -15.646996424537
   205      4.876410123837    -16.140455864627
   206      4.696227187287    -15.156822747364
   207      4.302084266658    -16.075871907158
   208      3.521694416480    -16.701165183741
   209      3.650300292809    -15.709469399453
   210      3.078916920753    -16.530152677057
   211      3.975014592673    -16.974009593618
   212      3.585865667060    -17.895184448732
   213      4.584475020634    -17.947904074618
   214      4.045401002473    -17.105645680214
   215      3.995005855678    -16.106916322891
   216      3.027176106422    -16.358522317364
   217      2.754677142849    -17.320678393503
   218      3.304560591785    -18.155919791295
   219      2.621974205961    -18.886724707732
   220      1.770756642298    -18.361911732177
   221      0.906727706311    -17.858469582792
   222      1.892448256406    -18.026859003836
   223      0.905239606671    -18.186292632310
   224      1.693467668328    -18.801675864789
   225      2.320844165393    -18.022959786278
   226      3.314733990156    -18.133336487772
   227      2.372903703964    -17.797247642359
   228      3.247203294326    -18.282634319444
   229      3.255559223375    -19.282599408059
   230      3.282061921575    -20.282248149862
   231      4.003688569982    -20.974530592445
   232      3.065060758209    -20.629598960138
   233      3.031466514038    -21.629034514218
   234      2.045528753456    -21.461921581567
   235      2.664364149241    -20.676400892518
   236      3.628537379828    -20.941674301326
   237      3.043863767500    -20.130405685486
   238      2.049102658353    -20.028178801896
   239      1.087614179468    -20.303024040114
   240      1.205770541598    -21.296019042160
   241      0.672576062455    -22.142011741544
   242      0.266915364374    -23.056035481953
   243      0.905408666433    -23.825662861421
   244      0.298885870516    -24.620728958065
   245     -0.635648283345    -24.264855504058
   246      0.274027596829    -24.680174409273
   247      0.724528837093    -25.572950211208
   248     -0.263334612584    -25.417625374841
   249      0.725590149845    -25.566043076802
   250      0.107480967079    -24.779950818743
   251      0.682328046081    -23.961689958282
   252      1.554600125407    -24.450710836803
   253      0.894643597012    -23.699407049624
   254      0.005141966069    -24.156339045164
   255      0.575147427817    -24.977979948222
   256      1.432426417391    -25.492832095964
   257      0.872057080532    -26.321074938559
   258      0.098914706555    -26.955307442899
   259     -0.876549302175    -26.735148482888
   260     -0.185734694511    -26.012116548712
   261      0.800379610961    -26.178184536425
   262      1.629699070753    -25.619409775354
   263      2.595339210196    -25.359526876537
   264      3.243013427896    -26.121444265581
   265      3.504725291351    -25.156298214184
   266      2.663193132077    -25.696505234601
   267      3.182675114385    -24.842023830439
   268      3.647962135645    -23.956863964739
   269      4.349590739205    -23.244321122051
   270      5.275964712884    -23.620926035576
   271      6.054206296632    -24.248891032471
   272      7.021723805895    -23.996087018913
   273      7.867759238538    -23.462960348494
   274      8.548405062370    -24.195572976354
   275      7.857656190050    -24.918667711080
   276      8.447711195007    -24.111304663174
   277      7.995792542047    -25.003363815420
   278      7.003493307983    -24.879500059315
   279      6.919442058631    -23.883038626302
   280      7.597843242030    -23.148346966921
   281      6.830229683443    -23.789259928776
   282      6.038400410084    -24.400002429223
   283      5.701685053319    -25.341608912059
   284      4.762273036841    -25.684399027575
   285      5.762271877573    -25.685921700977
   286      6.435628654515    -24.946604008137
   287      6.250614518893    -25.929339867674
   288      5.364547347900    -25.465783001164
   289      5.032819700196    -24.522407801284
   290      4.327347229919    -23.813670477813
   291      3.381960324451    -23.487720176431
   292      3.160102627209    -22.512641122111
   293      3.339546937640    -23.496409255084
   294      3.697953205828    -24.429974971531
   295      4.135237261505    -23.530651528797
   296      4.277556095175    -24.520472396218
   297      4.984592846081    -25.227649200750
   298      4.451988512825    -26.074013557394
   299      4.197797773795    -25.106859449616
   300      4.927828037087    -24.423444630727
   301      3.963169630210    -24.159941010179
   302      2.983663714008    -23.958525618200
   303      2.442623515788    -24.799522350601
   304      2.019314417233    -23.893537026724
   305      1.177778215546    -23.353336303614
   306      0.246324994168    -22.989475208709
   307      1.155917128041    -23.404977495101
   308      1.765492658287    -24.197705489388
   309      1.128166606596    -23.427111235687
   310      0.773668692236    -22.492054430613
   311      0.303897412278    -21.609266265465
   312      1.300016724732    -21.521253111021
   313      1.946642528194    -22.284060472219
   314      2.376268603896    -23.187067357617
   315      3.081602120142    -23.895942967904
   316      2.114824628151    -24.151562374405
   317      2.184428159691    -25.149137107644
   318      2.747799035435    -24.322932982525
   319      3.640419440746    -24.773742046346
   320      2.653130935757    -24.614803668615
   321      2.901341153842    -23.646097475986
   322      2.072352348811    -23.086832278487
   323      1.987433612636    -22.090444398068
   324      1.667722274971    -21.142929405802
   325      1.878272712431    -20.165346410202
   326      1.487296316022    -19.244945705373
   327      2.332126511651    -18.709911182604
   328      1.339529129383    -18.831362558528
   329      1.262346582854    -19.828379536574
   330      0.554193020827    -19.122321088151
   331      0.190448558862    -18.190822313923
   332      1.080134716740    -17.734249712380
   333      1.361118919040    -18.693962105786
   334      0.371092035974    -18.553083538190
   335      0.852547376349    -19.429554162469
   336      0.712770762844    -20.419737225502
   337     -0.186821137769    -20.856468736103
   338     -1.043003444411    -21.373142576927
   339     -1.072593627132    -22.372704691599
   340     -0.137669791699    -22.017856242344
   341      0.846360183572    -21.839853411557
   342      1.367604579193    -22.693260864087
   343      0.381217124190    -22.528823068514
   344     -0.514686418668    -22.973071694729
   345     -0.175751899539    -23.913881660526
   346     -1.175353288823    -23.885649364478
   347     -1.382119067241    -22.907258893922
   348     -0.742573526312    -22.138505681845
   349     -0.027318070594    -22.837368782219
   350     -0.779991559651    -23.495762751564
   351     -1.394300474526    -22.706697128751
   352     -0.842822516385    -23.540886592652
   353     -0.244713016935    -24.342300984006
   354     -0.648737473042    -23.427552800697
   355     -1.061640725990    -22.516777908802
   356     -1.590304114727    -21.667946346354
   357     -0.831710327918    -22.319510208623
   358     -1.302986101178    -23.201496118679
   359     -1.786148113282    -22.325965154030
   360     -2.693963134565    -22.745335976970
   361     -1.778562427148    -22.342792134811
   362     -1.808845689093    -23.342333491657
   363     -1.600348901412    -24.320356543291
   364     -2.345039169017    -24.987766765968
   365     -2.732991157607    -24.066087182518
   366     -1.751891770925    -24.259591687510
   367     -0.752881800128    -24.215104855200
   368     -1.669773277344    -24.614241447120
   369     -1.654663853773    -23.614355600976
   370     -1.457411122770    -24.594708272269
   371     -2.190320602740    -25.275034439758
   372     -1.749592956081    -24.377393564201
   373     -2.225899196351    -23.498114106077
   374     -3.105880802321    -23.973121867228
   375     -2.431723094306    -23.234534441987
   376     -3.029881942230    -22.433156882624
   377     -3.800539668725    -21.795907584003
   378     -3.112139586454    -22.521238768173
   379     -2.685451439482    -23.425637587960
   380     -3.129927308047    -22.529846762900
   381     -3.270471122349    -21.539772302942
   382     -3.066376202412    -20.560821199129
   383     -4.058371217898    -20.687098232867
   384     -3.230832249707    -21.248506512219
   385     -3.149446531736    -22.245189192369
   386     -3.431457765467    -23.204600295103
   387     -2.839193091967    -24.010343775700
   388     -1.908326205081    -23.644985268341
   389     -2.824785025677    -24.045114285224
   390     -2.136971856212    -24.771002047836
   391     -2.871266846058    -25.449832562682
   392     -2.936300583141    -24.451949496867
   393     -2.573546443002    -25.383834379141
   394     -1.755355233555    -25.958780589481
   395     -2.283249142799    -25.109470268937
   396     -1.355537298404    -25.482767380858
   397     -0.363333599072    -25.607394099626
   398      0.165607154749    -24.758735346683
   399     -0.355833557249    -23.905447831322
   400      0.641373961431    -23.830767414293
   401      1.444268821428    -24.426888076401
   402      2.092243951868    -23.665226583131
   403      1.104334387156    -23.820257844334
   404      0.120596226549    -23.640649293964
   405      0.844950716707    -22.951221580140
   406      1.552440164160    -22.244497672421
   407      1.802365020292    -23.212762907925
   408      0.808394205081    -23.322407873648
   409      1.768881807132    -23.600730647253
   410      1.103638757220    -24.347357518284
   411      1.491937770323    -25.268890955780
   412      0.912926919342    -26.084210791455
   413      0.779580680223    -25.093141277993
   414      1.080496185429    -26.046792083439
   415      1.820261193381    -26.719657399093
   416      1.849379587196    -27.719233368763
   417      2.776142192054    -27.343585828856
   418      3.221950973231    -26.448457608641
   419      3.861079958296    -25.679358043923
   420      3.048678396302    -26.262456407897
   421      2.581302614214    -25.378397655144
   422      3.386903444058    -24.785938962108
   423      2.879423357434    -25.647602447280
   424      3.707618823403    -25.087163092712
   425      3.436369217557    -24.124654053103
   426      2.902610499701    -23.279017233238
   427      3.469416416111    -22.455165879460
   428      4.445804913783    -22.239143886104
   429      4.756846347179    -23.189540238533
   430      4.049398462060    -22.482774725904
   431      3.334101470729    -21.783954137918
   432      2.353625699009    -21.980594065371
   433      3.351503532295    -22.045708041110
   434      3.508658484325    -23.033281998366
   435      3.613747809161    -24.027744784903
   436      2.714686456439    -24.465567447679
   437      2.571544791565    -23.475865238033
   438      1.899612012941    -22.735253098645
   439      2.640551461241    -23.406824936911
   440      2.573054344400    -24.404544406110
   441      2.340700138922    -23.431913169106
   442      1.344935515071    -23.339973983291
   443      1.268379979377    -24.337039302091
   444      0.529800398765    -23.662872999831
   445      0.131811037302    -22.745482969276
   446     -0.154234109292    -21.787266827630
   447      0.534367524469    -21.062126985956
   448     -0.035954386405    -20.240705706723
   449      0.963914690586    -20.224524579581
   450      1.712403610863    -19.561377283557
   451      2.295687210049    -20.373645861627
   452      3.279720202778    -20.195659712672
   453      3.225176987992    -19.197148301760
   454      2.597522684617    -18.418656121032
   455      2.659686445001    -19.416722084230
   456      2.373329146460    -20.374844987397
   457      2.625730632376    -19.407222390560
   458      3.336004143831    -20.111148195546
   459      2.502618863114    -20.663840672322
   460      3.311696413765    -21.251542567020
   461      2.431416219586    -21.725996758419
   462      1.717053450195    -21.026221198894
   463      2.459587029205    -21.696030040313
   464      1.495951216664    -21.428810990112
   465      2.459842148504    -21.695108326782
   466      3.459379821205    -21.725512945712
   467      4.267799272213    -22.314119767989
   468      3.458358204190    -22.901320889750
   469      2.662011886616    -23.506161813040
   470      2.049100153708    -24.296313195791
   471      1.712016764625    -23.354838401224
   472      1.017411162161    -24.074229155284
   473      1.444717126944    -24.978336235480
   474      0.486822126388    -25.265454970346
   475      0.568744786398    -24.268816280661
   476      0.366117353997    -25.248072183701
   477      0.804957058620    -26.146637547849
   478      1.530421047162    -25.458377421641
   479      1.059597990706    -26.340605084724
   480      0.303029143004    -26.994519130059
   481     -0.663281193689    -26.737139384934
   482     -1.544247455586    -26.263960301078
   483     -2.299622362318    -25.608667427409
   484     -1.966409971739    -24.665815634833
   485     -2.492863335814    -25.516019642971
   486     -2.647270225179    -26.504026987335
   487     -2.731959225092    -25.507619553955
   488     -3.094768793306    -24.575756250024
   489     -3.705713157826    -23.784082716640
   490     -3.095805356569    -22.991610336070
   491     -2.363842823845    -23.672955219875
   492     -1.714036015666    -22.912855810558
   493     -1.943632777458    -23.886141650882
   494     -1.094768094620    -24.414751857206
   495     -2.068788363777    -24.641212704309
   496     -2.165033748614    -25.636570341492
   497     -1.813150563797    -24.700526419316
   498     -1.166246214011    -23.937955267077
   499     -0.740853836500    -23.032946247699
   500      0.069687985709    -23.618627009249
   501      1.042881371807    -23.388638676382
   502      1.897951843084    -23.907150478706
   503      2.355568668402    -23.018000974299
   504      1.554123050397    -22.419933318109
   505      2.258389427593    -21.709997497101
   506      2.898293881150    -22.478451978718
   507      3.074075531244    -21.494022798182
   508      2.995743549744    -20.497095468496
   509      3.899142459134    -20.925896600156
   510      3.584243148545    -19.976771516624
   511      3.556176318641    -20.976377565555
   512      2.758888417008    -20.372778359203
   513      2.311362786789    -19.478507253611
   514      3.166518087970    -19.996879138324
   515      4.023984174966    -20.511419622302
   516      3.281395887303    -21.181167810075
   517      2.513244279625    -20.540899813357
   518      1.606953490113    -20.118245102220
   519      1.380143939718    -19.144305972783
   520      2.075245681297    -19.863217350390
   521      1.095509962180    -19.662922765624
   522      0.855886851208    -18.692056778637
   523      1.855880714818    -18.695560026052
   524      1.233635005178    -17.912738030427
   525      2.126340385448    -18.363378800928
   526      3.116418744041    -18.222862453675
   527      2.384699263364    -18.904468352708
   528      1.555601351429    -18.345364916459
   529      2.278578978905    -17.654493473882
   530      2.902778015181    -18.435758834124
   531      3.168536689194    -19.399798422100
   532      4.071336763468    -18.969737931131
   533      3.276729356311    -18.362614328814
   534      4.169929599188    -17.912955206673
   535      4.393650454157    -16.938301945738
   536      5.109972765775    -16.240532395043
   537      5.233488237087    -15.248189748400
   538      6.005639517197    -14.612751001844
   539      5.638834536461    -15.543048860654
   540      6.599815988291    -15.266436045986
   541      5.943580740279    -14.511879686747
   542      6.634638523899    -15.234679202310
   543      6.148639315374    -14.360719953081
   544      6.952930209280    -13.766484176658
   545      7.213515742345    -12.801033411493
   546      8.187022047124    -12.572373238846
   547      7.508708740486    -11.837600445367
   548      6.719066675441    -12.451168215961
   549      7.177682582132    -13.339802814730
   550      6.746068814699    -12.437744304564
   551      6.614000860970    -13.428984969387
   552      7.256750539477    -12.662908699829
   553      7.054586535535    -11.683557018608
   554      6.677490432022    -12.609731153809
   555      5.960170842892    -11.912986862802
   556      6.956819235026    -11.994791400918
   557      6.087370368726    -12.488814344604
   558      5.180940895547    -12.066457137783
   559      5.689399304408    -11.205370587860
   560      4.707077371861    -11.392570002488
   561      4.643015995922    -12.390515963005
   562      5.490754313193    -12.920930654950
   563      4.758342112128    -13.601792144338
   564      4.030068338410    -12.916505846128
   565      3.053439349290    -13.131437969389
   566      3.514936385025    -14.018579720186
   567      2.531840385188    -14.201670558585
   568      3.147837661507    -14.989418840442
   569      2.183322533729    -15.253446430455
   570      2.460527789590    -16.214257153815
   571      3.247010768047    -15.596645200727
   572      4.246516218687    -15.565199149452
   573      3.508552454165    -14.890358811111
   574      2.635743900962    -14.402296080045
   575      2.415294402371    -13.426897690375
   576      1.456571369884    -13.711239292992
   577      0.511835909875    -13.383405629983
   578      0.025469341450    -14.257160493271
   579      0.999837184979    -14.482121168716
   580     -0.000110136363    -14.492385404721
   581     -0.373190190408    -15.420184560397
   582      0.037972043684    -16.331746745471
   583      0.109341236735    -17.329196713281
   584     -0.850498283817    -17.609746343091
   585     -0.228431593151    -18.392710603044
   586      0.770311848653    -18.442825844768
   587      1.398498387477    -19.220888613727
   588      2.182549135024    -18.600191888046
   589      1.906242509720    -17.639122354238
   590      2.895260803239    -17.491329204584
   591      2.146529305751    -18.154202604767
   592      2.864730727025    -18.850037871536
   593      3.760854844192    -18.406234348982
   594      4.706965470537    -18.730077957408
   595      3.803450171763    -18.301522121043
   596      4.645991945578    -18.840153125885
   597      4.023413796787    -19.622710758681
   598      3.162301398477    -19.114296127228
   599      4.055863184635    -18.665355892545
   600      3.061104418933    -18.563106207668
   601      2.126946500718    -18.206246313820
   602      1.233020455110    -18.654460799288
   603      1.227546006099    -19.654445814380
   604      2.223801645367    -19.567989459921
   605      3.213082190579    -19.421962055418
   606      2.843729138702    -18.492672906084
   607      3.296243647802    -17.600915865712
   608      3.874343982970    -16.784950178640
   609      3.197094852176    -17.520703951881
   610      3.435810889287    -18.491793367757
   611      3.848601563396    -19.402619289308
   612      4.766281586276    -19.799939532446
   613      4.459833003879    -20.751826745485
   614      4.522089219886    -21.749886945858
   615      4.505775820731    -20.750020018208
   616      3.799939261042    -20.041645293217
   617      3.023089657158    -19.411959107132
   618      2.343228970861    -20.145300396865
   619      3.087126756330    -19.477006984676
   620      3.190006741533    -18.482313208359
   621      4.189996228617    -18.477727827159
   622      4.838942617621    -17.716893690044
   623      4.396352674605    -16.820169572859
   624      5.219996299258    -16.253061840970
   625      5.680106400080    -15.365199973830
   626      6.478070259067    -15.967905274745
   627      5.735063720234    -16.637189432074
   628      5.430471822843    -17.589672385225
   629      5.863749763219    -18.490932739609
   630      6.441568467039    -19.307097885591
   631      6.035250232268    -18.393366255356
   632      5.305689751087    -19.077282554547
   633      4.652659592075    -19.834614457625
   634      3.685758712897    -20.089766745182
   635      3.470975166588    -21.066428420603
   636      3.098604557551    -21.994512538302
   637      2.124517628719    -21.768338589582
   638      1.433813450504    -22.491476016490
   639      2.433746628418    -22.479915752413
   640      3.381365333014    -22.160511947332
   641      2.439539212850    -22.496612467083
   642      1.837243371381    -23.294885427510
   643      2.780648605786    -22.963243205084
   644      3.492902214380    -22.261320989276
   645      3.231436527987    -23.226533761072
   646      3.685260124438    -24.117625307045
   647      3.719069213173    -23.118196997701
   648      4.536715482541    -23.693917918103
   649      4.494016188027    -24.693005887327
   650      4.441639628616    -23.694378481322
   651      5.259718583988    -23.119272558227
   652      5.091301546802    -24.104988390293
   653      4.458212781455    -23.330909185565
   654      4.117740281009    -24.271163659864
   655      4.710853837093    -23.466044842801
   656      5.710832214034    -23.459468700209
   657      6.188281634239    -24.338127935149
   658      5.560561071008    -25.116566689643
   659      6.532268963547    -25.352752573169
   660      7.125069901117    -24.547403550437
   661      6.593717208337    -23.700252846090
   662      6.296575701426    -24.655086300086
   663      7.005942196975    -23.950246477862
   664      6.460253805330    -23.112258304184
   665      5.755157313236    -23.821369675434
   666      5.966876115718    -22.844039051399
   667      5.082070799886    -23.309999943616
   668      5.560689540071    -22.431977107043
   669      6.454326942075    -21.983187408253
   670      5.487000335097    -22.236720907879
   671      5.580489119992    -23.232341240686
   672      4.592988085801    -23.074728717475
   673      4.462433954392    -22.083287534766
   674      3.992337864819    -22.965902777422
   675      3.595893147493    -22.047844181196
   676      2.602396590926    -21.933982018524
   677      2.868554088584    -22.897911573232
   678      3.566352384505    -22.181617263462
   679      4.242452011551    -21.444807047525
   680      3.949238371718    -22.400853992720
   681      3.137157788905    -22.984399301173
   682      3.847755836942    -23.687997491993
   683      2.848291024864    -23.720709713235
   684      3.403735231671    -22.889155906723
   685      2.532418261100    -22.398435276633
   686      3.264657679300    -21.717387969587
   687      4.107476550241    -21.179190653739
   688      3.291258204950    -20.601447100932
   689      2.664432525925    -19.822287574189
   690      3.284371180740    -20.606937855694
   691      2.785183391194    -19.740444029537
   692      2.254034138739    -18.893165756703
   693      2.816461097856    -19.720012729037
   694      1.891483037712    -19.339992218734
   695      0.977070353467    -18.935209013928
   696      1.226153630446    -19.903691084556
   697      0.233423614233    -19.783328653088
   698      0.881574102426    -20.544840927877
   699      1.463293686681    -19.731451522184
   700      0.765074345220    -20.447335417247
   701      0.501933403223    -19.482578015283
   702      0.493970965213    -18.482609715995
   703      1.483822715736    -18.624713593442
   704      1.442602373865    -19.623863673969
   705      2.428777932309    -19.458159817865
   706      1.650523521828    -20.086108918165
   707      1.085710691817    -19.260889876301
   708      0.391892022424    -19.981039620453
   709     -0.106762825962    -19.114238984677
   710     -1.047823774386    -19.452476018948
   711     -0.943091627346    -20.446976485201
   712     -1.087281036806    -21.436526592168
   713     -1.115361340269    -22.436132262699
   714     -1.493891014088    -23.361721418880
   715     -2.392691541301    -23.800079277578
   716     -3.061982168554    -24.543079988393
   717     -2.853474268305    -25.521100670962
   718     -2.268116521414    -26.331875798944
   719     -1.308903233834    -26.049192462099
   720     -1.995570470510    -26.776164336434
   721     -2.777680016166    -27.399305298492
   722     -2.881494135630    -26.404708581929
   723     -3.873191027220    -26.533305919425
   724     -4.688058798973    -25.953659031605
   725     -4.859771593266    -26.938806084728
   726     -4.249568687656    -26.146560911827
   727     -3.477878829204    -26.782559938840
   728     -4.473313901273    -26.878001110751
   729     -4.859836612067    -27.800280999960
   730     -5.307786464768    -26.906222316503
   731     -4.691612834462    -27.693832662624
   732     -3.722094854580    -27.448812486547
   733     -4.164460618021    -28.345647215655
   734     -3.296396470685    -27.849195167508
   735     -4.136572209884    -28.391509400458
   736     -3.778664383993    -27.457752479110
   737     -4.484403798769    -28.166223987663
   738     -5.449273570492    -27.903495375562
   739     -6.138105973394    -28.628416006191
   740     -6.953742882392    -29.206980119043
   741     -6.410233592060    -28.367576967200
   742     -5.970286635170    -27.469553206310
   743     -5.319371811502    -28.228703976796
   744     -4.833926914710    -29.102971242670
   745     -4.109550042564    -28.413567045483
   746     -3.452900201904    -27.659371456288
   747     -3.005265746026    -26.765154819275
   748     -2.324624022611    -27.497771256674
   749     -1.501289344478    -28.065327428151
   750     -1.381857138122    -29.058169786275
   751     -1.455037215356    -28.060851042695
   752     -0.895453117329    -28.889624616861
   753      0.101397823367    -28.810326432556
   754     -0.581880631735    -29.540484328353
   755     -1.347383542602    -30.183916759501
   756     -0.870107533297    -31.062670200997
   757      0.054554629873    -31.443458703979
   758     -0.191454848680    -32.412726126553
   759     -0.184376970617    -31.412751175045
   760     -1.154130682338    -31.656836689983
   761     -1.589168420703    -32.557248910134
   762     -1.799552429472    -33.534867736086
   763     -1.472131143083    -32.589989277648
   764     -2.007834849607    -31.745583250421
   765     -2.672050081134    -30.998041862800
   766     -3.455790048354    -31.619130957683
   767     -2.738320845744    -30.922540731434
   768     -1.764100134809    -31.148137731384
   769     -1.798153511350    -30.148717715801
   770     -1.924527677752    -31.140700361852
   771     -1.385254172275    -31.982831044283
   772     -1.662734205508    -32.943562448556
   773     -1.183935276343    -33.821487038388
   774     -0.887114334622    -32.866553884415
   775     -0.835667469563    -31.867878151219
   776     -1.715014004218    -31.391695757602
   777     -1.760687670377    -30.392739344029
   778     -2.669967444723    -29.976553938273
   779     -1.788811891149    -30.449380429076
   780     -1.914513314200    -29.457312310324
   781     -2.908925701031    -29.351747141278
   782     -3.904598028314    -29.444680540457
   783     -4.572229923092    -30.189172080419
   784     -3.894799050715    -30.924758522077
   785     -3.229268916519    -31.671129502540
   786     -4.150343187971    -32.060516439236
   787     -3.189548696057    -32.337777948118
   788     -3.920038238986    -31.654854066802
   789     -3.789107841778    -32.646245629751
   790     -4.495041366612    -33.354523723804
   791     -5.495014663302    -33.361831658257
   792     -4.554489251289    -33.022108315877
   793     -4.221246282193    -32.079267330585
   794     -5.025147552780    -31.484504565148
   795     -5.260643818763    -30.512629311472
   796     -4.634825201777    -29.732660684774
   797     -5.462202655801    -29.171014400557
   798     -4.858231441040    -28.374008270254
   799     -4.824720344680    -29.373446615736
   800     -4.080985397539    -28.704971987645
   801     -5.051334629664    -28.946679181820
   802     -4.122739395735    -29.317773363296
   803     -4.730121246903    -30.112183387698
   804     -5.584631735226    -30.631617527265
   805     -4.586989279082    -30.562991513983
   806     -3.945417515671    -29.795928496758
   807     -3.322745266018    -30.578411256640
   808     -3.805913371403    -31.453938858683
   809     -2.807648975025    -31.512830241121
   810     -3.779600614549    -31.748011044819
   811     -4.535674981101    -32.402496760662
   812     -3.579742061861    -32.108911587479
   813     -2.903621529176    -32.845702619781
   814     -3.875450711921    -33.081388935814
   815     -4.453717984307    -33.897236324538
   816     -5.352902870090    -34.334805223317
   817     -6.351690208999    -34.384037851062
   818     -7.297445328944    -34.059157483696
   819     -6.394261356432    -33.629903815339
   820     -6.612716263530    -34.605750859483
   821     -5.739050370514    -35.092277228122
   822     -6.365837391357    -35.871467853388
   823     -5.988645048955    -34.945332908128
   824     -5.497367174190    -34.074330009300
   825     -6.182408803079    -34.802833932892
   826     -6.959967897965    -34.174024061819
   827     -7.090472120777    -33.182576308365
   828     -6.704652133241    -34.105150390603
   829     -5.836731441213    -34.601853191432
   830     -6.809959154449    -34.372010161973
   831     -6.472943056923    -35.313509046735
   832     -6.550649549862    -36.310485325769
   833     -7.382371315379    -36.865677999320
   834     -6.992387656859    -37.786499776912
   835     -6.062475376325    -38.154281166481
   836     -5.181106071563    -37.681853236927
   837     -5.305198188444    -36.689582534685
   838     -6.031346859164    -36.002044820801
   839     -5.140742602483    -36.456823951788
   840     -5.213060866586    -35.459442345443
   841     -6.069722261829    -34.943563237607
   842     -6.381614908744    -35.893680586570
   843     -6.980001306524    -36.694888249384
   844     -6.903189207968    -35.697842662906
   845     -7.843482418688    -35.357477156612
   846     -8.812449970171    -35.604665109743
   847     -7.812532567383    -35.591812576815
   848     -7.117807289482    -34.872537394256
   849     -7.776766296290    -35.624716247553
   850     -7.859509604641    -36.621287140628
   851     -8.443098921059    -37.433336098365
   852     -7.666864945641    -36.802891163888
   853     -8.521159932364    -36.283102672614
   854     -7.561463185773    -36.564140311699
   855     -8.540189388791    -36.358969603447
   856     -9.201313617390    -35.608693151492
   857     -9.596758796925    -36.527182732262
   858     -8.668752456107    -36.899747131261
   859     -8.750089513576    -35.903060478856
   860     -9.374673884394    -35.122103140886
   861    -10.356516968849    -35.311798047268
   862    -10.088137919392    -34.348484658068
   863     -9.905036844682    -35.331578751449
   864    -10.590274336149    -34.603259054964
   865    -10.064621273580    -33.752560014285
   866    -10.407458385795    -34.691954880403
   867    -11.134959198474    -34.005848061058
   868    -11.943435608290    -34.594376645555
   869    -12.929414004100    -34.761249660142
   870    -12.508802207994    -33.854008944028
   871    -13.437694959861    -34.224357773551
   872    -14.190419911934    -33.566022641171
   873    -13.573848681787    -32.778723512405
   874    -14.338946758927    -33.422637273988
   875    -13.833934674990    -34.285749546568
   876    -13.021783214192    -33.702302886861
   877    -13.626695828033    -32.906011024781
   878    -12.659391946502    -33.159631214777
   879    -12.838538747612    -32.175808861071
   880    -13.261416830635    -31.269622276035
   881    -12.612457993248    -30.508798756829
   882    -12.494892938642    -31.501863939955
   883    -11.814392773190    -32.234611867158
   884    -11.204196537308    -31.442361557144
   885    -10.709466902645    -30.573314614461
   886     -9.778708795354    -30.207679077744
   887     -9.753951876183    -31.207372578250
   888    -10.519857193258    -31.850325955468
   889     -9.716992065984    -32.446486661492
   890     -9.456791180982    -33.412041165104
   891     -8.735662712160    -34.104842530182
   892     -8.670725134362    -35.102731858209
   893     -7.840735483819    -34.544953066939
   894     -7.412843874642    -35.448783123308
   895     -8.314124029767    -35.015546372814
   896     -9.210230242814    -35.459386045374
   897     -8.883147758496    -36.404381838196
   898     -8.414358806681    -35.521071632971
   899     -9.157004317794    -34.851386897574
   900    -10.031072623614    -35.337189940752
   901    -10.686746794758    -34.582145980910
   902    -10.595529724855    -33.586314947975
   903    -11.302880010033    -34.293178141286
   904    -10.387156216015    -33.891369812515
   905     -9.416374267665    -33.651406463736
   906     -9.224869581146    -34.632898162653
   907     -8.530148448688    -35.352177349142
   908     -7.601531746235    -35.723217805057
   909     -6.955595717064    -36.486609346940
   910     -6.199597977605    -37.141183573390
   911     -5.521297403818    -36.406399025649
   912     -6.517410171280    -36.494486223927
   913     -7.426112676098    -36.911930540855
   914     -7.126242196814    -37.865910464991
   915     -8.023008017430    -38.308415903347
   916     -8.972171819978    -38.623198488528
   917     -9.904524776478    -38.984747882809
   918     -8.909113213916    -39.080433937791
   919     -8.363716807647    -39.918612176610
   920     -9.063008462664    -40.633448648276
   921     -8.084413845705    -40.427651234151
   922     -8.837404558039    -39.769620089646
   923     -9.751991456686    -39.365230667402
   924     -9.094847825938    -38.611465287084
   925     -8.475610803153    -37.826261167372
   926     -9.298302131305    -38.394749494942
   927     -8.760139755166    -37.551908313634
   928     -9.134079788691    -38.479361197250
   929     -9.422539589185    -39.436853204266
   930    -10.147424550980    -40.125723142761
   931     -9.737856198195    -39.213443709475
   932     -9.878549360090    -38.223390461313
   933    -10.534900553991    -37.468934955491
   934    -10.873257948123    -36.527917275617
   935    -11.867869582107    -36.424246172879
   936    -12.690087324379    -36.993419243477
   937    -13.298697803233    -36.199950097871
   938    -12.806057201133    -35.329717234114
   939    -13.518623396733    -36.031322120705
   940    -14.062940731615    -35.192442725948
   941    -14.204642583594    -34.202533343658
   942    -14.928607341727    -34.892370301918
   943    -14.000616591107    -34.519767072245
   944    -13.045570574141    -34.223309477509
   945    -13.850337519355    -33.629718571337
   946    -14.847017737820    -33.711134430492
   947    -14.220281174210    -34.490365641260
   948    -13.761872498366    -33.601624123207
   949    -13.859839417816    -32.606434451489
   950    -14.429093728554    -31.784272952934
   951    -13.690141483797    -31.110515147808
   952    -12.814714015170    -30.627165639508
   953    -12.941095293102    -29.635183899460
   954    -12.207774814610    -30.315067033407
   955    -11.221526213963    -30.149798470995
   956    -10.835673009235    -31.072358661119
   957     -9.983469768482    -31.595569552109
   958     -9.690982268018    -32.551838898095
   959    -10.290211886204    -31.751261690894
   960     -9.406971399221    -31.282341396862
   961     -9.746553509544    -30.341764982981
   962    -10.151259119465    -31.256212012228
   963     -9.342850762361    -30.667589953379
   964    -10.055386305464    -29.965953936761
   965    -10.271840035748    -30.942246814256
   966    -11.217481089689    -31.267459048189
   967    -11.235370781782    -30.267619081536
   968    -12.219105301339    -30.087990589831
   969    -11.901580006525    -31.036240391915
   970    -12.620727963783    -31.731097366819
   971    -11.879537012152    -32.402391619156
   972    -10.947796040053    -32.039268002585
   973    -10.867019964519    -33.036000276379
   974    -10.776574031023    -34.031901643540
   975    -11.055571575831    -34.992193458559
   976    -11.920168645646    -35.494659285125
   977    -11.470558487820    -34.601434394082
   978    -10.550594232817    -34.209432137051
   979     -9.589942375313    -34.487187440646
   980     -9.132097877897    -33.598155148664
   981     -8.373488013880    -32.946610005013
   982     -8.553640095994    -33.930248773723
   983     -7.907241891241    -34.693249010218
   984     -7.038194568679    -35.187977977582
   985     -7.694290903421    -35.942655126791
   986     -7.556043123283    -34.952257453487
   987     -7.464013344884    -35.948013708746
   988     -8.102173124892    -36.717917660665
   989     -7.123999118988    -36.925705086112
   990     -6.643506416886    -36.048706361355
   991     -5.691961887554    -35.741195371795
   992     -4.749332064631    -36.075035179091
   993     -5.414054801231    -36.822125323215
   994     -5.798548255416    -35.898997605243
   995     -6.507860281967    -36.603892242043
   996     -7.441032902386    -36.963320761363
   997     -6.490248312511    -37.273173409661
   998     -6.642527970847    -36.284835964424
   999     -7.515958098216    -36.771785461399
  1000     -6.550828595284    -36.510012577832
  1001     -6.489815011283    -37.508149513611
