# File chua thong tin toa do cua cac diem 1
##################################################
#  Step                   x                   y
     1      0.000000000000      0.000000000000
     2     -0.375724545875     -0.926731388066
     3      0.031506035358     -0.013406005900
     4      0.391855896287      0.919411220425
     5      0.985138672914      0.114417091901
     6      0.497834439472     -0.758815170483
     7      0.584897082339      0.237387668409
     8     -0.200990708722     -0.380981460721
     9     -0.995019383903      0.226898842456
    10     -0.476593827206      1.082021606837
    11     -1.253134657735      0.451954675059
    12     -0.292126225895      0.175435608930
    13     -0.523692821783     -0.797383444989
    14     -0.604591438716      0.199338890357
    15      0.380573556244      0.370948717306
    16      0.592476395919      1.348239455284
    17      0.159652483910      0.446760969022
    18      0.135930230107      1.446479556762
    19      1.097403590800      1.171581436220
    20      0.100050884910      1.244297184540
    21      0.275018364756      2.228871397587
    22     -0.445118645751      1.535039511539
    23     -1.302492512464      2.049733646611
    24     -0.834665498436      2.933553698966
    25     -0.998292705754      1.947031455413
    26     -1.222304505263      2.921617887537
    27     -1.032261879104      1.939842047418
    28     -0.589408668149      1.043247917642
    29     -0.602372298920      2.043163886250
    30     -0.938758420721      1.101439734994
    31     -1.032908733290      2.096997728605
    32     -1.715124482966      2.828148650709
    33     -2.307183411354      2.022253976873
    34     -1.452564372332      1.502998453898
    35     -1.171303085845      0.543367228518
    36     -0.450430702661      1.236435051434
    37      0.102387212528      2.069737129103
    38     -0.647503013894      2.731299407590
    39      0.310728216148      3.017294005045
    40      1.283218935698      2.784352380625
    41      1.327160030906      3.783386504242
    42      1.481108534625      2.795307631782
    43      0.482801565919      2.853472881138
    44     -0.314782340724      3.456680898214
    45     -1.314025123358      3.417772526960
    46     -2.031155598256      2.720833589913
    47     -2.880364805570      3.248890142011
    48     -3.706608732512      3.812202642486
    49     -4.303692001233      3.010023379345
    50     -3.756739591894      3.847187080134
    51     -3.017336160701      4.520449707894
    52     -2.022182972992      4.618786542264
    53     -1.768680680467      5.586121327994
    54     -2.546384214049      6.214752550457
    55     -1.934764439162      5.423600699692
    56     -1.546089209021      4.502225876141
    57     -2.544833087751      4.552332409627
    58     -1.577450624008      4.299012120582
    59     -0.759554411878      3.723646335900
    60      0.239087637794      3.775742944492
    61      1.001297081324      4.423073435196
    62      0.915473679856      5.419383800374
    63      1.661637407733      6.085146288954
    64      1.038797974193      6.867495980606
    65      1.783622295421      7.534756597237
    66      0.993482282781      6.921830206530
    67      1.631483819834      7.691865295807
    68      2.056742766445      6.786793570292
    69      1.107882201195      7.102489037022
    70      0.261752344973      6.569512239770
    71     -0.593279553489      6.050936832899
    72      0.226684077962      5.478521211958
    73     -0.626001372968      6.000945868510
    74     -1.161765081720      5.156577910577
    75     -2.126540298809      4.893502293137
    76     -1.422997321753      4.182849579474
    77     -1.994056050330      5.003758787923
    78     -2.417015880351      4.097610355166
    79     -2.166116936102      5.065623640083
    80     -3.046454256941      5.539971826058
    81     -2.144213970352      5.971205481117
    82     -2.196916304667      6.969815747416
    83     -1.418156591070      6.342493415214
    84     -1.503158550532      5.346112631132
    85     -1.779352875941      6.307214443956
    86     -2.691509992990      6.717055137172
    87     -3.592405816981      6.283019753459
    88     -2.833135060152      5.632244893908
    89     -3.832687030890      5.602314010318
    90     -3.229538852740      4.804684851376
    91     -3.921797276791      4.083035161893
    92     -4.421683203595      4.949126415851
    93     -3.535991778920      5.413400796209
    94     -4.243790249136      4.706986381322
    95     -3.244533724150      4.668432558270
    96     -2.499629758710      5.335604262011
    97     -2.440391009863      4.337360418736
    98     -1.804732951442      5.109331164791
    99     -2.583754083262      5.736328833189
   100     -1.712162023837      5.246096967693
   101     -0.718943997444      5.362363695729
   102     -1.613250986710      4.914909777486
   103     -1.659153828096      5.913855686508
   104     -2.626633090750      5.660905342893
   105     -2.598362426194      4.661305038009
   106     -3.085212803353      5.534790418687
   107     -3.193604171992      4.540682119152
   108     -2.641510119774      3.706900278678
   109     -1.799294395989      3.167759597028
   110     -1.352539091200      2.273103407399
   111     -0.404351505054      2.590814441956
   112      0.072227485716      1.711682787677
   113      0.641701258843      2.533692289885
   114      1.407612014592      3.176639188337
   115      0.877127595864      2.328944501857
   116      1.026549554967      1.340170979690
   117      0.028038195002      1.394715127132
   118      0.849280530640      0.824135574260
   119      1.296049787399      1.718784796702
   120      1.596042672070      2.672726235757
   121      0.652631525311      3.004351639143
   122      1.478401279724      3.568359008507
   123      0.749880837903      2.883334946267
   124      0.217120380601      2.037068856236
   125      0.994714583401      1.408302400570
   126      0.011725341241      1.224639258384
   127     -0.598911873841      0.432728788977
   128      0.112742979099     -0.269800477522
   129     -0.076076572042     -1.251812278422
   130     -0.838371602082     -0.604582576403
   131     -1.100701865655     -1.569560727873
   132     -2.097413397707     -1.488529117531
   133     -1.121507140140     -1.270338887590
   134     -0.798772382069     -2.216828335991
   135     -0.565683988899     -3.189283888172
   136     -1.098136281479     -2.342823873685
   137     -0.850558656117     -1.373955812792
   138     -0.088562447820     -0.726374328698
   139      0.861459212605     -1.038558320478
   140      1.085114987555     -2.013226517523
   141      1.852599434152     -1.372158951481
   142      0.856028958672     -1.454907289234
   143     -0.137712683404     -1.343204340289
   144     -0.858776261106     -0.650335437168
   145     -0.485140369344     -1.577910889833
   146     -1.276944483450     -2.188686007929
   147     -0.879321620995     -3.106234948996
   148     -0.412060069315     -3.990354082553
   149     -1.237987186128     -4.554130986756
   150     -2.237981205777     -4.550672567075
   151     -2.962988163678     -3.861931025570
   152     -2.790002121349     -2.877006749720
   153     -3.141709012280     -1.940896573046
   154     -2.282923806446     -2.453232371366
   155     -2.302270160400     -3.453045213146
   156     -3.174582475601     -3.941994315558
   157     -2.210353481129     -3.676923671728
   158     -3.209315707561     -3.722470023534
   159     -3.176887855743     -4.721944102451
   160     -2.945784693605     -5.694873353964
   161     -3.747902313429     -6.292039431339
   162     -4.742766808913     -6.190823643909
   163     -5.466422950262     -6.880984341927
   164     -4.476356151988     -6.740386564715
   165     -3.881789684081     -5.936340101356
   166     -3.066977016535     -6.516064446892
   167     -3.698018727882     -5.740315545159
   168     -4.661112985089     -5.471151186942
   169     -4.565605128864     -4.475722510743
   170     -4.731934389925     -3.489652240978
   171     -4.146839175096     -4.300616845374
   172     -3.180086655705     -4.044903008729
   173     -3.366853848480     -5.027307210523
   174     -3.353845519369     -6.027222598631
   175     -4.309361185284     -6.322162952244
   176     -4.991299106435     -5.590752895097
   177     -5.087738163471     -6.586091786268
   178     -4.168806579556     -6.191674818981
   179     -3.876122921105     -5.235465492486
   180     -3.558335538014     -6.183627492963
   181     -4.103345508417     -7.022057055992
   182     -3.443965902106     -7.773867228031
   183     -2.456116818083     -7.618451053854
   184     -2.001324977533     -6.727853287312
   185     -1.023004266416     -6.934948884077
   186     -0.748978431183     -7.896671214911
   187     -0.460917881738     -8.854283411917
   188      0.031836782808     -7.984115129015
   189      0.983810489672     -8.290294915151
   190      0.861137649341     -9.282742079612
   191      1.090945157720    -10.255978181024
   192      1.771116446704    -10.989031397129
   193      1.173030384951    -11.790463279910
   194      2.089873593849    -12.189710734876
   195      1.140697720924    -12.504456921914
   196      1.820095190525    -13.238227375325
   197      2.257133278554    -12.338784375679
   198      2.536892345061    -11.378714136214
   199      1.599719033516    -11.029850002017
   200      2.413099810167    -10.448118352393
   201      1.491645639526    -10.836605432497
   202      2.176259432553    -10.107699434169
   203      1.218395301690     -9.820477730939
   204      0.925469667944     -8.864342503529
   205      1.411985406428     -7.990670690886
   206      0.757738995874     -7.234389239126
   207      0.660732265369     -6.239105513630
   208      0.957768719111     -7.193971653541
   209      0.127546373366     -6.636539275018
   210      0.265832970768     -7.626931529117
   211      1.161048624712     -8.072564711154
   212      0.161389193047     -8.098661084154
   213      1.139965892158     -7.892778486643
   214      2.139634413845     -7.918524296932
   215      1.432020271317     -7.211925241389
   216      1.496192550674     -8.209864076470
   217      2.357137949628     -8.718561452145
   218      1.867343348135     -7.846723595461
   219      2.563784071326     -7.129109270715
   220      1.613277701945     -6.818404198716
   221      2.336190015449     -7.509343984069
   222      2.517658815291     -6.525947281469
   223      3.517625988960     -6.534049847978
   224      4.167307740032     -7.294256150454
   225      3.309088696150     -7.807539768660
   226      2.901515604743     -6.894367180832
   227      3.898344836196     -6.814796562383
   228      2.984004402935     -6.409850180621
   229      2.279174239110     -5.700474088436
   230      1.430704087914     -5.171230852740
   231      0.605695299660     -5.736350750906
   232      0.331030666211     -4.774810663789
   233      0.905569541942     -5.593287957472
   234      1.171406963236     -6.557305833571
   235      1.829447142065     -5.804323016339
   236      2.817043756520     -5.647310510096
   237      2.909309380937     -4.651576080365
   238      1.916258776258     -4.533887947805
   239      2.913791645302     -4.463686985011
   240      3.224962265564     -3.513332921998
   241      3.775911068251     -2.678793877484
   242      3.292449720969     -1.803428167804
   243      2.927327036996     -2.734387579190
   244      3.008578452628     -3.731081216903
   245      3.931814138709     -4.115315348582
   246      3.762419758122     -3.129767001810
   247      2.969931412911     -2.519879944475
   248      2.486095147618     -1.644721405474
   249      2.029620073716     -2.534457606213
   250      2.995100524958     -2.273982082855
   251      3.975347258873     -2.076203568729
   252      3.000593687620     -2.299486965627
   253      3.861767149071     -2.807798158984
   254      4.855112316667     -2.922973581771
   255      5.855075244007     -2.914362893937
   256      6.454868074478     -2.114207558695
   257      6.825518391356     -1.185435066317
   258      7.816600201636     -1.052180252781
   259      7.594693768492     -0.077112288520
   260      6.984063391250      0.714803453456
   261      7.983268012576      0.754679821400
   262      8.973494671919      0.894147248152
   263      9.322074172820      1.831426465649
   264      9.778979557897      0.941911165563
   265      9.114784339522      1.689470335053
   266      8.644865643451      2.572180037664
   267      8.748672944311      3.566777465917
   268      9.470114040739      2.874301658119
   269      9.814825183281      1.935592849059
   270     10.709565198078      2.382180249151
   271      9.731426062946      2.590131763508
   272      9.994625479837      3.554873214337
   273      9.602080149487      2.635140555560
   274     10.110794140558      1.774204974179
   275      9.144618937324      1.516318416450
   276      8.426108218606      0.820802530875
   277      8.954348289566     -0.028292532962
   278      9.688020715401     -0.707795860083
   279     10.397622287377     -0.003192702944
   280     11.124187196939      0.683905130114
   281     11.645602269933      1.537208312842
   282     12.415996583509      0.899640589686
   283     13.415294697979      0.937100947626
   284     13.330600989818      1.933507980820
   285     13.602613270539      0.971214200763
   286     14.188088665822      1.781904376797
   287     15.010732502966      1.213347328464
   288     14.920404276859      2.209259378582
   289     14.791112921591      1.217652730029
   290     13.869681620707      0.829111409509
   291     13.062874076967      0.238297066958
   292     12.062883506861      0.233954291661
   293     11.459442201029     -0.563453126423
   294     10.651411413952      0.025687134581
   295     11.060217154651     -0.886934290968
   296     10.907121334631     -1.875145639766
   297     10.032989583151     -1.389456767076
   298     10.740329455007     -2.096330380732
   299     11.309348098752     -1.274005759266
   300     11.916320625798     -0.479282945065
   301     12.648107964608     -1.160815989574
   302     11.726080329531     -1.547940052576
   303     11.049649247318     -0.811434118442
   304     11.477805533416      0.092270587020
   305     10.786213656681      0.814559086191
   306     11.003253632950     -0.161603630112
   307     10.296192717407     -0.868756273968
   308      9.297180621415     -0.913195356546
   309      8.647321615855     -0.153140573722
   310      7.881985072655     -0.796770883483
   311      8.577879396557     -1.514915082068
   312      9.566530269171     -1.364683753514
   313      9.328549317263     -0.393413931822
   314      8.650266960698     -1.128215295983
   315      8.788340148196     -2.118637324663
   316      8.981521063617     -3.099800478230
   317      8.036208192076     -2.773635527786
   318      7.936117738104     -1.778657185799
   319      7.282726724724     -1.021636589227
   320      8.044206112703     -1.669825714161
   321      7.047350611275     -1.749066545000
   322      7.730555032155     -1.018839375354
   323      8.329581481861     -0.218110137376
   324      7.399725048448      0.149812426815
   325      7.977460266922     -0.666411817701
   326      7.386739320472     -1.473287745849
   327      7.063217432956     -0.527067058959
   328      6.250618923216      0.055756809777
   329      6.663358273797      0.966605989654
   330      7.414925926155      1.626262009053
   331      6.414972938621      1.616565477547
   332      6.731690856553      2.565085250910
   333      6.640156720704      3.560887190039
   334      5.990794688507      2.800407768134
   335      6.773137394462      2.177559559949
   336      6.008158032609      2.821614352602
   337      6.124689610560      1.828427365504
   338      6.250054624551      2.820538051500
   339      6.233211126891      1.820679913269
   340      5.677945366610      0.989006939403
   341      6.619462450450      1.325972191078
   342      5.770822262409      0.797001651973
   343      5.932888518574      1.783781530473
   344      5.110867824942      1.214323911996
   345      4.381421042590      0.530286345984
   346      3.672986763787     -0.175490440697
   347      2.781876081104     -0.629276459882
   348      1.909874941440     -0.139772616767
   349      0.970855583673     -0.483636900664
   350      1.078431053642     -1.477833821933
   351      0.289501600294     -2.092317603363
   352      1.288689783718     -2.052031450570
   353      1.569358066807     -1.092226618916
   354      2.378271576733     -0.504298958858
   355      1.869893879982      0.356835245227
   356      2.269823204186      1.273381226421
   357      2.297478617704      0.273763710516
   358      1.518528340803     -0.353321982285
   359      2.152354061362      0.420153910007
   360      2.994056905441      0.960094945927
   361      1.996390565229      1.028372860424
   362      1.910719964706      2.024696376259
   363      1.210502218362      2.738625719895
   364      0.448756912848      3.386502320436
   365     -0.236195333871      4.115090283357
   366     -1.193566596941      3.826229997670
   367     -1.810918309118      3.039542725959
   368     -2.791671099717      2.844289137691
   369     -3.318346220169      3.694355792429
   370     -2.538677476070      3.068163609888
   371     -3.483150765314      3.396751810993
   372     -2.747772616863      4.074408788218
   373     -2.977755302623      3.101214067593
   374     -2.441251225228      2.257316339821
   375     -1.730572706499      1.553799429565
   376     -1.545601751942      0.571055441554
   377     -1.669411666706      1.563361394880
   378     -0.820098817537      1.035471553875
   379     -0.564405671422      0.068713561909
   380     -0.402134566632     -0.918032650929
   381     -0.575109058523      0.066893653499
   382     -0.545327807812      1.066450093680
   383     -1.167715306679      1.849159363623
   384     -1.750026689544      2.662125201396
   385     -2.678488032682      3.033554244818
   386     -3.624349138047      2.708982574216
   387     -3.079867639803      3.547755426703
   388     -3.898821369432      2.973895871824
   389     -3.614057709193      3.932493627824
   390     -4.409022171037      4.539149629529
   391     -3.613696124192      5.145331515772
   392     -2.621593561577      5.019902231902
   393     -3.505368940835      4.551990831083
   394     -3.805520263536      5.505882430522
   395     -4.787909049129      5.319034166039
   396     -3.804082482686      5.498157830472
   397     -2.960971342741      4.960418483110
   398     -2.601635082783      5.893626633674
   399     -3.109080337437      6.755310632324
   400     -2.223869304792      6.290120963819
   401     -2.892650122463      5.546661336190
   402     -3.891774733579      5.588494474521
   403     -4.866865214127      5.366687002272
   404     -4.058698980248      5.955641447385
   405     -3.271695327393      5.338693110493
   406     -4.245187110918      5.109971123333
   407     -3.495967160272      5.772292393982
   408     -4.033497561940      4.929048024133
   409     -3.183611179727      5.456013997729
   410     -4.183517524170      5.442328153191
   411     -3.687110247764      4.574238402111
   412     -3.011525450761      3.836956107424
   413     -3.778822237281      4.478248272818
   414     -4.761259186770      4.291653416837
   415     -4.565285305360      3.311044301131
   416     -5.194423794885      4.088337528298
   417     -5.987172446446      3.478788862933
   418     -6.925163182371      3.825449185612
   419     -6.130605578335      4.432637965045
   420     -7.063502475495      4.072494411349
   421     -7.305947921884      5.042659451703
   422     -7.378201951682      4.045273189928
   423     -8.196714809832      4.619761397851
   424     -9.145605501938      4.304156495424
   425     -9.111276431913      3.304745911654
   426     -8.352300102137      3.955864127371
   427     -7.417881191175      3.599688189332
   428     -6.418196697579      3.574570202507
   429     -7.338965842215      3.964678113585
   430     -6.541330777205      3.361537745954
   431     -6.520109526625      2.361762942048
   432     -5.893864730292      3.141389426377
   433     -4.909309576139      3.316464120240
   434     -5.645259425605      2.639428065756
   435     -5.354559356804      1.682613836138
   436     -6.108241966511      2.339852395435
   437     -5.345770789214      1.692830213597
   438     -6.288300040865      1.358706569146
   439     -5.579576219400      0.653220534636
   440     -6.344296893864      0.008858609902
   441     -7.045170760084      0.722143842925
   442     -6.678524417917      1.652504235340
   443     -6.045374308287      2.426533264948
   444     -5.047414325630      2.362690700650
   445     -4.376600093451      1.621065279089
   446     -5.015465061842      0.851746390615
   447     -4.962353794859      1.850334991250
   448     -3.965329663620      1.773244902869
   449     -3.603114890468      0.841150241308
   450     -2.686856441295      0.440562605054
   451     -1.785216530098      0.008075067041
   452     -2.618526470095      0.560881130596
   453     -3.349342150526      1.243455991865
   454     -4.090011050190      0.571585780388
   455     -3.557367230135      1.417925287298
   456     -3.971002995706      2.328367736572
   457     -3.428768278784      1.488140676925
   458     -3.213300245599      0.511629782630
   459     -2.583901095535     -0.265452394426
   460     -2.020400331932     -1.091567936840
   461     -1.312751565137     -0.385003557004
   462     -2.308771897445     -0.295877255447
   463     -3.227547837094     -0.690656652986
   464     -2.472933692546     -0.034487853934
   465     -1.474720583741      0.025266555184
   466     -2.338904646120     -0.477909265309
   467     -1.777183385755     -1.305235818524
   468     -1.099312492955     -2.040416784473
   469     -0.435540940616     -2.788352160228
   470     -1.234173891046     -2.186533740364
   471     -0.245196675515     -2.038465961425
   472     -0.617420649073     -1.110323023345
   473      0.374811728284     -0.985924834755
   474      1.330762676606     -1.279451297619
   475      2.309800294845     -1.075771789385
   476      1.867155555962     -0.179074719500
   477      1.954742002369     -1.175231642081
   478      1.043333008588     -1.586733338378
   479      0.310770454383     -2.267433054976
   480     -0.581119352379     -2.719685830086
   481     -0.472541255554     -1.725597907973
   482     -0.121980541671     -0.789057900348
   483     -0.019080148067      0.205633764941
   484     -0.868390019983     -0.322260866086
   485      0.098032562369     -0.579218824359
   486     -0.488322147740      0.230835589820
   487     -1.488298210160      0.237754736287
   488     -2.349607801327      0.745835230071
   489     -2.278423351091      1.743298399338
   490     -1.725190210889      2.576324865054
   491     -0.749020602965      2.359315886981
   492     -1.747570333257      2.413153012948
   493     -2.269221353375      3.266311974227
   494     -1.548735147151      3.959781242934
   495     -1.530017524743      4.959606052894
   496     -0.850965953463      4.225515483862
   497     -0.110931473818      3.552946551382
   498     -1.110779050424      3.570405748278
   499     -1.230936515472      4.563160593944
   500     -1.987116947218      5.217523761187
   501     -1.674241879155      6.167318050380
   502     -1.929596702136      7.134165460461
   503     -2.349459193083      6.226577729884
   504     -2.835579369931      5.352685760781
   505     -3.714071846809      4.874929580216
   506     -4.564151557404      4.348275532823
   507     -5.554481501894      4.209543413088
   508     -6.553317877163      4.161315874904
   509     -6.061945805826      3.290366113144
   510     -6.545817454437      2.415227136941
   511     -6.240170927794      3.367372189310
   512     -5.479241012433      2.718538108894
   513     -4.814452138286      3.465569401954
   514     -4.012627249156      2.868010327744
   515     -3.166815149846      3.401491248360
   516     -3.312049068373      4.390888594682
   517     -2.695446980570      5.178163556381
   518     -1.931065374055      5.822927667992
   519     -2.887346181889      6.115377692048
   520     -3.846402653868      6.398592599061
   521     -3.532215738726      7.347953743386
   522     -4.316531333643      7.968315772825
   523     -3.986065268653      7.024497898503
   524     -4.398260460357      7.935593460963
   525     -5.334006096546      7.582917824784
   526     -6.108853464028      6.950769458413
   527     -5.873365205099      5.978892264573
   528     -6.594659385048      6.671521101666
   529     -7.155952802722      7.499137981191
   530     -7.953119120272      8.102897753090
   531     -7.831310531835      7.110344143564
   532     -8.823720175520      6.987368133211
   533     -9.283513966026      7.875393848048
   534     -9.481401682549      6.895169153578
   535    -10.314571743496      7.448186015474
   536    -10.937214156598      6.665679513644
   537    -11.651948959389      5.966283944828
   538    -10.654476991837      5.895222886930
   539    -11.326562215692      5.154749084641
   540    -10.505972406643      4.583231486239
   541    -10.782403121205      3.622197636654
   542     -9.787078838304      3.525607927740
   543     -9.187743862411      4.326106264198
   544     -9.722739546445      5.170961055310
   545     -8.960470024737      4.523701311254
   546     -8.300818569022      3.772129653344
   547     -7.308073798290      3.892370329423
   548     -6.440312185571      4.389350996542
   549     -5.444868102548      4.484698139000
   550     -6.246825492431      5.082079378085
   551     -6.194942056757      4.083426230540
   552     -7.040071494843      3.548864510173
   553     -6.403848019133      4.320369331257
   554     -5.525030282132      4.797526941625
   555     -4.840464999928      5.526478499962
   556     -4.447700306611      6.446117502877
   557     -4.218598074921      7.419519869545
   558     -5.109058944135      7.874579690226
   559     -5.306997584493      8.854794102818
   560     -4.446797960649      9.364751559023
   561     -3.478247246496      9.613567784605
   562     -3.036918874200      8.716222105501
   563     -2.238642674115      9.318513653157
   564     -1.366709746530      8.828888317015
   565     -2.172050467649      9.421700532567
   566     -1.518160535423      8.665110844206
   567     -2.197988341539      9.398482614887
   568     -2.113324866970     10.394892217447
   569     -1.770795823656      9.455384977195
   570     -1.163369786642      8.661008737899
   571     -1.155617755963      7.661038785341
   572     -1.492320666172      8.602649718931
   573     -1.951712166945      7.714415825737
   574     -1.488661922710      6.828083793532
   575     -2.488658822770      6.830573747386
   576     -3.187822410975      6.115612016292
   577     -3.832084059089      5.350806858903
   578     -3.712365402465      6.343614717079
   579     -3.100723594774      7.134749534341
   580     -2.491637514311      7.927853655239
   581     -3.166595925236      7.189997881038
   582     -2.181599508687      7.017423087437
   583     -1.384598762468      6.413444767854
   584     -2.148665704417      7.058581736428
   585     -1.530090369979      6.272856240071
   586     -0.598234233732      6.635684217684
   587     -1.596928431190      6.584597037669
   588     -2.596878446963      6.594595335368
   589     -3.579497382368      6.408961211933
   590     -4.419597231032      5.866529424264
   591     -3.425640791500      5.756754216171
   592     -3.022265637239      4.841719525613
   593     -3.492954466008      5.724018809570
   594     -2.718227249432      6.356314420733
   595     -3.210757333001      5.486019001476
   596     -2.516961803816      4.765846963917
   597     -3.226994217964      4.061677970806
   598     -3.462309283721      5.033597113445
   599     -4.316369448987      5.553771347819
   600     -5.033198050894      4.856521926530
   601     -6.007772777098      5.080584647759
   602     -6.437832684362      5.983385000088
   603     -6.902258616082      5.097773034300
   604     -7.235780885731      6.040515255508
   605     -6.423152133159      5.457733554960
   606     -5.760488639052      6.206650835824
   607     -5.983362181043      7.181498200431
   608     -6.628427291334      7.945625809856
   609     -5.679047168296      8.259755372267
   610     -6.647253273738      8.009601544822
   611     -7.066438716075      8.917502180868
   612     -7.878790246069      9.500670245593
   613     -7.141457056908      8.825140995182
   614     -6.418125510192      8.134640109212
   615     -7.370895694778      8.438332347117
   616     -6.615002986297      9.093027858988
   617     -7.412514998432      9.696330925862
   618     -7.879949561944      8.812303251615
   619     -7.843825999981      9.811650582762
   620     -7.216422651940      9.032956137638
   621     -7.939721098646      9.723491695733
   622     -7.742294174480     10.703809302233
   623     -7.033201965818      9.998693538962
   624     -7.842678280273     10.585846071390
   625     -7.507093954296     11.527856241270
   626     -7.998646086408     12.398704391877
   627     -7.212843367937     13.017181624800
   628     -8.126301066752     13.424115320231
   629     -8.836016750475     12.719627102957
   630     -8.805223456770     11.720101328871
   631     -9.092809732121     12.677856064818
   632     -9.725093450505     13.452592987565
   633     -9.479014171965     14.421842691549
   634    -10.353272337276     14.907303977735
   635     -9.577143170231     14.276730020089
   636     -8.848499389981     14.961622888721
   637     -8.970660957479     15.954133116087
   638     -7.974201758119     15.870055390081
   639     -7.747249300450     14.896149551738
   640     -7.725969256412     13.896375997514
   641     -8.723306634545     13.969301673224
   642     -9.577302069162     13.449021174212
   643     -8.823187288231     14.105763815724
   644     -8.132622115958     14.829033988512
   645     -8.525755767193     13.909552649785
   646     -8.781111144340     12.942705386065
   647     -7.792106363056     12.794821842026
   648     -6.804238133237     12.950116273716
   649     -6.237411247316     13.773953200175
   650     -7.210615158579     13.544009408997
   651     -7.847942963917     14.314602212326
   652     -8.792903520074     13.987417941147
   653     -8.329945858514     14.873798335562
   654     -8.827467234630     14.006346619149
   655     -8.119852107417     13.299748549706
   656     -8.195149420378     12.302587421974
   657     -8.532963327366     11.361374500130
   658     -8.246933064518     12.319595084721
   659     -8.258145271892     13.319532225949
   660     -8.596790273182     12.378618009295
   661     -8.473209816991     11.386283453388
   662     -8.679619458253     12.364749119619
   663     -9.027504512237     11.427211926109
   664     -8.940782998775     12.423444518982
   665     -9.815698905423     11.939169642189
   666     -8.886760520891     11.568935287026
   667     -8.718488771788     12.554675931645
   668     -7.953485262168     13.198702041572
   669     -8.844275553010     13.653116673533
   670     -8.008361539313     13.104256252566
   671     -7.022391074028     13.271176118323
   672     -7.471394412311     14.164706197397
   673     -6.478459854304     14.046042961665
   674     -7.108539806477     14.822573227572
   675     -7.832811209943     14.133058228372
   676     -7.637825214978     13.152252201796
   677     -6.815689585601     13.721543873006
   678     -6.251193859321     12.896107882143
   679     -5.276253843912     12.673639982538
   680     -6.276195609042     12.684431940158
   681     -7.275806686518     12.712319101863
   682     -8.184464181652     13.129861382998
   683     -8.420104571877     12.158021063555
   684     -8.083893329421     13.099807663824
   685     -8.298453477993     12.123096886447
   686     -9.138921950050     11.581236436259
   687     -9.346863414281     12.559377707985
   688     -9.838978707844     11.688847675280
   689     -9.141638740428     12.405588193072
   690     -8.865436118680     11.444488764428
   691     -9.850505505346     11.616646550927
   692    -10.691259146048     11.075228675671
   693     -9.851678831588     11.618464255849
   694     -9.865428612834     10.618558788559
   695    -10.862223378196     10.538557565148
   696     -9.869892258763     10.414949517654
   697     -9.704278272977     11.401140172503
   698     -9.237376465985     10.516831005623
   699     -9.945230399368      9.810472166934
   700     -9.016122690731      9.440662938074
   701     -9.775541911974     10.091264541519
   702     -9.426136541814     11.028236199203
   703    -10.014294927595     11.836981964717
   704     -9.325478775399     12.561918036707
   705     -8.588152470655     13.237454801312
   706     -7.651097079079     12.888274055683
   707     -6.663859704354     13.047529717897
   708     -5.938611539466     13.736017262683
   709     -6.756939290273     14.310769115450
   710     -7.090136932544     13.367912110818
   711     -6.194907539720     12.922306529363
   712     -7.037565258830     12.383856932442
   713     -8.027316118006     12.241052041909
   714     -8.434099988372     13.154576471145
   715     -7.568455693155     13.655235990338
   716     -6.689098207303     14.131398160273
   717     -7.680576415088     14.001125509695
   718     -8.200403627573     13.146854083765
   719     -7.444368890774     12.492322589678
   720     -7.809514467968     11.561372157348
   721     -6.872103863618     11.909598174256
   722     -7.749490591544     12.389382010645
   723     -7.017813718037     11.707730374708
   724     -7.646102288408     12.485710755143
   725     -6.663250219594     12.670106554522
   726     -7.058276231804     13.588776489633
   727     -6.338655105362     12.894409558984
   728     -5.505422947249     13.447332854466
   729     -6.501477854519     13.358593789200
   730     -5.772054317745     14.042656143083
   731     -6.296224416957     13.191042552837
   732     -5.342855322134     13.492849393444
   733     -6.252781297898     13.078078711463
   734     -6.851247708694     12.276930813039
   735     -5.915635799680     11.923900565452
   736     -6.721695351925     11.332066130634
   737     -6.258255683372     10.445937655970
   738     -5.674071059941      9.634316854273
   739     -6.586046895471     10.044560776117
   740     -5.612325772601     10.272304436570
   741     -5.769235465009      9.284691481800
   742     -4.820571042961      9.600975870193
   743     -5.767539178851      9.279648389871
   744     -6.765976027073      9.335539892908
   745     -6.131716271921      8.562419874416
   746     -6.979878699007      9.092156126978
   747     -6.122249838292      9.606425256199
   748     -7.023877000190     10.038939372648
   749     -6.072501063143      9.730907188603
   750     -6.477217618379     10.645349373718
   751     -5.840718739782     11.416627000481
   752     -6.791697399454     11.107370490689
   753     -7.774370451589     11.292717928244
   754     -6.956000788096     10.718025755098
   755     -6.269139750803      9.991236985613
   756     -7.223724953407     10.289175051275
   757     -6.618949821326     11.085571334301
   758     -5.886470021595     10.404782568981
   759     -5.845997601985      9.405601913018
   760     -5.512662633514      8.462793449546
   761     -4.931690796046      9.276717109400
   762     -4.479069819298      8.385014103121
   763     -3.566863371204      7.975283220642
   764     -2.770280997931      7.370753219244
   765     -1.959562107868      6.785317585467
   766     -2.887346388939      7.158434628496
   767     -3.439221006702      6.324507529603
   768     -3.639102002986      7.304327710720
   769     -3.491905090305      6.315220502730
   770     -4.197527024259      5.606631985801
   771     -3.384421799552      5.024515250469
   772     -2.404870530186      5.225709958857
   773     -2.415713225422      4.225768742605
   774     -1.468827163884      4.547337998698
   775     -2.467964683322      4.505814303653
   776     -2.999838187613      5.352638119706
   777     -3.925863551355      4.975176829365
   778     -3.942132621121      3.975309179438
   779     -4.441808242059      4.841521782579
   780     -3.872507940828      5.663651435990
   781     -4.678393276391      6.255723075172
   782     -3.905077811581      5.621701630830
   783     -4.782965177611      5.142834454502
   784     -5.465527606762      4.412007162789
   785     -5.424892870665      3.412833094760
   786     -5.897551621799      2.531587552941
   787     -5.205789446542      3.253712952635
   788     -6.033050207181      3.815531102846
   789     -5.216522265770      4.392837019060
   790     -5.712499931103      3.524501740788
   791     -6.024967531948      2.574573323263
   792     -5.024999594972      2.582581133238
   793     -5.510620923849      1.708411856187
   794     -6.389012134571      1.230469515599
   795     -6.451880056744      0.232447659946
   796     -5.977391035536      1.112709080634
   797     -5.187831002889      0.499035751536
   798     -5.303558428867     -0.494245257483
   799     -4.643461372847     -1.245425579798
   800     -3.667397858915     -1.027939909535
   801     -4.180341951772     -1.886361925564
   802     -3.185520847048     -1.988003302945
   803     -3.402287859601     -1.011779935949
   804     -4.075131201302     -1.751564930072
   805     -3.475199901574     -0.951513409477
   806     -2.852605954877     -0.168968345256
   807     -3.063253316119     -1.146530460521
   808     -2.588807110620     -2.026814958901
   809     -1.971202981706     -1.240325836314
   810     -1.133430370684     -0.694306558063
   811     -0.747204770917      0.228097792579
   812     -1.215014945951     -0.655731172851
   813     -2.038841276232     -1.222573459150
   814     -2.771415311263     -1.903260819984
   815     -3.279836073097     -2.764369598789
   816     -2.956263960065     -3.710573111606
   817     -3.951122730231     -3.811845158212
   818     -3.245191440802     -3.103564836161
   819     -4.203080424657     -3.390703643375
   820     -3.520492134744     -2.659900505400
   821     -2.942657100264     -1.843746921246
   822     -3.914699961440     -2.078550405114
   823     -3.250950104477     -2.826505034341
   824     -3.884514297302     -3.600195161956
   825     -3.947270937330     -4.598224021325
   826     -2.951796488180     -4.503194441241
   827     -3.388498283733     -3.603588115252
   828     -4.303244838049     -4.007616259527
   829     -5.196682349022     -4.456803763792
   830     -5.375979009054     -5.440598817500
   831     -6.322719427946     -5.762596611338
   832     -6.661998081662     -6.703282528706
   833     -7.656588994752     -6.599412823801
   834     -8.142390525030     -5.725343677120
   835     -8.769824835959     -6.504013174063
   836     -7.798547051970     -6.741961627159
   837     -7.088114581820     -7.445727003798
   838     -7.943841724167     -6.928299658317
   839     -7.299594131300     -7.693116655439
   840     -7.219586963299     -6.696322367198
   841     -6.330688525765     -7.154426686923
   842     -7.325158071947     -7.049401348474
   843     -8.269958864897     -6.721756019434
   844     -7.373443138585     -6.278744109351
   845     -8.351375895928     -6.069824215336
   846     -7.485118828034     -6.569422746481
   847     -7.151725134584     -7.512210445366
   848     -8.007369451825     -8.029774743181
   849     -7.714447861870     -8.985911209455
   850     -6.720377095214     -8.877176160462
   851     -6.529516882709     -9.858793386922
   852     -6.535902833259     -8.858813777312
   853     -7.392723448545     -8.343199160353
   854     -8.148577130829     -7.688458592664
   855     -7.707117506473     -8.585739708070
   856     -7.537448802555     -7.600238550836
   857     -6.543977294372     -7.714319059370
   858     -5.788262289722     -7.059418431987
   859     -5.760770331284     -6.059796407309
   860     -5.131133591994     -6.836686088368
   861     -5.215782402725     -5.840275239951
   862     -4.273457573048     -6.174974979082
   863     -5.035392477616     -6.822628591131
   864     -4.695657358554     -5.882107433009
   865     -5.238101794647     -6.722199114762
   866     -6.200190938017     -6.449463931462
   867     -6.875844468286     -7.186683238747
   868     -5.905296659939     -7.427591834925
   869     -6.612152508206     -8.134949460013
   870     -6.675559502348     -7.136961708038
   871     -6.516800304150     -8.124279041516
   872     -6.244734269908     -7.162000457627
   873     -6.866561796726     -6.378846241082
   874     -7.531399317529     -5.631858241892
   875     -6.821269542881     -6.335929050234
   876     -7.711511641731     -5.880441393503
   877     -8.435885253879     -5.191033770957
   878     -8.216156082822     -4.215472859796
   879     -8.041642052912     -5.200127547168
   880     -9.033000299850     -5.068945131323
   881     -8.204071597273     -4.509590855355
   882     -9.141151212993     -4.858706586598
   883    -10.102730875451     -4.584180535470
   884    -10.493714123048     -3.663782740982
   885    -11.227326484791     -4.343350914676
   886    -11.044868825406     -5.326564626201
   887    -11.525308336667     -4.449536761182
   888    -11.999667857188     -5.329867974585
   889    -11.478611277071     -4.476345836433
   890    -10.662458588397     -5.054182135717
   891     -9.916009847124     -5.719625053368
   892     -9.078745270238     -5.172827075782
   893     -9.029030398236     -4.174063624557
   894     -9.981783278128     -3.870317102179
   895    -10.758663678397     -3.240668911776
   896    -10.064515022299     -2.520837234758
   897     -9.293878013975     -1.883562881437
   898    -10.281150373019     -1.724524241263
   899     -9.818711372087     -0.837873142793
   900     -9.394421105796     -1.743399382021
   901     -9.468004315979     -0.746110300972
   902     -9.600628853573      0.245056048350
   903    -10.572691372090      0.010333957158
   904     -9.906023021016     -0.735020528758
   905     -9.321587818183      0.076419853334
   906     -8.514652051681      0.667059056857
   907     -9.480194966804      0.406815173058
   908     -9.215122301073     -0.557413265582
   909     -9.875366601112     -1.308464172156
   910    -10.075959882439     -0.328789565215
   911    -10.363629719232      0.628940075655
   912     -9.475951471866      1.089404329592
   913     -8.649737026752      1.652760070384
   914     -7.999786965205      0.892783151330
   915     -7.958464156841     -0.106362696637
   916     -7.136133248271     -0.675372254387
   917     -6.153158103182     -0.491633678859
   918     -6.956726598011     -1.086845972178
   919     -6.850293230016     -0.092526135215
   920     -5.961526915314     -0.550886733272
   921     -6.555850528080     -1.355112723469
   922     -6.180097797350     -0.428392762883
   923     -7.167046349057     -0.589428647961
   924     -6.179380666082     -0.432851195329
   925     -7.010955319377     -0.988264191213
   926     -8.004884424918     -1.098286612375
   927     -7.025379756376     -0.896865152982
   928     -6.221418710498     -0.302183190324
   929     -6.280914118250      0.696045388939
   930     -6.091599982385      1.677961962769
   931     -5.225887806110      1.177419828829
   932     -4.989408025814      2.149056238970
   933     -4.684940682636      3.101579013994
   934     -5.437642788012      2.443217760150
   935     -4.449804979435      2.287729934433
   936     -4.600642029817      1.299171294679
   937     -5.579977515415      1.501413739898
   938     -5.663420033276      0.504901147798
   939     -5.253305325700     -0.407132802573
   940     -6.199279348727     -0.082890381291
   941     -5.971290090617      0.890773266067
   942     -4.971526415140      0.869034057321
   943     -4.155048898967      1.446411287201
   944     -3.800818487923      2.381569464138
   945     -4.604174736799      2.977068194104
   946     -5.180116871336      3.794558657453
   947     -4.261016866281      3.400534317203
   948     -4.978102874088      2.703549627695
   949     -4.288604909296      3.427837247739
   950     -3.964933439580      2.481667717638
   951     -3.196109802167      1.842206839588
   952     -3.135047983370      2.840340825727
   953     -3.847525020881      3.542036251833
   954     -2.927901638291      3.934837517351
   955     -2.354328434376      4.753991825007
   956     -3.292616953218      4.408138307735
   957     -4.057837779514      5.051906190596
   958     -4.107774023858      4.053153783089
   959     -4.045113422634      3.055118889383
   960     -3.272444053945      2.420310220027
   961     -3.492094463092      1.444731572371
   962     -2.612279595984      0.969415046659
   963     -1.734777070001      0.489843032366
   964     -1.227755983933      1.351776683108
   965     -1.700129997059      2.233174885808
   966     -1.130353766277      3.054974768283
   967     -0.542469417017      2.246029781343
   968     -1.449245612018      1.824417480551
   969     -2.173046239677      2.514426648171
   970     -3.173002714298      2.523756646247
   971     -2.174897369137      2.462228441640
   972     -2.715225972925      1.620774343112
   973     -1.846353898076      2.115811026145
   974     -1.767742956007      1.118905654614
   975     -1.044661632075      0.428142743782
   976     -1.428778756157     -0.495141630063
   977     -1.992872776743      0.330568934202
   978     -1.249337211129     -0.338127456297
   979     -0.443154720309      0.253539503651
   980     -0.250930696587      1.234890574728
   981      0.424875475320      0.497811190936
   982     -0.028292179092      1.389236497394
   983      0.597301702129      0.609087604055
   984      0.219408295029      1.534936713182
   985      0.972158211502      0.876630125603
   986     -0.024579140401      0.795916735625
   987      0.014751735630     -0.203309506120
   988     -0.264796824672     -1.163441060873
   989     -0.804413520764     -2.005351876399
   990     -0.896742865537     -1.009623353108
   991     -1.828229586807     -0.645848026708
   992     -2.442920195465     -1.434616342266
   993     -1.580548492973     -0.928340679468
   994     -2.011445786637     -1.830741655927
   995     -1.334573350135     -1.094641319896
   996     -0.401417858962     -0.735168331630
   997     -1.253463609062     -1.258635656051
   998     -2.077976681891     -0.692792751409
   999     -2.501967153093      0.212873898264
  1000     -2.666281141425      1.199281984828
  1001     -3.563486616406      1.640895317581
