# File chua thong tin toa do cua cac diem 2
##################################################
#  Step                   x                   y
     1      0.000000000000      0.000000000000
     2     -0.197441280634      0.980314715131
     3     -0.383663599644      1.962822347621
     4     -0.526226709425      0.973036633575
     5     -0.921688491193      0.054554200885
     6     -0.101614924323     -0.517703909517
     7     -1.066811477012     -0.779229462146
     8     -0.486154358899      0.034918749905
     9     -1.409741720121      0.418306785960
    10     -0.606256576687      1.013631591659
    11     -1.352543537552      0.348007244115
    12     -0.586402579390      0.990679814112
    13     -1.470505642554      1.457971771782
    14     -1.140813181045      2.402060157912
    15     -0.551498396186      1.594156646131
    16      0.214425440258      0.951225330386
    17      0.052522164437      1.938031962547
    18     -0.279968165095      0.994925297971
    19      0.001904952599      1.954376988012
    20      0.592805377677      2.761121487617
    21     -0.405323114376      2.822273048119
    22      0.525219895493      2.456090434136
    23     -0.176884538161      1.744016446236
    24     -0.023388397186      2.732165693417
    25      0.308447525983      3.675502812424
    26      0.029960304322      2.715062878138
    27     -0.895892660138      2.337178916846
    28     -1.484657079357      1.528874235020
    29     -1.025583491490      2.417272479572
    30     -0.104172397511      2.028683241569
    31     -0.904593265579      2.628121673738
    32     -0.482141890432      3.534507262567
    33      0.338929737064      4.105332439413
    34     -0.081749287455      3.198122894528
    35      0.862007348831      3.528763804680
    36     -0.073163964839      3.174568076179
    37      0.789441781764      2.668691286903
    38     -0.092823507656      2.197938741414
    39      0.878695172852      1.960975762398
    40     -0.115292699315      2.070465990205
    41      0.884706512803      2.071721283948
    42      1.548854507424      1.324120159523
    43      1.102759903553      2.219105971923
    44      0.302165730956      2.818312923489
    45      0.976455465734      3.556779817515
    46      0.658855303681      2.608555088316
    47      1.537267111190      3.086459572947
    48      2.534904263591      3.155162645284
    49      1.537460343448      3.083708980790
    50      2.385938703367      3.612939056228
    51      3.385782478505      3.630614613317
    52      4.247636496298      4.137771050734
    53      3.289070285560      4.422640880007
    54      3.856760432810      3.599398572594
    55      4.362921833671      4.461837345075
    56      3.553152188309      3.875089425224
    57      2.567498917353      3.706306637432
    58      1.613508831276      4.006144786551
    59      1.063114679314      3.171239835383
    60      0.150932888258      3.581025608764
    61     -0.357163537595      4.442325801517
    62      0.637830621824      4.542258892742
    63      0.933767929466      5.497466257635
    64      0.716918467022      6.473671313265
    65     -0.277757523057      6.576723119465
    66     -0.353965140123      5.579631148230
    67     -1.017571108609      4.831548854235
    68     -1.914130128709      5.274473140629
    69     -1.317549177283      6.077026047543
    70     -1.000077811506      7.025293906279
    71     -1.979697732280      6.824433728985
    72     -2.540459936276      7.652410631180
    73     -1.960928706753      6.837460599579
    74     -2.200721877417      7.808284597687
    75     -1.212118203317      7.958826205082
    76     -0.509068074048      8.669966497665
    77     -0.999873571158      7.798697329149
    78     -1.866628391853      7.299962849890
    79     -1.070500554222      7.905091320670
    80     -0.128220653768      7.570265113210
    81      0.638663336951      6.928479366423
    82      1.554043529986      7.331069855877
    83      2.539520581223      7.500878517277
    84      2.671748133989      6.509659129710
    85      1.688877613496      6.693956552225
    86      2.619101668626      7.060948660122
    87      3.372126281135      6.402956309897
    88      2.379297440738      6.522500835811
    89      2.880569008803      5.657210817927
    90      3.406912590254      4.806938841283
    91      4.309943645119      4.377363569707
    92      3.774917949240      5.222199355377
    93      4.744866012669      5.465511406559
    94      5.429278187908      4.736416094282
    95      4.627510018066      4.138780919758
    96      5.303502308697      4.875689613565
    97      4.520799133756      4.253294449752
    98      5.330452876180      3.666386605727
    99      5.174357379066      2.678644637508
   100      4.567319850972      3.473317802706
   101      3.765354778722      2.875946876990
   102      3.018689175465      2.210747300236
   103      3.760477121791      1.540112792709
   104      4.582340881731      2.109796880689
   105      3.817461354473      1.465623527637
   106      4.211938618655      0.546717826248
   107      3.801797632613     -0.365304307019
   108      3.780817534924     -1.365084200546
   109      4.780705818313     -1.380031465895
   110      5.717608813146     -1.030442023446
   111      6.375032216571     -1.783963402459
   112      5.455330282935     -2.176580713927
   113      6.132971161639     -2.911973696970
   114      7.074523233284     -3.248841172963
   115      6.262652031255     -3.832677752252
   116      6.665385830929     -4.747994903080
   117      7.218215392820     -5.581289254135
   118      6.230111252116     -5.735075492546
   119      7.109823254875     -6.210582371783
   120      7.539015397339     -7.113795582961
   121      6.580911753698     -6.827373851870
   122      6.884984774274     -5.874725124291
   123      5.907591339247     -5.663296476361
   124      4.922540486195     -5.491032676038
   125      3.937051324652     -5.321294311250
   126      2.973695830109     -5.589522182907
   127      2.461467231070     -4.730673032982
   128      3.432541313778     -4.491894629662
   129      3.024560769817     -3.578904007723
   130      2.713083530512     -2.628650394525
   131      1.982659079857     -1.945656893908
   132      1.062382913157     -1.554387450936
   133      1.473264138761     -2.466076333420
   134      2.430054987655     -2.175299320104
   135      3.082171674999     -1.417180710592
   136      4.024178787112     -1.752773619828
   137      4.703131849998     -1.018591940407
   138      5.322241542288     -0.233287420547
   139      5.423509620348      0.761571753591
   140      4.436107489208      0.919802696900
   141      4.660207004074     -0.054763569414
   142      4.288010013497      0.873390189511
   143      4.084674440386     -0.105718918152
   144      4.506031583705     -1.012613706853
   145      3.957316901648     -0.176604019292
   146      3.304204633027     -0.933865113352
   147      2.505649458515     -0.331943496145
   148      1.711604316015     -0.939802288689
   149      1.328282453747     -0.016187461010
   150      1.632179897647     -0.968892212542
   151      1.516216654063      0.024361292932
   152      1.388663379730     -0.967470427778
   153      1.149850768978      0.003595242991
   154      1.775240987068      0.783907408165
   155      2.400167040946      0.003223459832
   156      2.023430777611      0.929544024155
   157      3.021751656326      0.987470038360
   158      2.331555786229      0.263847442734
   159      1.357356608475      0.489537411636
   160      2.257538193983      0.054022643675
   161      1.540456615478     -0.642966602848
   162      1.774922531541      0.329157738070
   163      1.311103283350      1.215087591392
   164      0.322654294464      1.366641530210
   165      0.403995583708      0.369955223159
   166      0.945311553801     -0.470864032403
   167     -0.030836601008     -0.253758574473
   168      0.287322361374     -1.201795954884
   169      0.931213337655     -1.966913207770
   170      1.896375080801     -1.705259219521
   171      1.205362547540     -0.982416443479
   172      0.736321423720     -0.099240116710
   173      0.935605942760     -1.079181788684
   174      0.441324163009     -1.948483532732
   175     -0.343420930598     -1.328664899534
   176      0.648950782973     -1.205383181086
   177      1.424571404184     -0.574183805332
   178      2.317457811573     -1.024465787539
   179      2.050390748813     -0.060787841340
   180      2.557763774575     -0.922514371470
   181      1.580921526490     -1.136475167778
   182      1.191350564785     -0.215478715126
   183      0.376085104149      0.363608695110
   184      0.564571444729      1.345684506550
   185      1.236552642132      2.086252714304
   186      2.119832808847      1.617407167147
   187      1.993818805183      0.625378704410
   188      0.996477441479      0.552507556169
   189      0.148541970221      0.022408097027
   190      0.759276119495      0.814243811624
   191      0.238138394302     -0.039228783941
   192      0.653601647900      0.870381179125
   193      1.042980689305     -0.050696430045
   194      0.885718958243     -1.038253389386
   195      1.335609395679     -0.145169633905
   196      1.832511760623     -1.012976086816
   197      2.028007214343     -0.032271479110
   198      1.494457765669     -0.878040351687
   199      2.430255411046     -1.230577962312
   200      2.833342536106     -0.315416353846
   201      3.576704608955      0.353472896068
   202      2.932207791399     -0.411134095897
   203      3.037144184486      0.583344839731
   204      3.511192774856     -0.297153845088
   205      2.800743408643      0.406594475014
   206      2.661797974748     -0.583705563560
   207      3.343721587360     -1.315128961163
   208      3.180592295652     -0.328524261100
   209      3.779740631730      0.472113779075
   210      4.419343036957     -0.296592122573
   211      4.440580873023      0.703182329151
   212      3.842640215959      1.504722702825
   213      2.855257125863      1.663072421460
   214      3.647005734520      1.052225353292
   215      3.244146061659      1.967487110377
   216      2.532462927078      2.669987726713
   217      3.509788696658      2.881728936956
   218      3.694354204293      1.898908722781
   219      4.340135642113      1.135386401845
   220      3.755666459976      1.946802309461
   221      3.771506593798      0.946927772251
   222      4.217893913028      0.052087919970
   223      3.388569117856     -0.506678922383
   224      2.786507546832     -1.305128585603
   225      2.136425638875     -0.545264444493
   226      1.146017501014     -0.407091652453
   227      0.203746395620     -0.741942610253
   228     -0.489981972821     -0.021705877769
   229     -1.467000572213      0.191448189618
   230     -0.656114412116      0.776652115924
   231      0.075825186246      1.458021637072
   232      0.729918716404      0.701607958053
   233      0.181137931003     -0.134358338860
   234      1.170367019299      0.012017242672
   235      1.669874354663     -0.854292414389
   236      2.629415366403     -1.135861316774
   237      2.209149584118     -2.043262370466
   238      2.938239144444     -2.727680673131
   239      2.425861755779     -3.586441065548
   240      3.121868020214     -4.304476774874
   241      4.102430707818     -4.500682829011
   242      4.486312965922     -5.424064879904
   243      3.659025433913     -4.862286151772
   244      3.974844852322     -3.913466835487
   245      4.697225692048     -3.221971410775
   246      5.504612188456     -3.811994330175
   247      4.549960883264     -4.109720522330
   248      4.475740903880     -3.112478628575
   249      5.353700001771     -2.633742978733
   250      6.326694591204     -2.864570899342
   251      7.006559716904     -3.597908073401
   252      6.230218781385     -4.228221290649
   253      5.309829231754     -4.619223946561
   254      5.690328944304     -3.694442908288
   255      5.462991581536     -2.720626845836
   256      5.047289812716     -1.811125862109
   257      4.175624831156     -2.301228055454
   258      5.074169048363     -1.862345053135
   259      5.818843739211     -2.529772655809
   260      4.818997034621     -2.547281719773
   261      4.100457488279     -3.242767823402
   262      3.429328324678     -3.984108261908
   263      3.689485208318     -4.949674622079
   264      4.400909999457     -4.246912381664
   265      5.393115045192     -4.122296382619
   266      6.142439338704     -3.460093163695
   267      6.412283361031     -4.422997210636
   268      6.140691030991     -3.460584821759
   269      6.983377726446     -3.998989068866
   270      5.992010101731     -3.867877541275
   271      6.414293483657     -2.961413672525
   272      7.411432523564     -2.885824420022
   273      8.207756797505     -2.280954474718
   274      9.115076830845     -2.701395144849
   275     10.090243197749     -2.922868747927
   276      9.270001805469     -3.494886281216
   277      9.980671370693     -2.791360326426
   278      9.039669491083     -3.129761660008
   279      9.329003101820     -2.172533337350
   280      9.101593865237     -1.198734056637
   281      9.369392915572     -2.162208845430
   282      8.450026185420     -2.555610441118
   283      8.018628963371     -3.457772531215
   284      7.329787903343     -4.182684935592
   285      7.346503923650     -5.182545213163
   286      8.068824833956     -4.490987187734
   287      9.043854810498     -4.268913900634
   288      9.605261903936     -5.096453673357
   289      9.699891412786     -6.091966232823
   290     10.493747685658     -6.700071666133
   291      9.902902198390     -5.893286930175
   292     10.772085945162     -6.387776176112
   293     11.668743565001     -6.830500822799
   294     12.663212406859     -6.725468815417
   295     13.181558666284     -5.870297981408
   296     14.125912491600     -6.199229361200
   297     14.074957823175     -7.197930328339
   298     15.068901112004     -7.088036112878
   299     15.996028750295     -7.462781816413
   300     16.569909010459     -6.643842595840
   301     16.159412153869     -7.555704608827
   302     15.777215672404     -8.479785692692
   303     15.306029712396     -9.361819587217
   304     14.314334190799     -9.490427489171
   305     15.051706627131     -8.814941079139
   306     14.740329987641     -9.765227661376
   307     13.892511285863     -9.234941466085
   308     12.902358122635     -9.094953204617
   309     13.379978604825     -8.216386943603
   310     13.735966755232     -9.150877412666
   311     13.154088744251     -8.337601333873
   312     13.183485545313     -7.338033513219
   313     13.889658345680     -8.046073043204
   314     14.513104546934     -8.827939294005
   315     13.742057965784     -8.191160549310
   316     14.290027926569     -9.027658560112
   317     15.282441889338     -9.150599710670
   318     16.264939075315     -9.336877136967
   319     17.202789352649     -9.683917274854
   320     16.600362015977     -8.885743544373
   321     17.366386119940     -9.528555392542
   322     18.340834082078     -9.303942015636
   323     17.401732171995     -9.647580783062
   324     17.448284123502    -10.646496653298
   325     17.441402412762     -9.646520332550
   326     18.266406956299     -9.081394237645
   327     18.271633141854    -10.081380581044
   328     18.916481391511    -10.845691208285
   329     19.706803085161    -11.458383317380
   330     19.689906236452    -12.458240555441
   331     18.691030088056    -12.410843929343
   332     18.072981397919    -11.624704109324
   333     17.479319841410    -10.819989280130
   334     18.185328123318    -11.528192856708
   335     18.667650246470    -12.404186789061
   336     19.559041208411    -11.950951581944
   337     19.401856890220    -12.938520865647
   338     19.118305142548    -13.897477802320
   339     20.085125464328    -14.152935167438
   340     20.939237861139    -13.632846700335
   341     21.495917046252    -12.802119136772
   342     20.593730625869    -12.370772799269
   343     21.589276503929    -12.465051135483
   344     20.726109171986    -12.969969106115
   345     20.016635368606    -12.265237297328
   346     19.657698348329    -13.198599078994
   347     20.420542298234    -12.552016440739
   348     21.096166423562    -11.814770185221
   349     21.865743241873    -11.176215942639
   350     22.709925748303    -11.712271812709
   351     21.814366130188    -11.267330276773
   352     21.648746936118    -12.253520056966
   353     20.696798896055    -11.947260479123
   354     20.210766415428    -11.073319732976
   355     21.209724526036    -11.118956267124
   356     21.925165880256    -10.420283476276
   357     20.927785124102    -10.492613464885
   358     21.534199979571    -11.287761893209
   359     22.290262136281    -11.942261713829
   360     23.280259027362    -12.083350890060
   361     24.269766851386    -12.227830183370
   362     23.502340574483    -12.868967383600
   363     23.020565793456    -11.992672307518
   364     24.015349726762    -12.094676846802
   365     23.282334546170    -11.414464567420
   366     23.407450892072    -12.406606643934
   367     22.954967991610    -11.514833564732
   368     22.096527423489    -11.001920520441
   369     22.950985799655    -10.482400661918
   370     23.381822696585     -9.579970848446
   371     22.847761285650     -8.734525161634
   372     22.010671770323     -8.187459221065
   373     22.660726024983     -7.427571422770
   374     21.694982191442     -7.687068721364
   375     20.910162117179     -8.306792410627
   376     21.072966911448     -9.293450709616
   377     21.310455959634     -8.322060493486
   378     22.117018274668     -7.730911415869
   379     22.752923311512     -6.959144103711
   380     23.740029500847     -7.119210874081
   381     23.185514659806     -7.951384708725
   382     23.480118376926     -8.907004219754
   383     22.751522888960     -9.591948461949
   384     22.692341231778     -8.593701232324
   385     21.887904284389     -9.187739276287
   386     22.058821140492     -8.202453821051
   387     21.245773703118     -8.784651265721
   388     22.238456511909     -8.663900111972
   389     21.239551139515     -8.617123440398
   390     20.723104631140     -7.760803988332
   391     19.928825580565     -8.368357105201
   392     19.752242432859     -9.352642831983
   393     19.505819304441    -10.321805172244
   394     19.728961000868     -9.347019152999
   395     20.450825768920     -8.654985008866
   396     19.708090641723     -9.324570351319
   397     20.139390247034    -10.226779113446
   398     20.778902303084    -10.995560181220
   399     20.301919205094    -11.874472647983
   400     20.521394579205    -10.898854607888
   401     19.581269404113    -10.558025244191
   402     20.354857484964     -9.924336455301
   403     19.664030519099     -9.201316328863
   404     19.033986329286     -8.424757046592
   405     20.018016716133     -8.602757602100
   406     20.737318258435     -7.908059616467
   407     20.888261140166     -6.919517130554
   408     20.619362006772     -7.882685473088
   409     21.484679260292     -7.381460921853
   410     20.496105477470     -7.532198693881
   411     21.301137552077     -8.125429980019
   412     20.402396481201     -7.686950234171
   413     19.529900659488     -7.198328661690
   414     20.044684810329     -6.341008839195
   415     19.962991586456     -5.344351316686
   416     20.469523611960     -6.206572464153
   417     21.163371716445     -5.486451080008
   418     21.622486616564     -6.374827975526
   419     21.626352261722     -5.374835447160
   420     22.159371565349     -6.220938527146
   421     22.438629469112     -7.181154660725
   422     23.243174197811     -6.587262600227
   423     22.375937773211     -6.089366040842
   424     22.981604712311     -5.293647774819
   425     22.658689160149     -6.240075556624
   426     22.037728612584     -7.023917376361
   427     22.908402423451     -7.515778245988
   428     23.361015142925     -8.407485443542
   429     23.171384792322     -7.425629888927
   430     22.581923689896     -8.233426650945
   431     22.503413293975     -7.236513355953
   432     21.503622549241     -7.256969815634
   433     22.161535908051     -6.503876187790
   434     22.776451548160     -7.292469083744
   435     23.437774855663     -6.542368101906
   436     23.491630510894     -7.540916833015
   437     22.657037243393     -8.091783493690
   438     21.733423395734     -8.475107717306
   439     21.668329870712     -9.472986884841
   440     22.421954741981    -10.130291649319
   441     22.060126810957    -11.062536546506
   442     21.449441581056    -11.854409989665
   443     20.565436507951    -11.386932684628
   444     21.508439670237    -11.719716452140
   445     20.579997280697    -12.091192870377
   446     21.239261709781    -12.843104043685
   447     22.160220959173    -13.232762947034
   448     22.038407472697    -12.240209938620
   449     21.445473871349    -11.434958583829
   450     22.111337711873    -12.181031868354
   451     22.553566248481    -13.077934271857
   452     23.020083623943    -13.962446305915
   453     23.702343733773    -13.231336777503
   454     24.331773781744    -12.454279627280
   455     25.319049723422    -12.295263228806
   456     25.385533999980    -11.297475755959
   457     25.822746824974    -10.398117681741
   458     25.018966143555     -9.803191958497
   459     25.966962984334    -10.121471693751
   460     25.862715101630    -11.116023039310
   461     26.664252897726    -10.518078927013
   462     25.903760950228     -9.868731564048
   463     24.945060088422     -9.584315218573
   464     24.094356080790    -10.109960242709
   465     23.321948999822     -9.474832459290
   466     22.684089759501    -10.244985424315
   467     22.483171157789     -9.265377484634
   468     22.513690868176     -8.265843319496
   469     21.524672256478     -8.413634339914
   470     20.582326710022     -8.078992933220
   471     21.454979936748     -7.590652533616
   472     20.967586343231     -8.463834922925
   473     21.427792051727     -9.351647237475
   474     20.706906299158     -8.658593320567
   475     21.016161290301     -7.707614167034
   476     20.556816843363     -6.819355939339
   477     21.166851591985     -7.611730601651
   478     20.166996046986     -7.628727340571
   479     19.169215033581     -7.695308488730
   480     20.167402792592     -7.755484877473
   481     20.584988453485     -6.846847317267
   482     21.135817972775     -6.012229536077
   483     21.854540395185     -5.316932420072
   484     22.563789979117     -4.611974954907
   485     23.332180099300     -3.971993218289
   486     24.204164334248     -3.482459262365
   487     23.300198164296     -3.054855282517
   488     23.843593631012     -2.215378441411
   489     23.005799254655     -2.761364323046
   490     22.903468661407     -1.766613877113
   491     23.113291654532     -2.744353265475
   492     23.840715717436     -3.430541455922
   493     24.839933512175     -3.390996561455
   494     24.871808870762     -2.391504709805
   495     24.703644004664     -1.405745825590
   496     25.371046740409     -0.661048848074
   497     26.370960110567     -0.674211377381
   498     26.386124985602     -1.674096384052
   499     25.473689157567     -1.264876565715
   500     24.892678767208     -0.450980425969
   501     23.984627647462     -0.869839786528
   502     24.810482714018     -1.433722229103
   503     24.186054832114     -2.214804696132
   504     24.759706385647     -3.033904137671
   505     25.409755637344     -2.274012059564
   506     24.667335292829     -1.604077710504
   507     25.534814894687     -2.101550463890
   508     24.567480634719     -1.848046165122
   509     23.619933454049     -2.167662091512
   510     22.620083944325     -2.150313953123
   511     22.327857621824     -1.193964761438
   512     22.310706125738     -0.194111859166
   513     22.420085854231     -1.188111896889
   514     22.754040104109     -2.130701181248
   515     22.676388369265     -1.133720635763
   516     23.446371310246     -1.771785107895
   517     24.099972780822     -2.528624005985
   518     24.178462727908     -3.525538911183
   519     24.187723164974     -4.525496032416
   520     24.904123999997     -3.827807102035
   521     25.294368874661     -2.907095997617
   522     25.545201634461     -3.875126434437
   523     25.512865584070     -2.875649381252
   524     24.737626262323     -2.243981751864
   525     25.655031332900     -1.846027060374
   526     24.965772713469     -1.121511666791
   527     24.190835974444     -0.489472862199
   528     24.494065669617      0.463444632638
   529     25.195217205754      1.176456921012
   530     24.569341016696      0.396534491555
   531     24.742275673824     -0.588398807895
   532     24.431344784165      0.362033715673
   533     24.843533713197     -0.549064680102
   534     25.271210095050     -1.452996598116
   535     26.223450966091     -1.147648725162
   536     25.399164292784     -0.581476065801
   537     24.583957880417     -1.160646597885
   538     25.414624062380     -0.603875824458
   539     26.118175155453      0.106768854291
   540     26.000711221426     -0.886308294878
   541     26.280922631509      0.073630018587
   542     25.379703006179     -0.359732631995
   543     26.132045850877      0.299039137308
   544     27.125049032498      0.180951537239
   545     27.517373529044      1.100778417369
   546     28.198630660577      0.368734210552
   547     29.143620853233      0.695832874236
   548     30.143378354771      0.717854184792
   549     29.540298301150      1.515534853308
   550     29.494980872982      2.514507490924
   551     30.480993993446      2.347839778775
   552     30.974988139918      3.217305007092
   553     31.727035888215      3.876413635682
   554     32.641133404686      3.470919208616
   555     33.553224589574      3.880906611409
   556     33.551129819515      2.880908805442
   557     34.490609074856      3.223514597546
   558     35.334456200391      3.760098261784
   559     36.334266783051      3.740635507572
   560     35.342183218879      3.615056043886
   561     35.725113888962      4.538833128419
   562     35.099739354122      5.319157862857
   563     34.137598007225      5.046606897731
   564     34.976532789785      4.502374933757
   565     34.305497278833      3.760949723071
   566     34.959949120445      3.004846035069
   567     35.929678151696      3.249029584782
   568     36.617758785794      2.523395351177
   569     35.617910025631      2.540786636356
   570     36.617848651180      2.529707595970
   571     35.621898864213      2.619618784602
   572     34.622629871459      2.657848094316
   573     35.468658980198      2.124711388426
   574     35.575890653045      3.118945449570
   575     35.684752174819      2.124888525105
   576     34.827117182130      1.610629622104
   577     35.669229335746      1.071327183084
   578     36.347099422961      1.806508891820
   579     35.812305441080      2.651491375036
   580     36.317942593318      1.788745137562
   581     36.616240644145      0.834272365361
   582     36.080066519338     -0.009835037691
   583     36.302804003753      0.965043422958
   584     37.290029259733      0.805712653947
   585     37.780299627920      1.677283056197
   586     38.210152341178      2.580182078737
   587     39.162949312460      2.883790266236
   588     38.561911995152      2.084569306048
   589     38.184834384716      3.010750970576
   590     38.780411966556      2.207453177719
   591     39.632291580010      1.683715529481
   592     39.172639173635      2.571814434623
   593     38.606278470138      3.395971915651
   594     39.600164280609      3.506384757949
   595     39.912917226721      2.556550248839
   596     39.597976647183      1.607438858453
   597     39.631781372529      2.606867315394
   598     39.306353175251      1.661300560259
   599     39.890620788338      2.472861621608
   600     40.865775644804      2.251337343229
   601     41.650876660001      2.870705082086
   602     42.637557206894      3.033374988287
   603     41.726566877312      2.620947274125
   604     41.626199377206      3.615897707525
   605     42.491975889312      3.115466862067
   606     42.675625112533      4.098458704765
   607     43.203810909251      3.249329878175
   608     43.567477667227      4.180858991592
   609     42.706183889155      4.688966291141
   610     41.712232985215      4.798791609517
   611     42.175709628256      3.912682473262
   612     43.098040358865      3.526281097263
   613     43.135272323048      2.526974447208
   614     44.065385592155      2.159701651277
   615     43.093568527661      2.395437930110
   616     42.345846247917      3.059449520652
   617     42.454044594655      4.053578847130
   618     42.212977817814      3.083070315944
   619     41.237753083188      3.304286764191
   620     41.057601450879      2.320647913099
   621     40.245294093355      1.737418321161
   622     41.036003061094      2.349610552684
   623     41.707976167496      1.609035003349
   624     42.334361766687      0.829521641612
   625     43.155816961989      1.399794700865
   626     43.958144365609      1.996678891811
   627     44.625456567837      1.251900787435
   628     44.205345620743      0.344428037358
   629     44.856606593407      1.103281874065
   630     43.884628876785      1.338354880579
   631     44.881241817956      1.420590186210
   632     45.438025532356      2.251247694079
   633     44.790981901814      3.013700669793
   634     45.608837502245      2.438277158938
   635     46.219812412794      3.229927118630
   636     45.543280612303      2.493513700145
   637     46.539504918675      2.580330354040
   638     46.483898141227      1.581877607886
   639     46.695973432501      0.604624277971
   640     45.911200834005     -0.015159530022
   641     46.345699050205     -0.915832223134
   642     45.502474141848     -0.378271292703
   643     44.865933798229     -1.149514698474
   644     44.724743125424     -0.159532277462
   645     43.758151883499     -0.415855064263
   646     44.000241093068     -1.386109059158
   647     43.479691538533     -2.239940518683
   648     42.721253669636     -1.588195170388
   649     43.682635372842     -1.863413666753
   650     42.711136972391     -1.626367557480
   651     42.027919181005     -0.896152897580
   652     41.285097745252     -0.226663304990
   653     41.677948629313      0.692938882313
   654     42.359628108134     -0.038712050957
   655     41.647554336822     -0.740816704275
   656     40.931598323502     -1.438962095286
   657     41.907498786780     -1.220745950665
   658     42.449999833769     -2.060801076247
   659     42.642710312132     -3.042056736882
   660     43.306496851742     -3.789978811589
   661     42.490705266060     -4.368324805550
   662     43.106781946366     -5.156010989244
   663     43.105553267543     -4.156011744070
   664     43.542283697566     -5.055604169278
   665     44.496710099414     -4.757157786396
   666     43.532954610074     -4.490370686320
   667     43.683556359023     -5.478965200372
   668     43.521054648883     -4.492256938421
   669     43.687014368354     -5.478389470849
   670     44.187728470901     -6.344002194595
   671     43.279115246267     -6.761640803945
   672     43.640520583352     -7.694049610385
   673     44.185294643932     -6.855466744521
   674     44.229409920567     -5.856440297240
   675     44.839411520629     -5.064040115563
   676     45.759009035347     -5.456901937233
   677     44.764808653398     -5.564445419294
   678     45.409351743223     -4.799877433200
   679     45.299390114460     -5.793813266240
   680     46.006534551951     -5.086744143363
   681     46.970998402318     -5.350958982718
   682     47.850552073540     -4.875159298564
   683     47.030709380227     -5.447748119815
   684     46.147303568600     -4.979139357644
   685     46.688457267431     -4.138215654660
   686     46.819847462595     -3.146884924472
   687     46.305554208642     -4.004499318555
   688     46.957915134114     -3.246590865694
   689     47.550872090019     -4.051825023219
   690     48.267760745140     -3.354637346795
   691     48.997253840377     -4.038625522133
   692     49.739913166250     -4.708294937363
   693     50.415949310520     -3.971426474446
   694     49.471604200873     -4.300382875639
   695     50.218621167030     -4.965187848749
   696     49.335460001686     -5.434257519510
   697     48.341676633203     -5.545588631635
   698     49.220326473864     -5.068121923364
   699     49.915818074073     -5.786656149436
   700     50.518257384353     -6.584820842610
   701     50.002063191751     -7.441292415708
   702     49.283343920375     -8.136592788893
   703     49.522928057773     -7.165717183521
   704     48.837002921402     -7.893389298759
   705     48.011564626224     -8.457881655530
   706     48.684454686432     -7.718139155147
   707     49.180569959374     -8.586395819938
   708     49.725081436049     -9.425149211448
   709     48.887358908298     -9.971245326157
   710     48.255224159779     -9.196386848940
   711     49.253643301897     -9.252593758218
   712     50.223283823773     -9.497128537622
   713     49.522568896870     -8.783687165668
   714     49.176125847128     -7.845616159141
   715     50.026907240366     -7.320096396505
   716     49.569689234634     -6.430741745517
   717     48.831729555075     -5.755896940140
   718     47.953708169761     -5.277275537639
   719     48.859174289497     -5.701694088142
   720     48.532436124513     -4.756579189549
   721     47.642695309175     -4.300113110280
   722     46.807338602870     -3.750404848354
   723     47.140842767809     -4.693153474430
   724     46.787567221863     -3.757634159484
   725     46.033076785713     -3.101323119078
   726     45.318576478481     -2.401687992055
   727     45.639385939838     -3.348831745402
   728     46.504523888968     -3.850365721295
   729     46.750266107505     -4.819700937837
   730     45.862886665615     -4.358661106465
   731     46.810620433345     -4.677723334727
   732     45.854161727906     -4.385855651025
   733     45.757113902847     -5.381135370325
   734     45.028026345677     -4.696714933766
   735     45.887665638067     -4.185813488299
   736     46.508376969185     -3.401774303423
   737     47.506774963408     -3.345192989083
   738     48.051617732474     -4.183731215401
   739     47.183764747546     -3.686910124312
   740     47.138135013192     -2.687951703083
   741     46.785061350700     -1.752356176772
   742     47.495210906062     -1.048305319930
   743     46.534881370296     -1.327172999547
   744     46.055289564317     -0.449681290392
   745     45.127345640879     -0.076961455991
   746     44.127933561811     -0.042675945741
   747     43.304621469126     -0.610264879776
   748     44.165910382897     -0.102149334831
   749     45.126684391865      0.175183143779
   750     44.576083206041     -0.659585287684
   751     45.262514264522      0.067609598128
   752     44.932183770233     -0.876255733655
   753     45.909196187784     -1.089438134317
   754     45.236672534825     -0.349362505606
   755     44.517863220900     -1.044569791396
   756     44.853637910299     -1.986512124004
   757     44.242842532124     -1.194723638359
   758     44.930340068875     -0.468536928923
   759     44.427685321042      0.395950320538
   760     43.458042035493      0.151426500040
   761     44.358269950784     -0.283992494185
   762     44.236656499218      0.708585043541
   763     45.152504368089      0.307059600904
   764     45.650332272632      1.174335437913
   765     44.764101330733      0.711091746513
   766     44.040771431344      0.020589134896
   767     45.005714078998     -0.241871694064
   768     44.339830513072      0.504183985246
   769     44.915320016200     -0.313625180630
   770     44.091809665012      0.253676063407
   771     45.088146512325      0.168160645574
   772     45.456810910145      1.097723210322
   773     46.160547940589      1.808183759530
   774     45.943385557452      2.784319251841
   775     46.668546219464      3.472898959842
   776     45.851078259680      2.896924885142
   777     46.618947105893      2.256317801967
   778     47.211667202647      1.450909280219
   779     46.297427870997      1.045734695052
   780     47.159185570691      0.538414611654
   781     48.032181724489      0.050687520492
   782     48.440621735678      0.963472685391
   783     49.273260429985      0.409656104977
   784     48.833243894504     -0.488333565623
   785     48.850899127601      0.511510568602
   786     49.031218430179     -0.472097559220
   787     49.086563893950      0.526369705962
   788     49.905584038257      1.100134468927
   789     50.558261037142      1.857770750480
   790     49.849165489433      1.152658345101
   791     50.609394350752      1.802313698668
   792     51.125957049453      2.658563065564
   793     51.643834132162      1.803108024545
   794     50.918248192089      2.491239584328
   795     50.029521696488      2.032801784822
   796     49.034064498891      2.128011909034
   797     48.416955761524      1.341134023803
   798     48.725175518182      2.292449209011
   799     49.443637787586      2.988015142221
   800     50.216958929027      2.354000621725
   801     50.433761789789      1.377785215390
   802     51.143883746848      2.081863908508
   803     50.150330260879      1.968499582022
   804     49.370721615391      1.342232578356
   805     48.683945133032      2.069101248253
   806     49.374547343221      1.345866440405
   807     50.052321636679      0.610596417130
   808     49.181591619967      0.118835054275
   809     49.708066506139     -0.731355626826
   810     50.578262289469     -0.238649529162
   811     51.480187387233     -0.670542013494
   812     50.801860108508      0.064217881259
   813     51.792518865678     -0.072146435345
   814     52.328731129543      0.771936740699
   815     53.228648875297      0.335877053412
   816     52.674572526672     -0.496588801680
   817     52.040027911067     -1.269475035745
   818     51.074611932350     -1.530189415933
   819     50.307715614988     -2.171960433055
   820     50.007224151793     -1.218175928805
   821     50.703221831790     -1.936219959098
   822     49.789354172922     -2.342232153589
   823     49.817983944975     -1.342642069528
   824     49.081992310084     -0.665651439334
   825     49.973984809322     -1.117701637103
   826     50.878632199690     -0.691540753046
   827     51.708111402540     -1.250078354322
   828     50.753063323924     -1.546529307318
   829     50.040761074094     -0.844656452103
   830     51.023051706220     -0.657292864288
   831     50.387369337174     -1.429243591786
   832     49.548179418631     -0.885405122553
   833     48.580583668545     -0.632900737610
   834     48.292126156976     -1.590393434198
   835     49.177175603042     -1.124896411630
   836     50.156278324448     -1.328262733657
   837     51.016657602138     -0.818608440511
   838     51.617983769821     -0.019604785914
   839     51.380766498660      0.951851834971
   840     51.017088483922      0.020327116246
   841     50.687361586471      0.964403476027
   842     50.145045983714      1.804578331047
   843     51.003544368645      1.291762064658
   844     51.839172709596      1.841057318414
   845     50.954911133750      1.374065385418
   846     51.909331772022      1.075600571344
   847     52.011443615047      0.080827646745
   848     52.499094940725      0.953866125030
   849     51.507478146292      0.824652607939
   850     52.191927551076      0.095592245356
   851     53.189286144445      0.022957293480
   852     52.781958990151     -0.890325022880
   853     53.589657481117     -1.479920772263
   854     53.304147982362     -0.521544892913
   855     53.973912018566      0.221029100578
   856     53.719591333378      1.188149046130
   857     52.731258197250      1.035841423109
   858     53.215779568949      0.161061999274
   859     52.418861034615     -0.443024790545
   860     53.113884279019     -1.162012057287
   861     53.438039421863     -0.216008123169
   862     52.715092279942     -0.906911466617
   863     52.593086147955     -1.899440813164
   864     51.675199267498     -1.502598685000
   865     52.601937291100     -1.878306863790
   866     52.358042194738     -0.908505243885
   867     52.025569801768      0.034607743997
   868     52.990362156503      0.297620504610
   869     52.036280924465     -0.001927492669
   870     51.697653466945     -0.942848023327
   871     52.317558236836     -1.727525075538
   872     52.131060455314     -0.745069693606
   873     52.367343429866     -1.716753981807
   874     51.673480564169     -0.996646820610
   875     51.576550868137     -1.991938051370
   876     51.520082613417     -2.990342446497
   877     50.652417436765     -2.493193433396
   878     49.693622066863     -2.209095846898
   879     49.611227313762     -3.205695618452
   880     50.151665741881     -2.364312052287
   881     50.624169752320     -3.245640572261
   882     50.932871063832     -4.196799602219
   883     49.935062932144     -4.130626100444
   884     50.725802755924     -4.742778476155
   885     51.083331467133     -5.676680623417
   886     50.161240875789     -5.289706539848
   887     50.716457110118     -6.121412577542
   888     49.727107222292     -6.266969437428
   889     49.760465736095     -5.267525987523
   890     50.339042760987     -6.083153737337
   891     51.124148842440     -5.463792420442
   892     52.123958067427     -5.483324794322
   893     52.202516030978     -4.486415246588
   894     51.554207059756     -3.725037890848
   895     50.554449192978     -3.703033168300
   896     49.554837590339     -3.675164837344
   897     48.807048587142     -3.011228389560
   898     49.297400474779     -2.139703848144
   899     48.805015308391     -1.269326431203
   900     48.074658606522     -0.586260484142
   901     47.430318954938      0.178478957365
   902     48.430250339622      0.190193304245
   903     47.583962955383      0.722919935151
   904     47.036709797328      1.559887067719
   905     46.092247674350      1.888507362680
   906     45.239305615022      2.410512959804
   907     44.665375175694      3.229417014509
   908     45.379278754821      2.529173000104
   909     44.437356346054      2.865003576233
   910     43.707962151759      2.180909935472
   911     43.305461139488      3.096329475967
   912     42.371821623338      2.738115498179
   913     42.847131906855      3.617933737580
   914     43.091760450185      2.648316866961
   915     42.438643748346      3.405574137497
   916     41.640747706463      4.008369215734
   917     41.144666830195      4.876645533619
   918     40.621674750015      4.024307992460
   919     39.623523191989      3.963534090084
   920     38.623938249299      3.992342810060
   921     37.740098651065      3.524552724023
   922     38.346023763255      4.320074413493
   923     37.392245965962      4.019561662696
   924     38.092562525538      4.733394077471
   925     38.162956531484      5.730913342411
   926     38.631973698803      4.847724293136
   927     39.252158291210      5.632180200973
   928     39.773829208630      6.485326996032
   929     40.740481024861      6.741421248560
   930     39.746154992241      6.847796719679
   931     38.776165631397      7.090944082092
   932     39.062513148465      6.132818255559
   933     39.099478503453      5.133501707847
   934     40.099477129350      5.135159479032
   935     39.792133840025      6.086758187789
   936     40.510085952270      6.782850684891
   937     39.961876718022      5.946509465361
   938     40.196404030143      6.918618996159
   939     40.976431931196      7.544363731318
   940     41.765645643966      8.158482380748
   941     40.812249586256      7.856760725668
   942     40.330270873360      8.732943651954
   943     41.264205754848      9.090386846237
   944     41.737905812378      9.971073087469
   945     42.681987305215     10.300785287551
   946     42.840126025370     11.288202193011
   947     43.601848728404     11.936105367631
   948     44.292272838689     12.659510197541
   949     45.174055739654     13.131165702721
   950     46.108235731938     13.487967807556
   951     45.492240455088     14.275717652937
   952     44.492325320441     14.262689855606
   953     43.511159489167     14.455857170493
   954     42.529935297481     14.648727815356
   955     43.347285698964     15.224868701941
   956     43.857564921942     14.364859914429
   957     44.617488505857     13.714847494079
   958     43.957855880691     12.963259309088
   959     43.409233673491     12.127188933003
   960     43.880563967970     13.009145708308
   961     43.032912555734     12.478592145193
   962     42.859100046889     11.493813382339
   963     42.178186530455     10.761449549850
   964     41.211904227559     11.018934522438
   965     41.226650978473     10.019043261681
   966     42.225009056422      9.961761954140
   967     43.094617322195      9.468019648783
   968     42.533938698753      8.639986146311
   969     41.701225164968      9.193690192397
   970     40.820136077553      9.666640528096
   971     40.509397682261     10.617136003988
   972     41.502793150480     10.502395236507
   973     40.600699302986     10.070855330689
   974     41.564772208544      9.805217545786
   975     42.554602867209      9.947468265176
   976     41.979461746582     10.765522475704
   977     41.852341296979     11.757409763299
   978     40.856605713891     11.849662939797
   979     40.126605584183     12.533109946246
   980     40.985989576699     12.021779179124
   981     40.531379591271     12.912469788230
   982     41.443148724145     13.323172902826
   983     40.443892941998     13.361745974350
   984     40.396536766584     12.362867907392
   985     41.393400371833     12.283729089282
   986     42.146596920000     12.941524619693
   987     42.518573856399     13.869766591803
   988     41.525772041179     13.749997832540
   989     41.328973387198     12.769553907682
   990     42.118979170601     13.382653297821
   991     42.128276883494     12.382696522487
   992     42.003993541000     13.374943291582
   993     42.723614274361     14.069310629607
   994     43.690089801452     13.812551879933
   995     44.005766834417     12.863685181783
   996     44.411209043706     13.777805860318
   997     44.824391220844     14.688454249377
   998     43.831713791233     14.809249616599
   999     42.836652548254     14.908512513601
  1000     41.920979629066     15.310436766497
  1001     40.938650384164     15.123275727255
