# Tuong quan giua sqrt(R2_mean) voi sqrt(N)
############################################################
#       N              sqrt(N)               R_mean
       1       1.000000000000       1.000000000000
      11       3.316624790355       3.133297537621
      21       4.582575694956       4.493870570368
      31       5.567764362830       6.848834374818
      41       6.403124237433       5.232942426181
      51       7.141428428543       5.452136353895
      61       7.810249675907       7.109549187027
      71       8.426149773176       8.148343810979
      81       9.000000000000       8.340661654938
      91       9.539392014169       7.911885407665
     101      10.049875621121       9.544024384990
     111      10.535653752853       8.617744976641
     121      11.000000000000      12.327654789451
     131      11.445523142260      12.656964415273
     141      11.874342087038       9.228714055197
     151      12.288205727445      13.072784730763
     161      12.688577540450      13.377286047323
     171      13.076696830622      13.433436530262
     181      13.453624047074      10.598453085219
     191      13.820274961085      12.966605948850
     201      14.177446878758      13.475297399799
     211      14.525839046334      14.910970897410
     221      14.866068747319      12.268939837961
     231      15.198684153571      19.121320079797
     241      15.524174696260      13.781377785413
     251      15.842979517755      12.667157329449
     261      16.155494421404      12.589129795485
     271      16.462077633154      17.382837386228
     281      16.763054614240      13.299519756757
     291      17.058722109232      18.748098255724
     301      17.349351572897      14.281066770960
     311      17.635192088548      14.280596874244
     321      17.916472867169      19.484527056629
     331      18.193405398660      19.646845683540
     341      18.466185312619      14.337896627156
     351      18.734993995195      20.839860591742
     361      19.000000000000      22.595492464743
     371      19.261360284258      18.695772930709
     381      19.519221295943      14.055908482027
     391      19.773719933285      18.934989463698
     401      20.024984394501      15.496803583284
     411      20.273134932713      23.716018109395
     421      20.518284528683      21.988653376100
     431      20.760539492027      22.329109873203
     441      21.000000000000      21.624304867014
     451      21.236760581595      16.900788402179
     461      21.470910553584      20.230565017316
     471      21.702534414211      18.816787041149
     481      21.931712199461      24.088398239854
     491      22.158519806160      19.896793438308
     501      22.383029285599      23.887568373708
     511      22.605309110915      24.686924680515
     521      22.825424421027      22.897535310791
     531      23.043437243606      21.810745140878
     541      23.259406699226      20.961588627233
     551      23.473389188611      25.615367664169
     561      23.685438564654      23.225183419833
     571      23.895606290697      23.904429035753
     581      24.103941586388      24.052232632248
     591      24.310491562286      22.011553795528
     601      24.515301344263      25.876219348143
     611      24.718414188617      22.684953382968
     621      24.919871588754      20.692616745552
     631      25.119713374161      26.711953477786
     641      25.317977802344      21.915772694045
     651      25.514701644346      28.969916985202
     661      25.709920264365      22.680614640709
     671      25.903667693977      23.161179686938
     681      26.095976701400      24.649446747538
     691      26.286878856190      23.685126049298
     701      26.476404589747      25.103864029361
     711      26.664583251947      26.185609926117
     721      26.851443164195      26.476471899682
     731      27.037011669192      29.082817736655
     741      27.221315177632      26.847270181540
     751      27.404379212089      27.501025458897
     761      27.586228448267      23.738900042836
     771      27.766886753830      25.486042405239
     781      27.946377224964      32.095290607022
     791      28.124722220850      29.404154982359
     801      28.301943396170      28.949687615482
     811      28.478061731796      27.497097117256
     821      28.653097563789      26.073446172956
     831      28.827070610799      27.400460169431
     841      29.000000000000      32.041927439973
     851      29.171904291630      27.748335106655
     861      29.342801502242      32.138368558326
     871      29.512709126747      32.072539623060
     881      29.681644159312      33.782493494034
     891      29.849623113199      27.715122504874
     901      30.016662039607      35.462657094470
     911      30.182776545573      27.817718159310
     921      30.347981810987      35.172297466713
     931      30.512292604785      27.121515210286
     941      30.675723300356      32.633784693954
     951      30.838287890219      27.209047251996
     961      31.000000000000      33.276324229596
     971      31.160872901766      32.401004572999
     981      31.320919526732      29.513039543271
     991      31.480152477394      32.296326545196
    1001      31.638584039113      31.691146475249
    1011      31.796226191169      31.760330628857
    1021      31.953090617341      31.102746986221
    1031      32.109188716005      29.857681235338
    1041      32.264531609803      32.781933517002
    1051      32.419130154895      26.842598567017
    1061      32.572994949805      31.313981567384
    1071      32.726136343907      33.118554676725
    1081      32.878564445547      31.597703487189
    1091      33.030289129827      40.450471525339
    1101      33.181320046074      35.786395392675
    1111      33.331666624998      31.827357036048
    1121      33.481338085566      36.939038178566
    1131      33.630343441600      28.521416552646
    1141      33.778691508109      33.099631392524
    1151      33.926390907375      29.801540861879
    1161      34.073450074802      33.070157795023
    1171      34.219877264537      31.638423273306
    1181      34.365680554879      35.202714268787
    1191      34.510867853475      28.892603391930
    1201      34.655446902327      31.258017579215
    1211      34.799425282611      36.926566551858
    1221      34.942810419312      40.377018943868
    1231      35.085609585698      35.842529032421
    1241      35.227829907617      39.645634535865
    1251      35.369478367655      33.687515523715
    1261      35.510561809129      37.732582306488
    1271      35.651086939952      34.936263892712
    1281      35.791060336347      35.282807971704
    1291      35.930488446443      32.886797565853
    1301      36.069377593743      35.077104925038
    1311      36.207733980463      37.988527129572
    1321      36.345563690772      39.178926447357
    1331      36.482872693909      35.005496538507
    1341      36.619666847201      32.800889632386
    1351      36.755951898978      37.901434306972
    1361      36.891733491393      34.499978967405
    1371      37.027017163147      33.673110083119
    1381      37.161808352124      36.444354068718
    1391      37.296112397943      35.313969774807
    1401      37.429934544426      40.629334468385
    1411      37.563279941986      36.514755650796
    1421      37.696153649942      34.024018869004
    1431      37.828560638755      41.171714304284
    1441      37.960505792205      41.130903359201
    1451      38.091993909482      36.999490504338
    1461      38.223029707233      40.012304530865
    1471      38.353617821530      37.274257918955
    1481      38.483762809788      35.125845300641
    1491      38.613469152616      37.000223663349
    1501      38.742741255621      38.087331611776
    1511      38.871583451154      34.724656996763
    1521      39.000000000000      41.097003154667
    1531      39.127995093028      38.237397960334
    1541      39.255572852781      40.579767568916
    1551      39.382737335030      37.694852331831
    1561      39.509492530277      35.887387193557
    1571      39.635842365213      44.987624522521
    1581      39.761790704142      38.445020510609
    1591      39.887341350358      39.867033166098
    1601      40.012498047485      44.936072775523
    1611      40.137264480779      37.626472179642
    1621      40.261644278395      38.331148500316
    1631      40.385641012617      38.801555544469
    1641      40.509258201058      44.859121143194
    1651      40.632499307820      35.891630622571
    1661      40.755367744630      39.454312030082
    1671      40.877866871939      38.002532669472
    1681      41.000000000000      38.463017464626
    1691      41.121770389904      41.410406735168
    1701      41.243181254603      43.282785625586
    1711      41.364235759893      42.018130890842
    1721      41.484937025383      41.233120926730
    1731      41.605288125429      39.997419662900
    1741      41.725292090050      43.031070031244
    1751      41.844951905815      44.270655172347
    1761      41.964270516715      41.043496891374
    1771      42.083250825002      40.530500472085
    1781      42.201895692018      42.092254865079
    1791      42.320207938998      46.996727166123
    1801      42.438190347846      37.668505581057
    1811      42.555845661906      48.890238917615
    1821      42.673176586704      39.983575388472
    1831      42.790185790669      41.520509038077
    1841      42.906875905850      41.145912989992
    1851      43.023249528598      47.998732250512
    1861      43.139309220246      46.085550522710
    1871      43.255057507764      46.839387449299
    1881      43.370496884403      45.672898802444
    1891      43.485629810318      40.732875889494
    1901      43.600458713183      43.292290032523
    1911      43.714985988789      46.593202156612
    1921      43.829214001622      45.513915410255
    1931      43.943145085440      46.720976985908
    1941      44.056781543821      40.446671971701
    1951      44.170125650716      43.267785013096
    1961      44.283179650969      47.622508374156
    1971      44.395945760846      43.545329939919
    1981      44.508426168536      41.636738187695
    1991      44.620623034646      52.690584577897
    2001      44.732538492690      44.362085521369
    2011      44.844174649557      49.434173601739
    2021      44.955533585978      38.806029715469
    2031      45.066617356975      45.651441300107
    2041      45.177427992306      37.710405683803
    2051      45.287967496897      43.906392225370
    2061      45.398237851265      49.930306464648
    2071      45.508241011931      45.806306821959
    2081      45.617978911828      43.843801350987
    2091      45.727453460695      45.889950001074
    2101      45.836666545463      43.069734344584
    2111      45.945620030641      39.854313030571
    2121      46.054315758678      49.499562268016
    2131      46.162755550335      46.570787644543
    2141      46.270941205037      48.435734847708
    2151      46.378874501221      39.825744836195
    2161      46.486557196678      47.110974894209
    2171      46.593991028887      44.713652918006
    2181      46.701177715342      43.048428059139
    2191      46.808118953874      45.418180692404
    2201      46.914816422960      47.546098442265
    2211      47.021271782035      46.720207028839
    2221      47.127486671793      45.050286838968
    2231      47.233462714478      46.513395583588
    2241      47.339201514178      43.022701437023
    2251      47.444704657106      43.904434616081
    2261      47.549973711875      44.412768016598
    2271      47.655010229775      51.087898818392
    2281      47.759815745038      43.848961723211
    2291      47.864391775097      50.441530654389
    2301      47.968739820846      45.645409617769
    2311      48.072861366888      50.480944075686
    2321      48.176757881784      46.107511295257
    2331      48.280430818293      49.149041263047
    2341      48.383881613612      51.968385410345
    2351      48.487111689603      50.388593378064
    2361      48.590122453025      47.418010711628
    2371      48.692915295759      44.497546110114
    2381      48.795491595023      42.998777831750
    2391      48.897852713591      48.426786266918
    2401      49.000000000000      50.972765789337
    2411      49.101934788764      50.083287150157
    2421      49.203658400570      52.971041683550
    2431      49.305172142484      53.277955220624
    2441      49.406477308142      44.366191603853
    2451      49.507575177946      50.331761744156
    2461      49.608467019250      50.639189983595
    2471      49.709154086546      45.996274783022
    2481      49.809637621649      43.803586040208
    2491      49.909918853871      51.372663767172
    2501      50.009999000200      50.996364967186
    2511      50.109879265470      53.420920832156
    2521      50.209560842533      50.457921266954
    2531      50.309044912421      51.038340132034
    2541      50.408332644514      50.775577258576
    2551      50.507425196698      52.660385255977
    2561      50.606323715520      51.586906936023
    2571      50.705029336349      54.729829814113
    2581      50.803543183522      58.003414321005
    2591      50.901866370498      50.027854369521
    2601      51.000000000000      51.757580939989
    2611      51.097945164165      50.995606298793
    2621      51.195702944681      52.273197806543
    2631      51.293274412929      50.130518567758
    2641      51.390660630118      54.866989130816
    2651      51.487862647424      47.078313838746
    2661      51.584881506116      55.232875701489
    2671      51.681718237690      50.584843638938
    2681      51.778373863998      48.730675572966
    2691      51.874849397372      52.478359309226
    2701      51.971145840745      57.716398434129
    2711      52.067264187779      50.259663216748
    2721      52.163205422980      51.949110489534
    2731      52.258970521816      49.568995374576
    2741      52.354560450834      56.694355820776
    2751      52.449976167773      52.382228951965
    2761      52.545218621679      51.043562866365
    2771      52.640288753007      55.077178090594
    2781      52.735187493741      57.986338443042
    2791      52.829915767489      60.221841152299
    2801      52.924474489597      54.417079761480
    2811      53.018864567246      53.612735058302
    2821      53.113086899558      48.296651225901
    2831      53.207142377692      55.654778923393
    2841      53.301031884946      60.642603577906
    2851      53.394756296850      57.473155702032
    2861      53.488316481265      49.588080563715
    2871      53.581713298475      52.852035623250
    2881      53.674947601279      54.469789955792
    2891      53.768020235080      48.422452460452
    2901      53.860932037981      52.131405944678
    2911      53.953683840865      58.865500972471
    2921      54.046276467487      59.333460187431
    2931      54.138710734557      51.038543368816
    2941      54.230987451825      60.512742943776
    2951      54.323107422164      49.182106205239
    2961      54.415071441651      51.841350405614
    2971      54.506880299647      57.845570150872
    2981      54.598534778875      52.130918959152
    2991      54.690035655501      52.370120399728
    3001      54.781383699209      53.142578622338
    3011      54.872579673276      50.374600619455
    3021      54.963624334645      55.407970848394
    3031      55.054518434003      57.916330185665
    3041      55.145262715849      53.902450705569
    3051      55.235857918566      57.563868269262
    3061      55.326304774492      51.439115325486
    3071      55.416604009990      56.350264618479
    3081      55.506756345512      50.908741398805
    3091      55.596762495671      57.310395825058
    3101      55.686623169303      52.382776811321
    3111      55.776339069537      59.226580919241
    3121      55.865910893854      56.414602545624
    3131      55.955339334151      55.372654498362
    3141      56.044625076808      56.516396834172
    3151      56.133768802745      59.221613729671
    3161      56.222771187482      59.652100603001
    3171      56.311632901204      50.996981278432
    3181      56.400354608814      53.989077412027
    3191      56.488936969994      54.968688915912
    3201      56.577380639263      51.701225489736
    3211      56.665686266029      58.598511572415
    3221      56.753854494651      53.451885030184
    3231      56.841885964489      57.524730011501
    3241      56.929781309961      55.235104391207
    3251      57.017541160594      55.100607864913
    3261      57.105166141077      58.087737598673
    3271      57.192656871315      55.456462158177
    3281      57.280013966479      59.371812031541
    3291      57.367238037054      55.559882427294
    3301      57.454329688893      61.752337075733
    3311      57.541289523263      58.687000914258
    3321      57.628118136896      53.855723770746
    3331      57.714816122032      54.420695668375
    3341      57.801384066474      55.937800318523
    3351      57.887822553625      59.260088409293
    3361      57.974132162543      56.684377844459
    3371      58.060313467979      57.287778644285
    3381      58.146367040427      56.492726182271
    3391      58.232293446163      56.698448828816
    3401      58.318093247293      60.467924956782
    3411      58.403767001795      54.255559747095
    3421      58.489315263559      58.857647296566
    3431      58.574738582430      59.745994976284
    3441      58.660037504250      55.565048080662
    3451      58.745212570898      61.967756190760
    3461      58.830264320331      54.622863663784
    3471      58.915193286622      59.178700486892
    3481      59.000000000000      52.850179127066
    3491      59.084684986890      63.759600281307
    3501      59.169248769948      58.300189819052
    3511      59.253691868102      61.419490161455
    3521      59.338014796587      55.592649055894
    3531      59.422218066982      59.036395744901
    3541      59.506302187247      63.643736071171
    3551      59.590267661758      62.324109408862
    3561      59.674114991343      71.759926445186
    3571      59.757844673315      63.307367310197
    3581      59.841457201509      59.770385661671
    3591      59.924953066315      53.851168774698
    3601      60.008332754710      56.754128104982
    3611      60.091596750294      60.531513968335
    3621      60.174745533322      61.009515078276
    3631      60.257779580731      56.831862221673
    3641      60.340699366182      57.694217652596
    3651      60.423505360083      57.875021009324
    3661      60.506198029623      56.448935980579
    3671      60.588777838804      60.743963543678
    3681      60.671245248470      62.460080340517
    3691      60.753600716336      66.814851988593
    3701      60.835844697021      62.930112857394
    3711      60.917977642072      61.007223595406
    3721      61.000000000000      55.471838576541
    3731      61.081912216302      59.672522975208
    3741      61.163714733492      60.716834207790
    3751      61.245407991130      57.332762884880
    3761      61.326992425848      61.166039280816
    3771      61.408468471376      60.477047509912
    3781      61.489836558573      60.452424214842
    3791      61.571097115449      58.523236241124
    3801      61.652250567193      59.466670778108
    3811      61.733297336203      67.284622369951
    3821      61.814237842102      58.616438965794
    3831      61.895072501775      60.079070184149
    3841      61.975801729385      63.379817692679
    3851      62.056425936401      62.727702324696
    3861      62.136945531624      65.519840767588
    3871      62.217360921209      61.024857558443
    3881      62.297672508690      58.484899679975
    3891      62.377880695003      63.800008847614
    3901      62.457985878509      59.263094422417
    3911      62.537988455018      70.955856168067
    3921      62.617888817813      68.571227816418
    3931      62.697687357669      64.173854113767
    3941      62.777384462878      57.383217613587
    3951      62.856980519271      59.761850512934
    3961      62.936475910238      57.621861669145
    3971      63.015871016753      65.960084813692
    3981      63.095166217389      59.618411991308
    3991      63.174361888348      57.781382557378
    4001      63.253458403474      57.860801310678
    4011      63.332456134276      52.663382293961
    4021      63.411355449951      64.391262011464
    4031      63.490156717400      58.527893209520
    4041      63.568860301251      68.300351200830
    4051      63.647466563878      60.084437770178
    4061      63.725975865419      61.846469473661
    4071      63.804388563797      69.105268647892
    4081      63.882705014738      57.670593737235
    4091      63.960925571790      57.377026083470
    4101      64.039050586341      61.159917349442
    4111      64.117080407642      62.487381171110
    4121      64.195015382816      60.180505845795
    4131      64.272855856886      59.120695964158
    4141      64.350602172785      67.142176252000
    4151      64.428254671378      71.492621114607
    4161      64.505813691481      67.010761166711
    4171      64.583279569870      62.858578320360
    4181      64.660652641309      67.657549551577
    4191      64.737933238558      63.850104327336
    4201      64.815121692395      64.766056790179
    4211      64.892218331630      64.818536397616
    4221      64.969223483123      64.982985805219
    4231      65.046137471798      62.021811839488
    4241      65.122960620660      71.441781213670
    4251      65.199693250812      65.868160216118
    4261      65.276335681470      69.779369303922
    4271      65.352888229978      69.336459386992
    4281      65.429351211822      64.454374105662
    4291      65.505724940649      65.251578472187
    4301      65.582009728278      73.539190556482
    4311      65.658205884718      58.577445036459
    4321      65.734313718179      64.998014650909
    4331      65.810333535092      62.159231746772
    4341      65.886265640117      66.094425764386
    4351      65.962110336162      73.908390902150
    4361      66.037867924396      67.209967011880
    4371      66.113538704262      64.587605818623
    4381      66.189122973492      68.222005425521
    4391      66.264621028117      68.912079494267
    4401      66.340033162488      57.028637915728
    4411      66.415359669281      71.185817754349
    4421      66.490600839517      69.921883728020
    4431      66.565756962570      67.511414068394
    4441      66.640828326185      59.779168229502
    4451      66.715815216484      70.555068799186
    4461      66.790717917986      62.396143972100
    4471      66.865536713617      67.836041271166
    4481      66.940271884718      62.072831792298
    4491      67.014923711066      72.026709340487
    4501      67.089492470878      68.845395348369
    4511      67.163978440828      62.462211147333
    4521      67.238381896057      66.663426624912
    4531      67.312703110186      66.115932651987
    4541      67.386942355326      71.508503276792
    4551      67.461099902092      73.180155062733
    4561      67.535176019612      62.627958348628
    4571      67.609170975541      66.489601988386
    4581      67.683085036071      72.974588320083
    4591      67.756918465940      71.108964392157
    4601      67.830671528446      72.483027293069
    4611      67.904344485460      67.649249970841
    4621      67.977937597429      72.235262494502
    4631      68.051451123396      67.433789045836
    4641      68.124885321004      64.359726000841
    4651      68.198240446510      67.382224206486
    4661      68.271516754793      61.923274687163
    4671      68.344714499367      70.126657243606
    4681      68.417833932389      69.246855432110
    4691      68.490875304671      64.661199552414
    4701      68.563838865688      63.659928809607
    4711      68.636724863589      72.166242183778
    4721      68.709533545208      67.384329142477
    4731      68.782265156071      68.171996867588
    4741      68.854919940408      72.186478536603
    4751      68.927498141163      68.661734636004
    4761      69.000000000000      72.739730793963
    4771      69.072425757316      67.903838337580
    4781      69.144775652250      63.792063665313
    4791      69.217049922689      62.755041178222
    4801      69.289248805280      72.852042579222
    4811      69.361372535439      69.424995100765
    4821      69.433421347360      71.533085030958
    4831      69.505395474021      61.967073494654
    4841      69.577295147196      70.061977766762
    4851      69.649120597463      67.052207486707
    4861      69.720872054213      69.787639095003
    4871      69.792549745657      72.661773321268
    4881      69.864153898834      72.539896326453
    4891      69.935684739623      72.057173266521
    4901      70.007142492749      63.900161148464
    4911      70.078527381788      77.477010325904
    4921      70.149839629182      75.535183470724
    4931      70.221079456243      74.090599185972
    4941      70.292247083160      70.611316834027
    4951      70.363342729009      77.778153596450
    4961      70.434366611761      63.222039984829
    4971      70.505318948289      65.833973902033
    4981      70.576199954376      63.556935422061
    4991      70.647009844720      73.998823628475
    5001      70.717748832949      69.595948580949
    5011      70.788417131618      69.300061624864
    5021      70.859014952227      72.610395446404
    5031      70.929542505221      72.818687678451
    5041      71.000000000000      67.217100937647
    5051      71.070387644926      77.435144998724
    5061      71.140705647330      67.511370264893
    5071      71.210954213520      71.052950836457
    5081      71.281133548787      73.285870208485
    5091      71.351243857413      64.489761267971
    5101      71.421285342676      73.106026073229
    5111      71.491258206861      66.197766416671
    5121      71.561162651259      66.334052423563
    5131      71.630998876185      69.560796650894
    5141      71.700767080973      68.638517120208
    5151      71.770467463992      62.976917457596
    5161      71.840100222647      71.781783498526
    5171      71.909665553387      79.283362223856
    5181      71.979163651712      74.710803594875
    5191      72.048594712180      67.893481983567
    5201      72.117958928411      77.922804250435
    5211      72.187256493096      70.342471753959
    5221      72.256487598001      76.188366842948
    5231      72.325652433974      75.027553934088
    5241      72.394751190953      67.975723820859
    5251      72.463784057969      72.758184657098
    5261      72.532751223154      75.922777417193
    5271      72.601652873747      73.378799045816
    5281      72.670489196097      71.418871973124
    5291      72.739260375673      73.414239926601
    5301      72.807966597070      74.850362574111
    5311      72.876608044008      71.114676063577
    5321      72.945184899348      72.061800375260
    5331      73.013697345087      78.975028122251
    5341      73.082145562374      74.066400247073
    5351      73.150529731506      71.462518590518
    5361      73.218850031942      68.167682907689
    5371      73.287106642301      72.269262287872
    5381      73.355299740373      66.902757134849
    5391      73.423429503123      73.895616080853
    5401      73.491496106693      76.646500006955
    5411      73.559499726412      73.659974389927
    5421      73.627440536800      73.134101763504
    5431      73.695318711571      78.220611759954
    5441      73.763134423640      82.599379623888
    5451      73.830887845129      70.645272031443
    5461      73.898579147369      79.021684245206
    5471      73.966208500909      78.522627975894
    5481      74.033776075518      76.165474184970
    5491      74.101282040191      75.708348767286
    5501      74.168726563155      65.977479830693
    5511      74.236109811870      70.823722145239
    5521      74.303431953040      69.170404416300
    5531      74.370693152612      65.333262304943
    5541      74.437893575786      78.504172105437
    5551      74.505033387014      71.531297049987
    5561      74.572112750009      74.253010495766
    5571      74.639131827748      67.663627671345
    5581      74.706090782479      74.292484735937
    5591      74.772989775720      72.357214423534
    5601      74.839828968271      70.985680742938
    5611      74.906608520210      69.660953165120
    5621      74.973328590906      75.455425658260
    5631      75.039989339018      70.458518148770
    5641      75.106590922502      64.632563614371
    5651      75.173133498611      70.834663260251
    5661      75.239617223907      75.168066382712
    5671      75.306042254257      76.376137448223
    5681      75.372408744845      68.776951843947
    5691      75.438716850169      74.197213860469
    5701      75.504966724051      75.065764606421
    5711      75.571158519636      81.261502839075
    5721      75.637292389403      74.862032459909
    5731      75.703368485161      70.123246540299
    5741      75.769386958058      77.678008202473
    5751      75.835347958587      82.097688175725
    5761      75.901251636584      75.490829592223
    5771      75.967098141235      78.086308891501
    5781      76.032887621081      80.293237291657
    5791      76.098620224022      71.104807411448
    5801      76.164296097318      76.022623967415
    5811      76.229915387596      72.955025651412
    5821      76.295478240850      78.057220301162
    5831      76.360984802450      69.364784212565
    5841      76.426435217142      82.063807250478
    5851      76.491829629053      79.008337782743
    5861      76.557168181693      70.550452567176
    5871      76.622451017962      76.233369015467
    5881      76.687678280151      73.834113901424
    5891      76.752850109947      76.820008484779
    5901      76.817966648435      86.533513502043
    5911      76.883028036102      72.782894442877
    5921      76.948034412843      73.528618394050
    5931      77.012985917961      77.198225290188
    5941      77.077882690173      81.639265391194
    5951      77.142724867611      84.367378903218
    5961      77.207512587830      83.434268028689
    5971      77.272245987806      82.662788291568
    5981      77.336925203941      75.327623072679
    5991      77.401550372069      76.996292097723
    6001      77.466121627457      79.084570908449
    6011      77.530639104808      74.151748042608
    6021      77.595102938265      81.090541147710
    6031      77.659513261416      83.037036533050
    6041      77.723870207292      76.782361570301
    6051      77.788173908378      70.949956506669
    6061      77.852424496608      77.529680452980
    6071      77.916622103374      80.823311700668
    6081      77.980766859528      70.724821982738
    6091      78.044858895381      75.880252596890
    6101      78.108898340714      69.472114232444
    6111      78.172885324772      83.883756466547
    6121      78.236819976275      78.413444484589
    6131      78.300702423414      81.250802482155
    6141      78.364532793860      87.576882789642
    6151      78.428311214765      79.682358352999
    6161      78.492037812762      77.526865980523
    6171      78.555712713971      71.322658397335
    6181      78.619336044004      78.774851566081
    6191      78.682907927961      74.866606764557
    6201      78.746428490440      73.085435295472
    6211      78.809897855536      72.760977032416
    6221      78.873316146844      71.587227392139
    6231      78.936683487464      77.287999241071
    6241      79.000000000000      66.636554110346
    6251      79.063265806568      84.084874702078
    6261      79.126481028793      78.173773082442
    6271      79.189645787817      80.995546990359
    6281      79.252760204298      82.784962233426
    6291      79.315824398414      76.030935679331
    6301      79.378838489865      81.345155223609
    6311      79.441802597877      72.903805625752
    6321      79.504716841204      78.166315769832
    6331      79.567581338130      77.356805279021
    6341      79.630396206474      84.215893128292
    6351      79.693161563587      74.261200864948
    6361      79.755877526362      79.123870648008
    6371      79.818544211230      88.360116536934
    6381      79.881161734166      82.967703381832
    6391      79.943730210693      79.162579893320
    6401      80.006249755878      78.131764867853
    6411      80.068720484344      79.351719125748
    6421      80.131142510263      78.747272687599
    6431      80.193515947363      84.456222030954
    6441      80.255840908933      85.144026699317
    6451      80.318117507820      72.196925207529
    6461      80.380345856434      78.885808497682
    6471      80.442526066752      80.879797298924
    6481      80.504658250315      81.427019297440
    6491      80.566742518238      83.188190174654
    6501      80.628778981205      81.476251461628
    6511      80.690767749477      77.180646466258
    6521      80.752708932890      77.247673801828
    6531      80.814602640859      82.183707398072
    6541      80.876448982383      70.668060660253
    6551      80.938248066041      74.645054391222
    6561      81.000000000000      85.805752919943
    6571      81.061704892014      85.791490471819
    6581      81.123362849428      80.373531010084
    6591      81.184973979179      78.881567503794
    6601      81.246538387798      78.137344844886
    6611      81.308056181414      82.851033582986
    6621      81.369527465753      78.267468889300
    6631      81.430952346144      79.456468056458
    6641      81.492330927517      82.741699065495
    6651      81.553663314409      91.297273439436
    6661      81.614949610963      87.191925262551
    6671      81.676189920931      76.840263258198
    6681      81.737384347678      84.727967035283
    6691      81.798532994180      77.170689717488
    6701      81.859635963031      86.376479999477
    6711      81.920693356441      80.630695917876
    6721      81.981705276238      80.041577271241
    6731      82.042671823875      79.618660316272
    6741      82.103593100424      77.897575240161
    6751      82.164469206586      82.303314436703
    6761      82.225300242687      76.904136630289
    6771      82.286086308683      82.188159538341
    6781      82.346827504161      77.487476883577
    6791      82.407523928340      73.158603465800
    6801      82.468175680077      80.657315642317
    6811      82.528782857861      82.895972104408
    6821      82.589345559824      80.102703273178
    6831      82.649863883735      85.526209262997
    6841      82.710337927009      70.442987896770
    6851      82.770767786701      84.770882002652
    6861      82.831153559515      79.622086157088
    6871      82.891495341802      77.094757684998
    6881      82.951793229562      80.850165505285
    6891      83.012047318446      78.129924556134
    6901      83.072257703761      80.664268383385
    6911      83.132424480464      85.693676817581
    6921      83.192547743172      87.507334476754
    6931      83.252627586161      82.428943992268
    6941      83.312664103364      83.488878891777
    6951      83.372657388379      74.206828801881
    6961      83.432607534465      81.495947418538
    6971      83.492514634547      84.998874194250
    6981      83.552378781217      79.451714921489
    6991      83.612200066737      78.415921639037
    7001      83.671978583036      82.476772371901
    7011      83.731714421717      87.559200112080
    7021      83.791407674057      81.882171068204
    7031      83.851058431006      88.331956006676
    7041      83.910666783193      85.188686290109
    7051      83.970232820923      89.632679411156
    7061      84.029756634183      78.555504129410
    7071      84.089238312640      85.770847988973
    7081      84.148677945646      91.610628259319
    7091      84.208075622235      90.485913822938
    7101      84.267431431129      84.431558757848
    7111      84.326745460737      84.425621274797
    7121      84.386017799159      83.062334412011
    7131      84.445248534183      89.251599438837
    7141      84.504437753292      80.997878152906
    7151      84.563585543661      88.807496035858
    7161      84.622691992160      84.510437276467
    7171      84.681757185358      79.733925040599
    7181      84.740781209522      88.392348766780
    7191      84.799764150615      84.800358074846
    7201      84.858706094307      81.531675104832
    7211      84.917607125967      86.050906482172
    7221      84.976467330667      85.646469556421
    7231      85.035286793190      86.670668640692
    7241      85.094065598019      87.455621494039
    7251      85.152803829351      88.503241848554
    7261      85.211501571091      81.891718969250
    7271      85.270158906853      75.438464574478
    7281      85.328775919967      81.442080559896
    7291      85.387352693476      84.066001356536
    7301      85.445889310136      90.864793460196
    7311      85.504385852423      85.234018530236
    7321      85.562842402529      80.472187213021
    7331      85.621259042366      86.723739571499
    7341      85.679635853568      87.692670056018
    7351      85.737972917489      87.029236385771
    7361      85.796270315207      87.279849277337
    7371      85.854528127525      78.181777008144
    7381      85.912746434973      85.616771952228
    7391      85.970925317807      85.174975893452
    7401      86.029064856012      88.912582623846
    7411      86.087165129304      83.202324052009
    7421      86.145226217127      87.782922650304
    7431      86.203248198661      85.545551067559
    7441      86.261231152819      85.811856271646
    7451      86.319175158246      85.674295855419
    7461      86.377080293328      88.209483446962
    7471      86.434946636184      82.112863160942
    7481      86.492774264675      85.116177607288
    7491      86.550563256399      88.318614136614
    7501      86.608313688699      83.673538234139
    7511      86.666025638655      84.979759543294
    7521      86.723699183095      86.614958501772
    7531      86.781334398591      86.166061213122
    7541      86.838931361458      89.800071593481
    7551      86.896490147761      88.949139115559
    7561      86.954010833313      90.423698900819
    7571      87.011493493676      77.169661820336
    7581      87.068938204161      89.175668637543
    7591      87.126345039833      87.692877619839
    7601      87.183714075508      83.885563627777
    7611      87.241045385759      79.673579020077
    7621      87.298339044910      87.425339768446
    7631      87.355595127044      89.176493099956
    7641      87.412813706001      87.786884774949
    7651      87.469994855379      81.214997571883
    7661      87.527138648536      95.189701979989
    7671      87.584245158590      96.285740048940
    7681      87.641314458422      97.047804273286
    7691      87.698346620675      82.958819787867
    7701      87.755341717755      88.005592319717
    7711      87.812299821836      89.821158895446
    7721      87.869221004855      88.258715669191
    7731      87.926105338517      84.815526530555
    7741      87.982952894297      85.744552779438
    7751      88.039763743436      89.027228857967
    7761      88.096537956948      86.265794463574
    7771      88.153275605618      80.851834079831
    7781      88.209976760001      81.871805751927
    7791      88.266641490429      89.780314049873
    7801      88.323269867006      86.133795615553
    7811      88.379861959612      84.546979326805
    7821      88.436417837902      81.330064313697
    7831      88.492937571311      90.956555807277
    7841      88.549421229052      82.668648139656
    7851      88.605868880114      90.194063396276
    7861      88.662280593271      93.617306384556
    7871      88.718656437076      85.198261899562
    7881      88.774996479865      96.531710360812
    7891      88.831300789755      85.713252154597
    7901      88.887569434652      93.285964629295
    7911      88.943802482242      96.831019248893
    7921      89.000000000000      85.000277138506
    7931      89.056162055189      89.626340105170
    7941      89.112288714857      80.777367567223
    7951      89.168380045844      90.484452491252
    7961      89.224436114777      89.791474569488
    7971      89.280456988078      88.998751560666
    7981      89.336442731956      95.792407493199
    7991      89.392393412415      88.562193414728
    8001      89.448309095253      85.102907687619
    8011      89.504189846063      88.099855823900
    8021      89.560035730230      91.737603784199
    8031      89.615846812938      81.336345885318
    8041      89.671623159169      92.766910055152
    8051      89.727364833701      96.198482457241
    8061      89.783071901111      85.672750061872
    8071      89.838744425777      81.237730316014
    8081      89.894382471876      88.258131487337
    8091      89.949986103390      85.866162702344
    8101      90.005555384098      91.629873578688
    8111      90.061090377588      91.706693096132
    8121      90.116591147247      85.064240994354
    8131      90.172057756269      78.878881442642
    8141      90.227490267656      88.890545920818
    8151      90.282888744213      84.513277657484
    8161      90.338253248555      93.405677366064
    8171      90.393583843102      94.300463384318
    8181      90.448880590088      91.486314496648
    8191      90.504143551552      88.912174101369
    8201      90.559372789347      88.011831192596
    8211      90.614568365137      91.166939591276
    8221      90.669730340395      91.113099513387
    8231      90.724858776413      83.366192353490
    8241      90.779953734291      95.988300463590
    8251      90.835015274948      91.677180769660
    8261      90.890043459116      91.848442735803
    8271      90.945038347345      91.249848986339
    8281      91.000000000000      86.539429322639
    8291      91.054928477266      91.557047437238
    8301      91.109823839145      90.886715029393
    8311      91.164686145459      88.699991441834
    8321      91.219515455850      97.413048159730
    8331      91.274311829780      92.126872342511
    8341      91.329075326536      87.619974681845
    8351      91.383806005222      86.080764797618
    8361      91.438503924769      92.531137774441
    8371      91.493169143931      97.943812279040
    8381      91.547801721287      89.533079216528
    8391      91.602401715239      92.351511175441
    8401      91.656969184018      85.772057322495
    8411      91.711504185680      96.264103523939
    8421      91.766006778109      95.940817400449
    8431      91.820477019018      85.134250945298
    8441      91.874914965947      97.433152291530
    8451      91.929320676267      94.720068263048
    8461      91.983694207180      87.634487111957
    8471      92.038035615717      93.131172111670
    8481      92.092344958742      97.158713502730
    8491      92.146622292952      88.875669591044
    8501      92.200867674876      88.650036222441
    8511      92.255081160877      81.096366272081
    8521      92.309262807153      94.710586569510
    8531      92.363412669736      96.447894240665
    8541      92.417530804496     108.100556916446
    8551      92.471617267138      88.378817584583
    8561      92.525672113203      88.949789659375
    8571      92.579695398073      94.144424685662
    8581      92.633687176966      90.112702439103
    8591      92.687647504940      98.590897651160
    8601      92.741576436893      85.774306835879
    8611      92.795474027562      95.246241318759
    8621      92.849340331528      89.037638186186
    8631      92.903175403212      98.478352780890
    8641      92.956979296877      91.582427371348
    8651      93.010752066629      88.951711676881
    8661      93.064493766420      93.200450730721
    8671      93.118204450043      98.872334509124
    8681      93.171884171138      89.693581050327
    8691      93.225532983191     101.360982627379
    8701      93.279150939532      93.282648317143
    8711      93.332738093340      95.911429098391
    8721      93.386294497640      86.332506599990
    8731      93.439820205306      90.749903050434
    8741      93.493315269061      89.325482589315
    8751      93.546779741475      91.709427586409
    8761      93.600213674970      89.318776958746
    8771      93.653617121818     103.232502583082
    8781      93.706990134141     102.494818780724
    8791      93.760332763915      91.722264838774
    8801      93.813645062965      86.746267508191
    8811      93.866927082972      94.443059122718
    8821      93.920178875469      88.983159108639
    8831      93.973400491841      98.577795919199
    8841      94.026591983332      97.199534758369
    8851      94.079753401037      90.754550505404
    8861      94.132884795910      97.152543402004
    8871      94.185986218758      82.089641931407
    8881      94.239057720247      90.932789137084
    8891      94.292099350900      92.120015923276
    8901      94.345111161098      90.918197240164
    8911      94.398093201081     102.894331766408
    8921      94.451045520947      87.718989700135
    8931      94.503968170654      90.878199783137
    8941      94.556861200021      87.679278794991
    8951      94.609724658726      88.718951861632
    8961      94.662558596311      99.308781922639
    8971      94.715363062177      88.394831032141
    8981      94.768138105589      98.557634630372
    8991      94.820883775675      97.358053616750
    9001      94.873600121425      98.187865613677
    9011      94.926287191694      98.165753318974
    9021      94.978945035202      99.599919627669
    9031      95.031573700534      99.439823694475
    9041      95.084173236139      87.151713653819
    9051      95.136743690332      94.598562615427
    9061      95.189285111298     100.550997866830
    9071      95.241797547085      98.162912132081
    9081      95.294281045612     103.295421161144
    9091      95.346735654662      96.855159382740
    9101      95.399161421891      97.719501627405
    9111      95.451558394821      95.871510184928
    9121      95.503926620846     101.824449249807
    9131      95.556266147229     100.711943382146
    9141      95.608577021102     103.794960855138
    9151      95.660859289471      96.287680604756
    9161      95.713112999212      84.607292500707
    9171      95.765338197074      87.409627160500
    9181      95.817534929678      92.081942286518
    9191      95.869703243517     101.787459316489
    9201      95.921843184960      96.677898317719
    9211      95.973954800248      97.620529497795
    9221      96.026038135497      97.994472689963
    9231      96.078093236700     104.672338694232
    9241      96.130120149722      98.320270375673
    9251      96.182118920307      97.937331808181
    9261      96.234089594073      98.940238712746
    9271      96.286032216516     102.373543853044
    9281      96.337946833011     100.569000891091
    9291      96.389833488807      93.265875259044
    9301      96.441692229035      89.918831842447
    9311      96.493523098703     101.685698963465
    9321      96.545326142698      92.156973742973
    9331      96.597101405788      96.944885523129
    9341      96.648848932618     101.328990749361
    9351      96.700568767717      95.900750775277
    9361      96.752260955494      95.368552618881
    9371      96.803925540238     100.377386225263
    9381      96.855562566122     101.706045241269
    9391      96.907172077200      92.781200521888
    9401      96.958754117408      95.732626709232
    9411      97.010308730567      96.580547190869
    9421      97.061835960381      94.486550842074
    9431      97.113335850438     102.301487948993
    9441      97.164808444210      91.628619681940
    9451      97.216253785054      94.266489689383
    9461      97.267671916213      91.413509729565
    9471      97.319062880815      96.809560680096
    9481      97.370426721875      95.703229424902
    9491      97.421763482294      92.284846352543
    9501      97.473073204860      93.458738097894
    9511      97.524355932249      92.509696747030
    9521      97.575611707024      86.848118706125
    9531      97.626840571638      91.741615220478
    9541      97.678042568430      94.977039449807
    9551      97.729217739630      96.680433687659
    9561      97.780366127357      96.068015190313
    9571      97.831487773620      99.227891431905
    9581      97.882582720319      91.008102825590
    9591      97.933651009242      99.701817545625
    9601      97.984692682072      93.082749557615
    9611      98.035707780380      95.029454290161
    9621      98.086696345631     100.849792089162
    9631      98.137658419182     103.812868720813
    9641      98.188594042282      98.965716244507
    9651      98.239503256073     102.124058876377
    9661      98.290386101592      96.196457457758
    9671      98.341242619768      93.467484683782
    9681      98.392072851424     100.621633033854
    9691      98.442876837281      96.772526049022
    9701      98.493654617950     102.010458868669
    9711      98.544406233941      95.443578768286
    9721      98.595131725659      99.387179545359
    9731      98.645831133404      99.719579876836
    9741      98.696504497373      94.747480696141
    9751      98.747151857661      96.157287299308
    9761      98.797773254259      97.383165486791
    9771      98.848368727056      97.879354051608
    9781      98.898938315838      97.745776735961
    9791      98.949482060292     100.673559046247
    9801      99.000000000000     101.491565574362
    9811      99.050492174446      97.007228950523
    9821      99.100958623012      95.559379231610
    9831      99.151399384981     105.361316903778
    9841      99.201814499534      90.540311107347
    9851      99.252204005755      98.676504717897
    9861      99.302567942627      95.044277497196
    9871      99.352906349034     104.898439920117
    9881      99.403219263764      98.939781714378
    9891      99.453506725505      96.857654521400
    9901      99.503768772846      93.850110978273
    9911      99.554005444281     107.515880600148
    9921      99.604216778207      89.175880576958
    9931      99.654402812921      95.182973316805
    9941      99.704563586628      90.730908573539
    9951      99.754699137434     100.067023631576
    9961      99.804809503350      99.596509778854
    9971      99.854894722292     104.014549416499
    9981      99.904954832080     103.891513005251
    9991      99.954989870441      96.096229281241
