# Giai bai toan dong dien RK4
#
#                    t                    x                    y
        0.00000000e+00       2.00000000e+00       1.00000000e+00
        5.00000000e-02       2.05094400e+00       9.87890346e-01
        1.00000000e-01       2.10380196e+00       9.76560647e-01
        1.50000000e-01       2.15861248e+00       9.66010682e-01
        2.00000000e-01       2.21541362e+00       9.56241468e-01
        2.50000000e-01       2.27424254e+00       9.47255336e-01
        3.00000000e-01       2.33513522e+00       9.39056010e-01
        3.50000000e-01       2.39812612e+00       9.31648695e-01
        4.00000000e-01       2.46324776e+00       9.25040165e-01
        4.50000000e-01       2.53053037e+00       9.19238865e-01
        5.00000000e-01       2.60000132e+00       9.14255011e-01
        5.50000000e-01       2.67168470e+00       9.10100707e-01
        6.00000000e-01       2.74560071e+00       9.06790063e-01
        6.50000000e-01       2.82176501e+00       9.04339324e-01
        7.00000000e-01       2.90018812e+00       9.02767007e-01
        7.50000000e-01       2.98087457e+00       9.02094051e-01
        8.00000000e-01       3.06382216e+00       9.02343969e-01
        8.50000000e-01       3.14902106e+00       9.03543018e-01
        9.00000000e-01       3.23645277e+00       9.05720375e-01
        9.50000000e-01       3.32608917e+00       9.08908320e-01
        1.00000000e+00       3.41789127e+00       9.13142437e-01
        1.05000000e+00       3.51180807e+00       9.18461813e-01
        1.10000000e+00       3.60777516e+00       9.24909252e-01
        1.15000000e+00       3.70571334e+00       9.32531494e-01
        1.20000000e+00       3.80552705e+00       9.41379432e-01
        1.25000000e+00       3.90710281e+00       9.51508336e-01
        1.30000000e+00       4.01030744e+00       9.62978074e-01
        1.35000000e+00       4.11498634e+00       9.75853314e-01
        1.40000000e+00       4.22096152e+00       9.90203729e-01
        1.45000000e+00       4.32802974e+00       1.00610416e+00
        1.50000000e+00       4.43596048e+00       1.02363475e+00
        1.55000000e+00       4.54449395e+00       1.04288106e+00
        1.60000000e+00       4.65333913e+00       1.06393407e+00
        1.65000000e+00       4.76217178e+00       1.08689017e+00
        1.70000000e+00       4.87063267e+00       1.11185098e+00
        1.75000000e+00       4.97832594e+00       1.13892313e+00
        1.80000000e+00       5.08481764e+00       1.16821779e+00
        1.85000000e+00       5.18963470e+00       1.19985013e+00
        1.90000000e+00       5.29226433e+00       1.23393850e+00
        1.95000000e+00       5.39215390e+00       1.27060334e+00
        2.00000000e+00       5.48871160e+00       1.30996584e+00
        2.05000000e+00       5.58130790e+00       1.35214625e+00
        2.10000000e+00       5.66927800e+00       1.39726182e+00
        2.15000000e+00       5.75192543e+00       1.44542431e+00
        2.20000000e+00       5.82852696e+00       1.49673703e+00
        2.25000000e+00       5.89833899e+00       1.55129149e+00
        2.30000000e+00       5.96060553e+00       1.60916347e+00
        2.35000000e+00       6.01456780e+00       1.67040871e+00
        2.40000000e+00       6.05947560e+00       1.73505813e+00
        2.45000000e+00       6.09460040e+00       1.80311270e+00
        2.50000000e+00       6.11924990e+00       1.87453806e+00
        2.55000000e+00       6.13278405e+00       1.94925912e+00
        2.60000000e+00       6.13463202e+00       2.02715463e+00
        2.65000000e+00       6.12430969e+00       2.10805228e+00
        2.70000000e+00       6.10143715e+00       2.19172428e+00
        2.75000000e+00       6.06575536e+00       2.27788403e+00
        2.80000000e+00       6.01714131e+00       2.36618403e+00
        2.85000000e+00       5.95562069e+00       2.45621533e+00
        2.90000000e+00       5.88137732e+00       2.54750900e+00
        2.95000000e+00       5.79475858e+00       2.63953963e+00
        3.00000000e+00       5.69627603e+00       2.73173113e+00
        3.05000000e+00       5.58660104e+00       2.82346473e+00
        3.10000000e+00       5.46655505e+00       2.91408918e+00
        3.15000000e+00       5.33709466e+00       3.00293273e+00
        3.20000000e+00       5.19929212e+00       3.08931661e+00
        3.25000000e+00       5.05431179e+00       3.17256934e+00
        3.30000000e+00       4.90338377e+00       3.25204137e+00
        3.35000000e+00       4.74777582e+00       3.32711936e+00
        3.40000000e+00       4.58876488e+00       3.39723932e+00
        3.45000000e+00       4.42760951e+00       3.46189827e+00
        3.50000000e+00       4.26552438e+00       3.52066368e+00
        3.55000000e+00       4.10365787e+00       3.57318055e+00
        3.60000000e+00       3.94307340e+00       3.61917582e+00
        3.65000000e+00       3.78473512e+00       3.65846011e+00
        3.70000000e+00       3.62949786e+00       3.69092700e+00
        3.75000000e+00       3.47810155e+00       3.71654992e+00
        3.80000000e+00       3.33116959e+00       3.73537721e+00
        3.85000000e+00       3.18921064e+00       3.74752558e+00
        3.90000000e+00       3.05262352e+00       3.75317247e+00
        3.95000000e+00       2.92170427e+00       3.75254771e+00
        4.00000000e+00       2.79665486e+00       3.74592489e+00
        4.05000000e+00       2.67759307e+00       3.73361275e+00
        4.10000000e+00       2.56456276e+00       3.71594687e+00
        4.15000000e+00       2.45754432e+00       3.69328187e+00
        4.20000000e+00       2.35646478e+00       3.66598436e+00
        4.25000000e+00       2.26120736e+00       3.63442656e+00
        4.30000000e+00       2.17162035e+00       3.59898081e+00
        4.35000000e+00       2.08752509e+00       3.56001492e+00
        4.40000000e+00       2.00872299e+00       3.51788825e+00
        4.45000000e+00       1.93500174e+00       3.47294863e+00
        4.50000000e+00       1.86614054e+00       3.42552990e+00
        4.55000000e+00       1.80191454e+00       3.37595014e+00
        4.60000000e+00       1.74209847e+00       3.32451039e+00
        4.65000000e+00       1.68646960e+00       3.27149385e+00
        4.70000000e+00       1.63481008e+00       3.21716549e+00
        4.75000000e+00       1.58690876e+00       3.16177199e+00
        4.80000000e+00       1.54256252e+00       3.10554189e+00
        4.85000000e+00       1.50157726e+00       3.04868604e+00
        4.90000000e+00       1.46376854e+00       2.99139815e+00
        4.95000000e+00       1.42896195e+00       2.93385545e+00
        5.00000000e+00       1.39699332e+00       2.87621950e+00
        5.05000000e+00       1.36770869e+00       2.81863697e+00
        5.10000000e+00       1.34096418e+00       2.76124056e+00
        5.15000000e+00       1.31662582e+00       2.70414980e+00
        5.20000000e+00       1.29456918e+00       2.64747196e+00
        5.25000000e+00       1.27467905e+00       2.59130293e+00
        5.30000000e+00       1.25684908e+00       2.53572798e+00
        5.35000000e+00       1.24098130e+00       2.48082263e+00
        5.40000000e+00       1.22698579e+00       2.42665338e+00
        5.45000000e+00       1.21478019e+00       2.37327845e+00
        5.50000000e+00       1.20428932e+00       2.32074846e+00
        5.55000000e+00       1.19544478e+00       2.26910710e+00
        5.60000000e+00       1.18818454e+00       2.21839168e+00
        5.65000000e+00       1.18245259e+00       2.16863380e+00
        5.70000000e+00       1.17819859e+00       2.11985977e+00
        5.75000000e+00       1.17537751e+00       2.07209116e+00
        5.80000000e+00       1.17394934e+00       2.02534525e+00
        5.85000000e+00       1.17387880e+00       1.97963544e+00
        5.90000000e+00       1.17513505e+00       1.93497165e+00
        5.95000000e+00       1.17769145e+00       1.89136067e+00
        6.00000000e+00       1.18152530e+00       1.84880648e+00
        6.05000000e+00       1.18661768e+00       1.80731059e+00
        6.10000000e+00       1.19295317e+00       1.76687228e+00
        6.15000000e+00       1.20051973e+00       1.72748887e+00
        6.20000000e+00       1.20930848e+00       1.68915599e+00
        6.25000000e+00       1.21931358e+00       1.65186775e+00
        6.30000000e+00       1.23053207e+00       1.61561694e+00
        6.35000000e+00       1.24296374e+00       1.58039525e+00
        6.40000000e+00       1.25661097e+00       1.54619341e+00
        6.45000000e+00       1.27147870e+00       1.51300136e+00
        6.50000000e+00       1.28757422e+00       1.48080836e+00
        6.55000000e+00       1.30490716e+00       1.44960317e+00
        6.60000000e+00       1.32348936e+00       1.41937412e+00
        6.65000000e+00       1.34333477e+00       1.39010925e+00
        6.70000000e+00       1.36445940e+00       1.36179640e+00
        6.75000000e+00       1.38688123e+00       1.33442332e+00
        6.80000000e+00       1.41062012e+00       1.30797774e+00
        6.85000000e+00       1.43569778e+00       1.28244744e+00
        6.90000000e+00       1.46213765e+00       1.25782036e+00
        6.95000000e+00       1.48996487e+00       1.23408467e+00
        7.00000000e+00       1.51920618e+00       1.21122878e+00
        7.05000000e+00       1.54988985e+00       1.18924149e+00
        7.10000000e+00       1.58204565e+00       1.16811197e+00
        7.15000000e+00       1.61570469e+00       1.14782989e+00
        7.20000000e+00       1.65089943e+00       1.12838540e+00
        7.25000000e+00       1.68766350e+00       1.10976927e+00
        7.30000000e+00       1.72603169e+00       1.09197287e+00
        7.35000000e+00       1.76603977e+00       1.07498827e+00
        7.40000000e+00       1.80772443e+00       1.05880828e+00
        7.45000000e+00       1.85112314e+00       1.04342650e+00
        7.50000000e+00       1.89627399e+00       1.02883737e+00
        7.55000000e+00       1.94321559e+00       1.01503624e+00
        7.60000000e+00       1.99198684e+00       1.00201944e+00
        7.65000000e+00       2.04262681e+00       9.89784316e-01
        7.70000000e+00       2.09517449e+00       9.78329287e-01
        7.75000000e+00       2.14966856e+00       9.67653946e-01
        7.80000000e+00       2.20614718e+00       9.57759106e-01
        7.85000000e+00       2.26464767e+00       9.48646882e-01
        7.90000000e+00       2.32520624e+00       9.40320769e-01
        7.95000000e+00       2.38785760e+00       9.32785725e-01
        8.00000000e+00       2.45263464e+00       9.26048268e-01
        8.05000000e+00       2.51956794e+00       9.20116566e-01
        8.10000000e+00       2.58868541e+00       9.15000544e-01
        8.15000000e+00       2.66001168e+00       9.10711994e-01
        8.20000000e+00       2.73356761e+00       9.07264696e-01
        8.25000000e+00       2.80936966e+00       9.04674541e-01
        8.30000000e+00       2.88742919e+00       9.02959674e-01
        8.35000000e+00       2.96775178e+00       9.02140631e-01
        8.40000000e+00       3.05033635e+00       9.02240502e-01
        8.45000000e+00       3.13517436e+00       9.03285091e-01
        8.50000000e+00       3.22224879e+00       9.05303093e-01
        8.55000000e+00       3.31153312e+00       9.08326278e-01
        8.60000000e+00       3.40299021e+00       9.12389683e-01
        8.65000000e+00       3.49657105e+00       9.17531818e-01
        8.70000000e+00       3.59221350e+00       9.23794877e-01
        8.75000000e+00       3.68984083e+00       9.31224951e-01
        8.80000000e+00       3.78936022e+00       9.39872250e-01
        8.85000000e+00       3.89066118e+00       9.49791327e-01
        8.90000000e+00       3.99361383e+00       9.61041295e-01
        8.95000000e+00       4.09806711e+00       9.73686038e-01
        9.00000000e+00       4.20384694e+00       9.87794411e-01
        9.05000000e+00       4.31075427e+00       1.00344041e+00
        9.10000000e+00       4.41856310e+00       1.02070333e+00
        9.15000000e+00       4.52701847e+00       1.03966785e+00
        9.20000000e+00       4.63583452e+00       1.06042408e+00
        9.25000000e+00       4.74469248e+00       1.08306754e+00
        9.30000000e+00       4.85323886e+00       1.10769904e+00
        9.35000000e+00       4.96108378e+00       1.13442440e+00
        9.40000000e+00       5.06779951e+00       1.16335412e+00
        9.45000000e+00       5.17291931e+00       1.19460278e+00
        9.50000000e+00       5.27593680e+00       1.22828827e+00
        9.55000000e+00       5.37630573e+00       1.26453077e+00
        9.60000000e+00       5.47344053e+00       1.30345147e+00
        9.65000000e+00       5.56671757e+00       1.34517089e+00
        9.70000000e+00       5.65547752e+00       1.38980694e+00
        9.75000000e+00       5.73902871e+00       1.43747241e+00
        9.80000000e+00       5.81665181e+00       1.48827221e+00
        9.85000000e+00       5.88760602e+00       1.54230000e+00
        9.90000000e+00       5.95113671e+00       1.59963435e+00
        9.95000000e+00       6.00648484e+00       1.66033456e+00
        1.00000000e+01       6.05289800e+00       1.72443586e+00
        1.00500000e+01       6.08964321e+00       1.79194439e+00
        1.01000000e+01       6.11602132e+00       1.86283184e+00
        1.01500000e+01       6.13138276e+00       1.93703004e+00
        1.02000000e+01       6.13514438e+00       2.01442550e+00
        1.02500000e+01       6.12680694e+00       2.09485443e+00
        1.03000000e+01       6.10597263e+00       2.17809822e+00
        1.03500000e+01       6.07236191e+00       2.26387991e+00
        1.04000000e+01       6.02582897e+00       2.35186186e+00
        1.04500000e+01       5.96637486e+00       2.44164495e+00
        1.05000000e+01       5.89415751e+00       2.53276972e+00
        1.05500000e+01       5.80949783e+00       2.62471951e+00
        1.06000000e+01       5.71288115e+00       2.71692588e+00
        1.06500000e+01       5.60495367e+00       2.80877630e+00
        1.07000000e+01       5.48651358e+00       2.89962398e+00
        1.07500000e+01       5.35849696e+00       2.98879958e+00
        1.08000000e+01       5.22195896e+00       3.07562450e+00
        1.08500000e+01       5.07805085e+00       3.15942511e+00
        1.09000000e+01       4.92799404e+00       3.23954736e+00
        1.09500000e+01       4.77305214e+00       3.31537116e+00
        1.10000000e+01       4.61450253e+00       3.38632375e+00
        1.10500000e+01       4.45360851e+00       3.45189165e+00
        1.11000000e+01       4.29159340e+00       3.51163046e+00
        1.11500000e+01       4.12961760e+00       3.56517236e+00
        1.12000000e+01       3.96875929e+00       3.61223092e+00
        1.12500000e+01       3.80999933e+00       3.65260331e+00
        1.13000000e+01       3.65421064e+00       3.68616990e+00
        1.13500000e+01       3.50215183e+00       3.71289159e+00
        1.14000000e+01       3.35446498e+00       3.73280509e+00
        1.14500000e+01       3.21167694e+00       3.74601659e+00
        1.15000000e+01       3.07420376e+00       3.75269434e+00
        1.15500000e+01       2.94235745e+00       3.75306031e+00
        1.16000000e+01       2.81635446e+00       3.74738165e+00
        1.16500000e+01       2.69632542e+00       3.73596203e+00
        1.17000000e+01       2.58232536e+00       3.71913323e+00
        1.17500000e+01       2.47434418e+00       3.69724733e+00
        1.18000000e+01       2.37231681e+00       3.67066945e+00
        1.18500000e+01       2.27613293e+00       3.63977131e+00
        1.19000000e+01       2.18564586e+00       3.60492556e+00
        1.19500000e+01       2.10068076e+00       3.56650102e+00
        1.20000000e+01       2.02104183e+00       3.52485865e+00
        1.20500000e+01       1.94651858e+00       3.48034829e+00
        1.21000000e+01       1.87689125e+00       3.43330619e+00
        1.21500000e+01       1.81193538e+00       3.38405305e+00
        1.22000000e+01       1.75142555e+00       3.33289271e+00
        1.22500000e+01       1.69513845e+00       3.28011128e+00
        1.23000000e+01       1.64285530e+00       3.22597668e+00
        1.23500000e+01       1.59436378e+00       3.17073851e+00
        1.24000000e+01       1.54945941e+00       3.11462821e+00
        1.24500000e+01       1.50794658e+00       3.05785945e+00
        1.25000000e+01       1.46963927e+00       3.00062863e+00
        1.25500000e+01       1.43436144e+00       2.94311560e+00
        1.26000000e+01       1.40194726e+00       2.88548436e+00
        1.26500000e+01       1.37224115e+00       2.82788395e+00
        1.27000000e+01       1.34509762e+00       2.77044922e+00
        1.27500000e+01       1.32038112e+00       2.71330178e+00
        1.28000000e+01       1.29796570e+00       2.65655081e+00
        1.28500000e+01       1.27773471e+00       2.60029397e+00
        1.29000000e+01       1.25958040e+00       2.54461819e+00
        1.29500000e+01       1.24340347e+00       2.48960049e+00
        1.30000000e+01       1.22911275e+00       2.43530878e+00
        1.30500000e+01       1.21662468e+00       2.38180256e+00
        1.31000000e+01       1.20586296e+00       2.32913363e+00
        1.31500000e+01       1.19675812e+00       2.27734674e+00
        1.32000000e+01       1.18924714e+00       2.22648022e+00
        1.32500000e+01       1.18327306e+00       2.17656651e+00
        1.33000000e+01       1.17878465e+00       2.12763275e+00
        1.33500000e+01       1.17573606e+00       2.07970125e+00
        1.34000000e+01       1.17408648e+00       2.03278994e+00
        1.34500000e+01       1.17379990e+00       1.98691283e+00
        1.35000000e+01       1.17484478e+00       1.94208036e+00
        1.35500000e+01       1.17719381e+00       1.89829981e+00
        1.36000000e+01       1.18082369e+00       1.85557558e+00
        1.36500000e+01       1.18571490e+00       1.81390956e+00
        1.37000000e+01       1.19185146e+00       1.77330138e+00
        1.37500000e+01       1.19922080e+00       1.73374865e+00
        1.38000000e+01       1.20781356e+00       1.69524727e+00
        1.38500000e+01       1.21762341e+00       1.65779155e+00
        1.39000000e+01       1.22864694e+00       1.62137451e+00
        1.39500000e+01       1.24088349e+00       1.58598800e+00
        1.40000000e+01       1.25433506e+00       1.55162288e+00
        1.40500000e+01       1.26900616e+00       1.51826922e+00
        1.41000000e+01       1.28490373e+00       1.48591637e+00
        1.41500000e+01       1.30203702e+00       1.45455317e+00
        1.42000000e+01       1.32041752e+00       1.42416801e+00
        1.42500000e+01       1.34005884e+00       1.39474896e+00
        1.43000000e+01       1.36097668e+00       1.36628391e+00
        1.43500000e+01       1.38318870e+00       1.33876059e+00
        1.44000000e+01       1.40671446e+00       1.31216674e+00
        1.44500000e+01       1.43157538e+00       1.28649013e+00
        1.45000000e+01       1.45779463e+00       1.26171867e+00
        1.45500000e+01       1.48539707e+00       1.23784047e+00
        1.46000000e+01       1.51440919e+00       1.21484393e+00
        1.46500000e+01       1.54485904e+00       1.19271775e+00
        1.47000000e+01       1.57677614e+00       1.17145106e+00
        1.47500000e+01       1.61019138e+00       1.15103343e+00
        1.48000000e+01       1.64513702e+00       1.13145495e+00
        1.48500000e+01       1.68164651e+00       1.11270626e+00
        1.49000000e+01       1.71975445e+00       1.09477864e+00
        1.49500000e+01       1.75949647e+00       1.07766406e+00
        1.50000000e+01       1.80090912e+00       1.06135518e+00
        1.50500000e+01       1.84402974e+00       1.04584548e+00
        1.51000000e+01       1.88889635e+00       1.03112927e+00
        1.51500000e+01       1.93554747e+00       1.01720175e+00
        1.52000000e+01       1.98402198e+00       1.00405908e+00
        1.52500000e+01       2.03435893e+00       9.91698438e-01
        1.53000000e+01       2.08659732e+00       9.80118070e-01
        1.53500000e+01       2.14077593e+00       9.69317374e-01
        1.54000000e+01       2.19693299e+00       9.59296963e-01
        1.54500000e+01       2.25510600e+00       9.50058737e-01
        1.55000000e+01       2.31533135e+00       9.41605963e-01
        1.55500000e+01       2.37764404e+00       9.33943360e-01
        1.56000000e+01       2.44207724e+00       9.27077187e-01
        1.56500000e+01       2.50866198e+00       9.21015340e-01
        1.57000000e+01       2.57742659e+00       9.15767454e-01
        1.57500000e+01       2.64839629e+00       9.11345014e-01
        1.58000000e+01       2.72159258e+00       9.07761472e-01
        1.58500000e+01       2.79703266e+00       9.05032371e-01
        1.59000000e+01       2.87472877e+00       9.03175482e-01
        1.59500000e+01       2.95468746e+00       9.02210949e-01
        1.60000000e+01       3.03690880e+00       9.02161440e-01
        1.60500000e+01       3.12138550e+00       9.03052311e-01
        1.61000000e+01       3.20810195e+00       9.04911779e-01
        1.61500000e+01       3.29703326e+00       9.07771107e-01
        1.62000000e+01       3.38814406e+00       9.11664795e-01
        1.62500000e+01       3.48138735e+00       9.16630781e-01
        1.63000000e+01       3.57670318e+00       9.22710650e-01
        1.63500000e+01       3.67401726e+00       9.29949853e-01
        1.64000000e+01       3.77323948e+00       9.38397923e-01
        1.64500000e+01       3.87426229e+00       9.48108700e-01
        1.65000000e+01       3.97695905e+00       9.59140548e-01
        1.65500000e+01       4.08118223e+00       9.71556573e-01
        1.66000000e+01       4.18676157e+00       9.85424816e-01
        1.66500000e+01       4.29350217e+00       1.00081844e+00
        1.67000000e+01       4.40118250e+00       1.01781587e+00
        1.67500000e+01       4.50955240e+00       1.03650093e+00
        1.68000000e+01       4.61833109e+00       1.05696284e+00
        1.68500000e+01       4.72720522e+00       1.07929627e+00
        1.69000000e+01       4.83582702e+00       1.10360118e+00
        1.69500000e+01       4.94381255e+00       1.12998263e+00
        1.70000000e+01       5.05074024e+00       1.15855038e+00
        1.70500000e+01       5.15614970e+00       1.18941840e+00
        1.71000000e+01       5.25954094e+00       1.22270411e+00
        1.71500000e+01       5.36037410e+00       1.25852741e+00
        1.72000000e+01       5.45806986e+00       1.29700943e+00
        1.72500000e+01       5.55201061e+00       1.33827092e+00
        1.73000000e+01       5.64154253e+00       1.38243035e+00
        1.73500000e+01       5.72597887e+00       1.42960153e+00
        1.74000000e+01       5.80460438e+00       1.47989085e+00
        1.74500000e+01       5.87668124e+00       1.53339400e+00
        1.75000000e+01       5.94145645e+00       1.59019228e+00
        1.75500000e+01       5.99817097e+00       1.65034837e+00
        1.76000000e+01       6.04607051e+00       1.71390171e+00
        1.76500000e+01       6.08441805e+00       1.78086348e+00
        1.77000000e+01       6.11250795e+00       1.85121128e+00
        1.77500000e+01       6.12968156e+00       1.92488369e+00
        1.78000000e+01       6.13534389e+00       2.00177488e+00
        1.78500000e+01       6.12898103e+00       2.08172945e+00
        1.79000000e+01       6.11017769e+00       2.16453788e+00
        1.79500000e+01       6.07863424e+00       2.24993279e+00
        1.80000000e+01       6.03418241e+00       2.33758637e+00
        1.80500000e+01       5.97679887e+00       2.42710938e+00
        1.81000000e+01       5.90661583e+00       2.51805188e+00
        1.81500000e+01       5.82392775e+00       2.60990612e+00
        1.82000000e+01       5.72919366e+00       2.70211152e+00
        1.82500000e+01       5.62303435e+00       2.79406203e+00
        1.83000000e+01       5.50622438e+00       2.88511560e+00
        1.83500000e+01       5.37967884e+00       2.97460568e+00
        1.84000000e+01       5.24443519e+00       3.06185421e+00
        1.84500000e+01       5.10163092e+00       3.14618577e+00
        1.85000000e+01       4.95247802e+00       3.22694219e+00
        1.85500000e+01       4.79823524e+00       3.30349697e+00
        1.86000000e+01       4.64017966e+00       3.37526891e+00
        1.86500000e+01       4.47957864e+00       3.44173426e+00
        1.87000000e+01       4.31766358e+00       3.50243697e+00
        1.87500000e+01       4.15560639e+00       3.55699648e+00
        1.88000000e+01       3.99449959e+00       3.60511309e+00
        1.88500000e+01       3.83534054e+00       3.64657048e+00
        1.89000000e+01       3.67902003e+00       3.68123577e+00
        1.89500000e+01       3.52631530e+00       3.70905720e+00
        1.90000000e+01       3.37788716e+00       3.73005966e+00
        1.90500000e+01       3.23428076e+00       3.74433866e+00
        1.91000000e+01       3.09592958e+00       3.75205302e+00
        1.91500000e+01       2.96316178e+00       3.75341664e+00
        1.92000000e+01       2.83620857e+00       3.74869001e+00
        1.92500000e+01       2.71521367e+00       3.73817149e+00
        1.93000000e+01       2.60024357e+00       3.72218889e+00
        1.93500000e+01       2.49129795e+00       3.70109153e+00
        1.94000000e+01       2.38831990e+00       3.67524290e+00
        1.94500000e+01       2.29120574e+00       3.64501406e+00
        1.95000000e+01       2.19981408e+00       3.61077785e+00
        1.95500000e+01       2.11397408e+00       3.57290399e+00
        1.96000000e+01       2.03349287e+00       3.53175495e+00
        1.96500000e+01       1.95816193e+00       3.48768256e+00
        1.97000000e+01       1.88776266e+00       3.44102537e+00
        1.97500000e+01       1.82207109e+00       3.39210670e+00
        1.98000000e+01       1.76086172e+00       3.34123317e+00
        1.98500000e+01       1.70391073e+00       3.28869378e+00
        1.99000000e+01       1.65099847e+00       3.23475938e+00
        1.99500000e+01       1.60191147e+00       3.17968253e+00
        2.00000000e+01       1.55644391e+00       3.12369755e+00
        2.00500000e+01       1.51439870e+00       3.06702094e+00
        2.01000000e+01       1.47558825e+00       3.00985184e+00
        2.01500000e+01       1.43983489e+00       2.95237271e+00
        2.02000000e+01       1.40697116e+00       2.89475004e+00
        2.02500000e+01       1.37683980e+00       2.83713522e+00
        2.03000000e+01       1.34929375e+00       2.77966532e+00
        2.03500000e+01       1.32419585e+00       2.72246402e+00
        2.04000000e+01       1.30141864e+00       2.66564244e+00
        2.04500000e+01       1.28084401e+00       2.60930004e+00
        2.05000000e+01       1.26236279e+00       2.55352541e+00
        2.05500000e+01       1.24587437e+00       2.49839712e+00
        2.06000000e+01       1.23128627e+00       2.44398449e+00
        2.06500000e+01       1.21851376e+00       2.39034831e+00
        2.07000000e+01       1.20747939e+00       2.33754160e+00
        2.07500000e+01       1.19811263e+00       2.28561018e+00
        2.08000000e+01       1.19034943e+00       2.23459337e+00
        2.08500000e+01       1.18413190e+00       2.18452454e+00
        2.09000000e+01       1.17940791e+00       2.13543163e+00
        2.09500000e+01       1.17613075e+00       2.08733770e+00
        2.10000000e+01       1.17425884e+00       2.04026136e+00
        2.10500000e+01       1.17375540e+00       1.99421721e+00
        2.11000000e+01       1.17458820e+00       1.94921625e+00
        2.11500000e+01       1.17672927e+00       1.90526623e+00
        2.12000000e+01       1.18015467e+00       1.86237202e+00
        2.12500000e+01       1.18484429e+00       1.82053586e+00
        2.13000000e+01       1.19078159e+00       1.77975775e+00
        2.13500000e+01       1.19795349e+00       1.74003560e+00
        2.14000000e+01       1.20635009e+00       1.70136556e+00
        2.14500000e+01       1.21596460e+00       1.66374219e+00
        2.15000000e+01       1.22679315e+00       1.62715871e+00
        2.15500000e+01       1.23883464e+00       1.59160713e+00
        2.16000000e+01       1.25209066e+00       1.55707848e+00
        2.16500000e+01       1.26656532e+00       1.52356293e+00
        2.17000000e+01       1.28226517e+00       1.49104995e+00
        2.17500000e+01       1.29919911e+00       1.45952844e+00
        2.18000000e+01       1.31737826e+00       1.42898686e+00
        2.18500000e+01       1.33681590e+00       1.39941333e+00
        2.19000000e+01       1.35752740e+00       1.37079574e+00
        2.19500000e+01       1.37953011e+00       1.34312187e+00
        2.20000000e+01       1.40284330e+00       1.31637944e+00
        2.20500000e+01       1.42748807e+00       1.29055621e+00
        2.21000000e+01       1.45348734e+00       1.26564005e+00
        2.21500000e+01       1.48086569e+00       1.24161906e+00
        2.22000000e+01       1.50964937e+00       1.21848156e+00
        2.22500000e+01       1.53986615e+00       1.19621622e+00
        2.23000000e+01       1.57154534e+00       1.17481209e+00
        2.23500000e+01       1.60471762e+00       1.15425866e+00
        2.24000000e+01       1.63941503e+00       1.13454593e+00
        2.24500000e+01       1.67567083e+00       1.11566446e+00
        2.25000000e+01       1.71351945e+00       1.09760542e+00
        2.25500000e+01       1.75299635e+00       1.08036065e+00
        2.26000000e+01       1.79413795e+00       1.06392272e+00
        2.26500000e+01       1.83698147e+00       1.04828497e+00
        2.27000000e+01       1.88156483e+00       1.03344155e+00
        2.27500000e+01       1.92792648e+00       1.01938754e+00
        2.28000000e+01       1.97610525e+00       1.00611893e+00
        2.28500000e+01       2.02614018e+00       9.93632719e-01
        2.29000000e+01       2.07807030e+00       9.81926994e-01
        2.29500000e+01       2.13193443e+00       9.71000960e-01
        2.30000000e+01       2.18777091e+00       9.60855027e-01
        2.30500000e+01       2.24561737e+00       9.51490884e-01
        2.31000000e+01       2.30551042e+00       9.42911571e-01
        2.31500000e+01       2.36748528e+00       9.35121570e-01
        2.32000000e+01       2.43157546e+00       9.28126884e-01
        2.32500000e+01       2.49781236e+00       9.21935141e-01
        2.33000000e+01       2.56622477e+00       9.16555688e-01
        2.33500000e+01       2.63683846e+00       9.11999706e-01
        2.34000000e+01       2.70967554e+00       9.08280321e-01
        2.34500000e+01       2.78475398e+00       9.05412732e-01
        2.35000000e+01       2.86208684e+00       9.03414343e-01
        2.35500000e+01       2.94168165e+00       9.02304906e-01
        2.36000000e+01       3.02353956e+00       9.02106671e-01
        2.36500000e+01       3.10765453e+00       9.02844552e-01
        2.37000000e+01       3.19401238e+00       9.04546294e-01
        2.37500000e+01       3.28258976e+00       9.07242658e-01
        2.38000000e+01       3.37335306e+00       9.10967609e-01
        2.38500000e+01       3.46625724e+00       9.15758519e-01
        2.39000000e+01       3.56124454e+00       9.21656372e-01
        2.39500000e+01       3.65824306e+00       9.28705984e-01
        2.40000000e+01       3.75716533e+00       9.36956216e-01
        2.40500000e+01       3.85790672e+00       9.46460200e-01
        2.41000000e+01       3.96034378e+00       9.57275560e-01
        2.41500000e+01       4.06433245e+00       9.69464624e-01
        2.42000000e+01       4.16970628e+00       9.83094628e-01
        2.42500000e+01       4.27627444e+00       9.98237900e-01
        2.43000000e+01       4.38381981e+00       1.01497201e+00
        2.43500000e+01       4.49209697e+00       1.03337991e+00
        2.44000000e+01       4.60083021e+00       1.05354996e+00
        2.44500000e+01       4.70971155e+00       1.07557594e+00
        2.45000000e+01       4.81839884e+00       1.09955699e+00
        2.45500000e+01       4.92651408e+00       1.12559735e+00
        2.46000000e+01       5.03364184e+00       1.15380607e+00
        2.46500000e+01       5.13932804e+00       1.18429649e+00
        2.47000000e+01       5.24307907e+00       1.21718553e+00
        2.47500000e+01       5.34436149e+00       1.25259276e+00
        2.48000000e+01       5.44260226e+00       1.29063922e+00
        2.48500000e+01       5.53718980e+00       1.33144584e+00
        2.49000000e+01       5.62747594e+00       1.37513161e+00
        2.49500000e+01       5.71277894e+00       1.42181125e+00
        2.50000000e+01       5.79238779e+00       1.47159256e+00
        2.50500000e+01       5.86556782e+00       1.52457319e+00
        2.51000000e+01       5.93156791e+00       1.58083702e+00
        2.51500000e+01       5.98962930e+00       1.64045003e+00
        2.52000000e+01       6.03899615e+00       1.70345572e+00
        2.52500000e+01       6.07892773e+00       1.76987016e+00
        2.53000000e+01       6.10871237e+00       1.83967673e+00
        2.53500000e+01       6.12768274e+00       1.91282063e+00
        2.54000000e+01       6.13523246e+00       1.98920354e+00
        2.54500000e+01       6.13083341e+00       2.06867835e+00
        2.55000000e+01       6.11405327e+00       2.15104452e+00
        2.55500000e+01       6.08457271e+00       2.23604417e+00
        2.56000000e+01       6.04220136e+00       2.32335933e+00
        2.56500000e+01       5.98689180e+00       2.41261062e+00
        2.57000000e+01       5.91875067e+00       2.50335773e+00
        2.57500000e+01       5.83804606e+00       2.59510192e+00
        2.58000000e+01       5.74521061e+00       2.68729067e+00
        2.58500000e+01       5.64083950e+00       2.77932465e+00
        2.59000000e+01       5.52568335e+00       2.87056687e+00
        2.59500000e+01       5.40063574e+00       2.96035387e+00
        2.60000000e+01       5.26671587e+00       3.04800853e+00
        2.60500000e+01       5.12504682e+00       3.13285400e+00
        2.61000000e+01       4.97683041e+00       3.21422837e+00
        2.61500000e+01       4.82331981e+00       3.29149909e+00
        2.62000000e+01       4.66579106e+00       3.36407681e+00
        2.62500000e+01       4.50551492e+00       3.43142782e+00
        2.63000000e+01       4.34373023e+00       3.49308457e+00
        2.63500000e+01       4.18161991e+00       3.54865396e+00
        2.64000000e+01       4.02029042e+00       3.59782302e+00
        2.64500000e+01       3.86075530e+00       3.64036198e+00
        2.65000000e+01       3.70392306e+00       3.67612465e+00
        2.65500000e+01       3.55058949e+00       3.70504646e+00
        2.66000000e+01       3.40143414e+00       3.72714036e+00
        2.66500000e+01       3.25702058e+00       3.74249099e+00
        2.67000000e+01       3.11779985e+00       3.75124750e+00
        2.67500000e+01       2.98411652e+00       3.75361553e+00
        2.68000000e+01       2.85621677e+00       3.74984865e+00
        2.68500000e+01       2.73425772e+00       3.74023971e+00
        2.69000000e+01       2.61831756e+00       3.72511235e+00
        2.69500000e+01       2.50840601e+00       3.70481295e+00
        2.70000000e+01       2.40447458e+00       3.67970317e+00
        2.70500000e+01       2.30642647e+00       3.65015326e+00
        2.71000000e+01       2.21412578e+00       3.61653615e+00
        2.71500000e+01       2.12740589e+00       3.57922235e+00
        2.72000000e+01       2.04607700e+00       3.53857574e+00
        2.72500000e+01       1.96993271e+00       3.49495006e+00
        2.73000000e+01       1.89875571e+00       3.44868614e+00
        2.73500000e+01       1.83232260e+00       3.40010987e+00
        2.74000000e+01       1.77040791e+00       3.34953061e+00
        2.74500000e+01       1.71278734e+00       3.29724026e+00
        2.75000000e+01       1.65924045e+00       3.24351259e+00
        2.75500000e+01       1.60955265e+00       3.18860310e+00
        2.76000000e+01       1.56351681e+00       3.13274904e+00
        2.76500000e+01       1.52093438e+00       3.07616973e+00
        2.77000000e+01       1.48161620e+00       3.01906707e+00
        2.77500000e+01       1.44538299e+00       2.96162613e+00
        2.78000000e+01       1.41206563e+00       2.90401595e+00
        2.78500000e+01       1.38150524e+00       2.84639025e+00
        2.79000000e+01       1.35355311e+00       2.78888838e+00
        2.79500000e+01       1.32807052e+00       2.73163609e+00
        2.80000000e+01       1.30492848e+00       2.67474647e+00
        2.80500000e+01       1.28400739e+00       2.61832079e+00
        2.81000000e+01       1.26519666e+00       2.56244934e+00
        2.81500000e+01       1.24839434e+00       2.50721225e+00
        2.82000000e+01       1.23350669e+00       2.45268026e+00
        2.82500000e+01       1.22044774e+00       2.39891551e+00
        2.83000000e+01       1.20913890e+00       2.34597219e+00
        2.83500000e+01       1.19950856e+00       2.29389725e+00
        2.84000000e+01       1.19149166e+00       2.24273102e+00
        2.84500000e+01       1.18502933e+00       2.19250778e+00
        2.85000000e+01       1.18006854e+00       2.14325632e+00
        2.85500000e+01       1.17656174e+00       2.09500045e+00
        2.86000000e+01       1.17446655e+00       2.04775945e+00
        2.86500000e+01       1.17374542e+00       2.00154855e+00
        2.87000000e+01       1.17436542e+00       1.95637930e+00
        2.87500000e+01       1.17629790e+00       1.91225994e+00
        2.88000000e+01       1.17951830e+00       1.86919579e+00
        2.88500000e+01       1.18400591e+00       1.82718950e+00
        2.89000000e+01       1.18974362e+00       1.78624140e+00
        2.89500000e+01       1.19671781e+00       1.74634972e+00
        2.90000000e+01       1.20491808e+00       1.70751089e+00
        2.90500000e+01       1.21433715e+00       1.66971970e+00
        2.91000000e+01       1.22497069e+00       1.63296957e+00
        2.91500000e+01       1.23681717e+00       1.59725270e+00
        2.92000000e+01       1.24987775e+00       1.56256026e+00
        2.92500000e+01       1.26415614e+00       1.52888255e+00
        2.93000000e+01       1.27965850e+00       1.49620914e+00
        2.93500000e+01       1.29639337e+00       1.46452902e+00
        2.94000000e+01       1.31437151e+00       1.43383071e+00
        2.94500000e+01       1.33360587e+00       1.40410239e+00
        2.95000000e+01       1.35411149e+00       1.37533196e+00
        2.95500000e+01       1.37590539e+00       1.34750722e+00
        2.96000000e+01       1.39900654e+00       1.32061589e+00
        2.96500000e+01       1.42343577e+00       1.29464572e+00
        2.97000000e+01       1.44921569e+00       1.26958456e+00
        2.97500000e+01       1.47637063e+00       1.24542047e+00
        2.98000000e+01       1.50492657e+00       1.22214173e+00
        2.98500000e+01       1.53491105e+00       1.19973694e+00
        2.99000000e+01       1.56635313e+00       1.17819509e+00
        2.99500000e+01       1.59928327e+00       1.15750560e+00
        3.00000000e+01       1.63373331e+00       1.13765838e+00
        3.00500000e+01       1.66973631e+00       1.11864390e+00
        3.01000000e+01       1.70732652e+00       1.10045323e+00
        3.01500000e+01       1.74653925e+00       1.08307809e+00
        3.02000000e+01       1.78741076e+00       1.06651094e+00
        3.02500000e+01       1.82997816e+00       1.05074497e+00
        3.03000000e+01       1.87427926e+00       1.03577423e+00
        3.03500000e+01       1.92035245e+00       1.02159361e+00
        3.04000000e+01       1.96823650e+00       1.00819898e+00
        3.04500000e+01       2.01797042e+00       9.95587162e-01
        3.05000000e+01       2.06959327e+00       9.83756061e-01
        3.05500000e+01       2.12314390e+00       9.72704699e-01
        3.06000000e+01       2.17866077e+00       9.62433288e-01
        3.06500000e+01       2.23618164e+00       9.52943305e-01
        3.07000000e+01       2.29574329e+00       9.44237570e-01
        3.07500000e+01       2.35738119e+00       9.36320325e-01
        3.08000000e+01       2.42112916e+00       9.29197324e-01
        3.08500000e+01       2.48701897e+00       9.22875926e-01
        3.09000000e+01       2.55507985e+00       9.17365195e-01
        3.09500000e+01       2.62533809e+00       9.12676010e-01
        3.10000000e+01       2.69781645e+00       9.08821175e-01
        3.10500000e+01       2.77253358e+00       9.05815548e-01
        3.11000000e+01       2.84950338e+00       9.03676169e-01
        3.11500000e+01       2.92873434e+00       9.02422402e-01
        3.12000000e+01       3.01022867e+00       9.02076085e-01
        3.12500000e+01       3.09398156e+00       9.02661693e-01
        3.13000000e+01       3.17998020e+00       9.04206504e-01
        3.13500000e+01       3.26820277e+00       9.06740780e-01
        3.14000000e+01       3.35861742e+00       9.10297960e-01
        3.14500000e+01       3.45118101e+00       9.14914852e-01
        3.15000000e+01       3.54583792e+00       9.20631848e-01
        3.15500000e+01       3.64251861e+00       9.27493131e-01
        3.16000000e+01       3.74113823e+00       9.35546897e-01
        3.16500000e+01       3.84159502e+00       9.44845577e-01
        3.17000000e+01       3.94376866e+00       9.55446059e-01
        3.17500000e+01       4.04751854e+00       9.67409900e-01
        3.18000000e+01       4.15268192e+00       9.80803534e-01
        3.18500000e+01       4.25907203e+00       9.95698458e-01
        3.19000000e+01       4.36647611e+00       1.01217140e+00
        3.19500000e+01       4.47465342e+00       1.03030442e+00
        3.20000000e+01       4.58333326e+00       1.05018502e+00
        3.20500000e+01       4.69221295e+00       1.07190612e+00
        3.21000000e+01       4.80095597e+00       1.09556599e+00
        3.21500000e+01       4.90919020e+00       1.12126809e+00
        3.22000000e+01       5.01650630e+00       1.14912072e+00
        3.22500000e+01       5.12245648e+00       1.17923655e+00
        3.23000000e+01       5.22655352e+00       1.21173201e+00
        3.23500000e+01       5.32827039e+00       1.24672631e+00
        3.24000000e+01       5.42704036e+00       1.28434035e+00
        3.24500000e+01       5.52225794e+00       1.32469518e+00
        3.25000000e+01       5.61328066e+00       1.36791025e+00
        3.25500000e+01       5.69943195e+00       1.41410115e+00
        3.26000000e+01       5.78000513e+00       1.46337699e+00
        3.26500000e+01       5.85426890e+00       1.51583727e+00
        3.27000000e+01       5.92147423e+00       1.57156836e+00
        3.27500000e+01       5.98086295e+00       1.63063942e+00
        3.28000000e+01       6.03167793e+00       1.69309789e+00
        3.28500000e+01       6.07317514e+00       1.75896459e+00
        3.29000000e+01       6.10463723e+00       1.82822851e+00
        3.29500000e+01       6.12538865e+00       1.90084138e+00
        3.30000000e+01       6.13481209e+00       1.97671222e+00
        3.30500000e+01       6.13236564e+00       2.05570210e+00
        3.31000000e+01       6.11760040e+00       2.13761935e+00
        3.31500000e+01       6.09017778e+00       2.22221553e+00
        3.32000000e+01       6.04988566e+00       2.30918246e+00
        3.32500000e+01       5.99665282e+00       2.39815065e+00
        3.33000000e+01       5.93056051e+00       2.48868948e+00
        3.33500000e+01       5.85185056e+00       2.58030933e+00
        3.34000000e+01       5.76092914e+00       2.67246591e+00
        3.34500000e+01       5.65836565e+00       2.76456688e+00
        3.35000000e+01       5.54488643e+00       2.85598058e+00
        3.35500000e+01       5.42136314e+00       2.94604698e+00
        3.36000000e+01       5.28879613e+00       3.03409024e+00
        3.36500000e+01       5.14829340e+00       3.11943249e+00
        3.37000000e+01       5.00104593e+00       3.20140843e+00
        3.37500000e+01       4.84830054e+00       3.27937984e+00
        3.38000000e+01       4.69133151e+00       3.35274954e+00
        3.38500000e+01       4.53141231e+00       3.42097410e+00
        3.39000000e+01       4.36978859e+00       3.48357472e+00
        3.39500000e+01       4.20765377e+00       3.54014588e+00
        3.40000000e+01       4.04612781e+00       3.59036147e+00
        3.40500000e+01       3.88624012e+00       3.63397822e+00
        3.41000000e+01       3.72891671e+00       3.67083660e+00
        3.41500000e+01       3.57497186e+00       3.70085915e+00
        3.42000000e+01       3.42510386e+00       3.72404670e+00
        3.42500000e+01       3.27989478e+00       3.74047281e+00
        3.43000000e+01       3.13981338e+00       3.75027681e+00
        3.43500000e+01       3.00522087e+00       3.75365581e+00
        3.44000000e+01       2.87637863e+00       3.75085626e+00
        3.44500000e+01       2.75345742e+00       3.74216529e+00
        3.45000000e+01       2.63654743e+00       3.72790213e+00
        3.45500000e+01       2.52566867e+00       3.70841004e+00
        3.46000000e+01       2.42078134e+00       3.68404869e+00
        3.46500000e+01       2.32179576e+00       3.65518736e+00
        3.47000000e+01       2.22858172e+00       3.62219893e+00
        3.47500000e+01       2.14097702e+00       3.58545460e+00
        3.48000000e+01       2.05879511e+00       3.54531958e+00
        3.48500000e+01       1.98183184e+00       3.50214941e+00
        3.49000000e+01       1.90987133e+00       3.45628719e+00
        3.49500000e+01       1.84269086e+00       3.40806130e+00
        3.50000000e+01       1.78006504e+00       3.35778387e+00
        3.50500000e+01       1.72176920e+00       3.30574963e+00
        3.51000000e+01       1.66758213e+00       3.25223529e+00
        3.51500000e+01       1.61728817e+00       3.19749930e+00
        3.52000000e+01       1.57067892e+00       3.14178182e+00
        3.52500000e+01       1.52755438e+00       3.08530503e+00
        3.53000000e+01       1.48772383e+00       3.02827358e+00
        3.53500000e+01       1.45100640e+00       2.97087521e+00
        3.54000000e+01       1.41723131e+00       2.91328147e+00
        3.54500000e+01       1.38623804e+00       2.85564851e+00
        3.55000000e+01       1.35787626e+00       2.79811790e+00
        3.55500000e+01       1.33200565e+00       2.74081754e+00
        3.56000000e+01       1.30849568e+00       2.68386250e+00
        3.56500000e+01       1.28722527e+00       2.62735588e+00
        3.57000000e+01       1.26808240e+00       2.57138968e+00
        3.57500000e+01       1.25096377e+00       2.51604560e+00
        3.58000000e+01       1.23577434e+00       2.46139587e+00
        3.58500000e+01       1.22242692e+00       2.40750393e+00
        3.59000000e+01       1.21084177e+00       2.35442522e+00
        3.59500000e+01       1.20094617e+00       2.30220781e+00
        3.60000000e+01       1.19267404e+00       2.25089305e+00
        3.60500000e+01       1.18596554e+00       2.20051615e+00
        3.61000000e+01       1.18076673e+00       2.15110674e+00
        3.61500000e+01       1.17702920e+00       2.10268942e+00
        3.62000000e+01       1.17470975e+00       2.05528415e+00
        3.62500000e+01       1.17377008e+00       2.00890680e+00
        3.63000000e+01       1.17417654e+00       1.96356947e+00
        3.63500000e+01       1.17589981e+00       1.91928091e+00
        3.64000000e+01       1.17891468e+00       1.87604690e+00
        3.64500000e+01       1.18319983e+00       1.83387048e+00
        3.65000000e+01       1.18873760e+00       1.79275235e+00
        3.65500000e+01       1.19551381e+00       1.75269105e+00
        3.66000000e+01       1.20351756e+00       1.71368329e+00
        3.66500000e+01       1.21274108e+00       1.67572410e+00
        3.67000000e+01       1.22317958e+00       1.63880712e+00
        3.67500000e+01       1.23483107e+00       1.60292473e+00
        3.68000000e+01       1.24769630e+00       1.56806825e+00
        3.68500000e+01       1.26177857e+00       1.53422811e+00
        3.69000000e+01       1.27708368e+00       1.50139399e+00
        3.69500000e+01       1.29361975e+00       1.46955497e+00
        3.70000000e+01       1.31139723e+00       1.43869963e+00
        3.70500000e+01       1.33042869e+00       1.40881619e+00
        3.71000000e+01       1.35072886e+00       1.37989261e+00
        3.71500000e+01       1.37231444e+00       1.35191668e+00
        3.72000000e+01       1.39520410e+00       1.32487613e+00
        3.72500000e+01       1.41941837e+00       1.29875871e+00
        3.73000000e+01       1.44497957e+00       1.27355225e+00
        3.73500000e+01       1.47191178e+00       1.24924475e+00
        3.74000000e+01       1.50024069e+00       1.22582447e+00
        3.74500000e+01       1.52999361e+00       1.20327995e+00
        3.75000000e+01       1.56119937e+00       1.18160012e+00
        3.75500000e+01       1.59388820e+00       1.16077430e+00
        3.76000000e+01       1.62809172e+00       1.14079235e+00
        3.76500000e+01       1.66384280e+00       1.12164463e+00
        3.77000000e+01       1.70117552e+00       1.10332211e+00
        3.77500000e+01       1.74012501e+00       1.08581641e+00
        3.78000000e+01       1.78072740e+00       1.06911985e+00
        3.78500000e+01       1.82301966e+00       1.05322552e+00
        3.79000000e+01       1.86703950e+00       1.03812731e+00
        3.79500000e+01       1.91282522e+00       1.02382000e+00
        3.80000000e+01       1.96041555e+00       1.01029926e+00
        3.80500000e+01       2.00984947e+00       9.97561774e-01
        3.81000000e+01       2.06116605e+00       9.85605272e-01
        3.81500000e+01       2.11440420e+00       9.74428587e-01
        3.82000000e+01       2.16960243e+00       9.64031736e-01
        3.82500000e+01       2.22679865e+00       9.54415987e-01
        3.83000000e+01       2.28602982e+00       9.45583939e-01
        3.83500000e+01       2.34733164e+00       9.37539599e-01
        3.84000000e+01       2.41073823e+00       9.30288473e-01
        3.84500000e+01       2.47628170e+00       9.23837654e-01
        3.85000000e+01       2.54399173e+00       9.18195926e-01
        3.85500000e+01       2.61389512e+00       9.13373868e-01
        3.86000000e+01       2.68601523e+00       9.09383967e-01
        3.86500000e+01       2.76037141e+00       9.06240742e-01
        3.87000000e+01       2.83697838e+00       9.03960873e-01
        3.87500000e+01       2.91584554e+00       9.02563340e-01
        3.88000000e+01       2.99697617e+00       9.02069574e-01
        3.88500000e+01       3.08036665e+00       9.02503613e-01
        3.89000000e+01       3.16600551e+00       9.03892274e-01
        3.89500000e+01       3.25387247e+00       9.06265327e-01
        3.90000000e+01       3.34393735e+00       9.09655686e-01
        3.90500000e+01       3.43615892e+00       9.14099605e-01
        3.91000000e+01       3.53048364e+00       9.19636884e-01
        3.91500000e+01       3.62684432e+00       9.26311083e-01
        3.92000000e+01       3.72515867e+00       9.34169738e-01
        3.92500000e+01       3.82532775e+00       9.43264584e-01
        3.93000000e+01       3.92723434e+00       9.53651778e-01
        3.93500000e+01       4.03074123e+00       9.65392112e-01
        3.94000000e+01       4.13568934e+00       9.78551223e-01
        3.94500000e+01       4.24189590e+00       9.93199783e-01
        3.95000000e+01       4.34915247e+00       1.00941367e+00
        3.95500000e+01       4.45722294e+00       1.02727408e+00
        3.96000000e+01       4.56584155e+00       1.04686763e+00
        3.96500000e+01       4.67471091e+00       1.06828639e+00
        3.97000000e+01       4.78350005e+00       1.09162776e+00
        3.97500000e+01       4.89184269e+00       1.11699440e+00
        3.98000000e+01       4.99933556e+00       1.14449384e+00
        3.98500000e+01       5.10553713e+00       1.17423811e+00
        3.99000000e+01       5.20996657e+00       1.20634307e+00
        3.99500000e+01       5.31210324e+00       1.24092757e+00
        4.00000000e+01       5.41138676e+00       1.27811230e+00
        4.00500000e+01       5.50721777e+00       1.31801844e+00
        4.01000000e+01       5.59895959e+00       1.36076581e+00
        4.01500000e+01       5.68594088e+00       1.40647079e+00
        4.02000000e+01       5.76745948e+00       1.45524373e+00
        4.02500000e+01       5.84278762e+00       1.50718591e+00
        4.03000000e+01       5.91117859e+00       1.56238606e+00
        4.03500000e+01       5.97187503e+00       1.62091641e+00
        4.04000000e+01       6.02411890e+00       1.68282820e+00
        4.04500000e+01       6.06716317e+00       1.74814689e+00
        4.05000000e+01       6.10028522e+00       1.81686694e+00
        4.05500000e+01       6.12280171e+00       1.88894643e+00
        4.06000000e+01       6.13408481e+00       1.96430162e+00
        4.06500000e+01       6.13357932e+00       2.04280162e+00
        4.07000000e+01       6.12082020e+00       2.12426354e+00
        4.07500000e+01       6.09545001e+00       2.20844830e+00
        4.08000000e+01       6.05723525e+00       2.29505745e+00
        4.08500000e+01       6.00608120e+00       2.38373141e+00
        4.09000000e+01       5.94204396e+00       2.47404928e+00
        4.09500000e+01       5.86533916e+00       2.56553072e+00
        4.10000000e+01       5.77634649e+00       2.65763982e+00
        4.10500000e+01       5.67560942e+00       2.74979142e+00
        4.11000000e+01       5.56382969e+00       2.84135952e+00
        4.11500000e+01       5.44185660e+00       2.93168784e+00
        4.12000000e+01       5.31067113e+00       3.02010215e+00
        4.12500000e+01       5.17136556e+00       3.10592396e+00
        4.13000000e+01       5.02511931e+00       3.18848495e+00
        4.13500000e+01       4.87317211e+00       3.26714158e+00
        4.14000000e+01       4.71679577e+00       3.34128919e+00
        4.14500000e+01       4.55726573e+00       3.41037491e+00
        4.15000000e+01       4.39583388e+00       3.47390891e+00
        4.15500000e+01       4.23370353e+00       3.53147341e+00
        4.16000000e+01       4.07200772e+00       3.58272923e+00
        4.16500000e+01       3.91179140e+00       3.62741967e+00
        4.17000000e+01       3.75399789e+00       3.66537176e+00
        4.17500000e+01       3.59945979e+00       3.69649507e+00
        4.18000000e+01       3.44889418e+00       3.72077818e+00
        4.18500000e+01       3.30290167e+00       3.73828340e+00
        4.19000000e+01       3.16196893e+00       3.74914000e+00
        4.19500000e+01       3.02647397e+00       3.75353635e+00
        4.20000000e+01       2.89669363e+00       3.75171157e+00
        4.20500000e+01       2.77281257e+00       3.74394683e+00
        4.21000000e+01       2.65493324e+00       3.73055677e+00
        4.21500000e+01       2.54308623e+00       3.71188129e+00
        4.22000000e+01       2.43724066e+00       3.68827792e+00
        4.22500000e+01       2.33731423e+00       3.66011483e+00
        4.23000000e+01       2.24318264e+00       3.62776467e+00
        4.23500000e+01       2.15468829e+00       3.59159926e+00
        4.24000000e+01       2.07164807e+00       3.55198500e+00
        4.24500000e+01       1.99386025e+00       3.50927922e+00
        4.25000000e+01       1.92111046e+00       3.46382719e+00
        4.25500000e+01       1.85317679e+00       3.41595976e+00
        4.26000000e+01       1.78983403e+00       3.36599176e+00
        4.26500000e+01       1.73085721e+00       3.31422078e+00
        4.27000000e+01       1.67602438e+00       3.26092646e+00
        4.27500000e+01       1.62511888e+00       3.20637017e+00
        4.28000000e+01       1.57793105e+00       3.15079501e+00
        4.28500000e+01       1.53425946e+00       3.09442602e+00
        4.29000000e+01       1.49391188e+00       3.03747063e+00
        4.29500000e+01       1.45670581e+00       2.98011926e+00
        4.30000000e+01       1.42246885e+00       2.92254600e+00
        4.30500000e+01       1.39103881e+00       2.86490942e+00
        4.31000000e+01       1.36226375e+00       2.80735339e+00
        4.31500000e+01       1.33600175e+00       2.75000794e+00
        4.32000000e+01       1.31212073e+00       2.69299013e+00
        4.32500000e+01       1.29049810e+00       2.63640494e+00
        4.33000000e+01       1.27102043e+00       2.58034610e+00
        4.33500000e+01       1.25358303e+00       2.52489691e+00
        4.34000000e+01       1.23808957e+00       2.47013106e+00
        4.34500000e+01       1.22445162e+00       2.41611337e+00
        4.35000000e+01       1.21258827e+00       2.36290051e+00
        4.35500000e+01       1.20242571e+00       2.31054169e+00
        4.36000000e+01       1.19389681e+00       2.25907930e+00
        4.36500000e+01       1.18694075e+00       2.20854951e+00
        4.37000000e+01       1.18150267e+00       2.15898280e+00
        4.37500000e+01       1.17753329e+00       2.11040454e+00
        4.38000000e+01       1.17498859e+00       2.06283542e+00
        4.38500000e+01       1.17382952e+00       2.01629192e+00
        4.39000000e+01       1.17402168e+00       1.97078673e+00
        4.39500000e+01       1.17553508e+00       1.92632913e+00
        4.40000000e+01       1.17834386e+00       1.88292533e+00
        4.40500000e+01       1.18242611e+00       1.84057881e+00
        4.41000000e+01       1.18776357e+00       1.79929060e+00
        4.41500000e+01       1.19434152e+00       1.75905960e+00
        4.42000000e+01       1.20214856e+00       1.71988278e+00
        4.42500000e+01       1.21117640e+00       1.68175543e+00
        4.43000000e+01       1.22141980e+00       1.64467141e+00
        4.43500000e+01       1.23287633e+00       1.60862326e+00
        4.44000000e+01       1.24554630e+00       1.57360250e+00
        4.44500000e+01       1.25943261e+00       1.53959966e+00
        4.45000000e+01       1.27454065e+00       1.50660456e+00
        4.45500000e+01       1.29087821e+00       1.47460634e+00
        4.46000000e+01       1.30845534e+00       1.44359366e+00
        4.46500000e+01       1.32728430e+00       1.41355479e+00
        4.47000000e+01       1.34737945e+00       1.38447774e+00
        4.47500000e+01       1.36875719e+00       1.35635030e+00
        4.48000000e+01       1.39143589e+00       1.32916023e+00
        4.48500000e+01       1.41543577e+00       1.30289524e+00
        4.49000000e+01       1.44077888e+00       1.27754316e+00
        4.49500000e+01       1.46748901e+00       1.25309196e+00
        4.50000000e+01       1.49559160e+00       1.22952984e+00
        4.50500000e+01       1.52511372e+00       1.20684530e+00
        4.51000000e+01       1.55608393e+00       1.18502720e+00
        4.51500000e+01       1.58853226e+00       1.16406481e+00
        4.52000000e+01       1.62249012e+00       1.14394787e+00
        4.52500000e+01       1.65799017e+00       1.12466668e+00
        4.53000000e+01       1.69506630e+00       1.10621209e+00
        4.53500000e+01       1.73375349e+00       1.08857562e+00
        4.54000000e+01       1.77408770e+00       1.07174949e+00
        4.54500000e+01       1.81610580e+00       1.05572664e+00
        4.55000000e+01       1.85984536e+00       1.04050083e+00
        4.55500000e+01       1.90534462e+00       1.02606670e+00
        4.56000000e+01       1.95264224e+00       1.01241977e+00
        4.56500000e+01       2.00177718e+00       9.99556562e-01
        4.57000000e+01       2.05278850e+00       9.87474628e-01
        4.57500000e+01       2.10571515e+00       9.76172621e-01
        4.58000000e+01       2.16059573e+00       9.65650362e-01
        4.58500000e+01       2.21746826e+00       9.55908914e-01
        4.59000000e+01       2.27636987e+00       9.46950657e-01
        4.59500000e+01       2.33733649e+00       9.38779365e-01
        4.60000000e+01       2.40040252e+00       9.31400296e-01
        4.60500000e+01       2.46560042e+00       9.24820283e-01
        4.61000000e+01       2.53296030e+00       9.19047832e-01
        4.61500000e+01       2.60250944e+00       9.14093224e-01
        4.62000000e+01       2.67427180e+00       9.09968632e-01
        4.62500000e+01       2.74826742e+00       9.06688240e-01
        4.63000000e+01       2.82451181e+00       9.04268370e-01
        4.63500000e+01       2.90301526e+00       9.02727625e-01
        4.64000000e+01       2.98378210e+00       9.02087030e-01
        4.64500000e+01       3.06680987e+00       9.02370194e-01
        4.65000000e+01       3.15208844e+00       9.03603474e-01
        4.65500000e+01       3.23959900e+00       9.05816154e-01
        4.66000000e+01       3.32931305e+00       9.09040629e-01
        4.66500000e+01       3.42119121e+00       9.13312602e-01
        4.67000000e+01       3.51518201e+00       9.18671290e-01
        4.67500000e+01       3.61122056e+00       9.25159633e-01
        4.68000000e+01       3.70922708e+00       9.32824514e-01
        4.68500000e+01       3.80910543e+00       9.41716977e-01
        4.69000000e+01       3.91074144e+00       9.51892453e-01
        4.69500000e+01       4.01400122e+00       9.63410976e-01
        4.70000000e+01       4.11872934e+00       9.76337390e-01
        4.70500000e+01       4.22474697e+00       9.90741547e-01
        4.71000000e+01       4.33184994e+00       1.00669847e+00
        4.71500000e+01       4.43980670e+00       1.02428851e+00
        4.72000000e+01       4.54835642e+00       1.04359740e+00
        4.72500000e+01       4.65720689e+00       1.06471633e+00
        4.73000000e+01       4.76603269e+00       1.08774186e+00
        4.73500000e+01       4.87447332e+00       1.11277581e+00
        4.74000000e+01       4.98213156e+00       1.13992496e+00
        4.74500000e+01       5.08857210e+00       1.16930066e+00
        4.75000000e+01       5.19332048e+00       1.20101820e+00
        4.75500000e+01       5.29586247e+00       1.23519601e+00
        4.76000000e+01       5.39564405e+00       1.27195459e+00
        4.76500000e+01       5.49207203e+00       1.31141513e+00
        4.77000000e+01       5.58451559e+00       1.35369781e+00
        4.77500000e+01       5.67230873e+00       1.39891973e+00
        4.78000000e+01       5.75475393e+00       1.44719240e+00
        4.78500000e+01       5.83112713e+00       1.49861877e+00
        4.79000000e+01       5.90068415e+00       1.55328987e+00
        4.79500000e+01       5.96266870e+00       1.61128084e+00
        4.80000000e+01       6.01632211e+00       1.67264662e+00
        4.80500000e+01       6.06089473e+00       1.73741716e+00
        4.81000000e+01       6.09565905e+00       1.80559227e+00
        4.81500000e+01       6.11992434e+00       1.87713623e+00
        4.82000000e+01       6.13305273e+00       1.95197240e+00
        4.82500000e+01       6.13447614e+00       2.02997781e+00
        4.83000000e+01       6.12371388e+00       2.11097823e+00
        4.83500000e+01       6.10039004e+00       2.19474385e+00
        4.84000000e+01       6.06425018e+00       2.28098593e+00
        4.84500000e+01       6.01517635e+00       2.36935478e+00
        4.85000000e+01       5.95319973e+00       2.45943929e+00
        4.85500000e+01       5.87850988e+00       2.55076844e+00
        4.86000000e+01       5.79146003e+00       2.64281493e+00
        4.86500000e+01       5.69256753e+00       2.73500097e+00
        4.87000000e+01       5.58250927e+00       2.82670648e+00
        4.87500000e+01       5.46211176e+00       2.91727926e+00
        4.88000000e+01       5.33233611e+00       3.00604706e+00
        4.88500000e+01       5.19425822e+00       3.09233113e+00
        4.89000000e+01       5.04904528e+00       3.17546051e+00
        4.89500000e+01       4.89792920e+00       3.25478672e+00
        4.90000000e+01       4.74217855e+00       3.32969792e+00
        4.90500000e+01       4.58307009e+00       3.39963213e+00
        4.91000000e+01       4.42186124e+00       3.46408870e+00
        4.91500000e+01       4.25976468e+00       3.52263777e+00
        4.92000000e+01       4.09792605e+00       3.57492718e+00
        4.92500000e+01       3.93740550e+00       3.62068683e+00
        4.93000000e+01       3.77916340e+00       3.65973031e+00
        4.93500000e+01       3.62405059e+00       3.69195410e+00
        4.94000000e+01       3.47280288e+00       3.71733439e+00
        4.94500000e+01       3.32603951e+00       3.73592208e+00
        4.95000000e+01       3.18426518e+00       3.74783615e+00
        4.95500000e+01       3.04787491e+00       3.75325605e+00
        4.96000000e+01       2.91716122e+00       3.75241333e+00
        4.96500000e+01       2.79232294e+00       3.74558297e+00
        4.97000000e+01       2.67347504e+00       3.73307479e+00
        4.97500000e+01       2.56065896e+00       3.71522518e+00
        4.98000000e+01       2.45385300e+00       3.69238931e+00
        4.98500000e+01       2.35298249e+00       3.66493409e+00
        4.99000000e+01       2.25792926e+00       3.63323184e+00
        4.99500000e+01       2.16854052e+00       3.59765481e+00
        5.00000000e+01       2.08463676e+00       3.55857056e+00
