Ket qua tinh toan he phuong trinh sau 24 lan lap:

####################################################################################################

    i            x_1             x_2             x_3               sai_so
    1    0.000000000     0.000000000     0.000000000         7.000000e+00
    2    7.000000000    -5.000000000     1.000000000         1.300000e+01
    3   19.000000000   -18.000000000     3.000000000         3.200000e+01
    4   49.000000000   -50.000000000     7.000000000         7.600000e+01
    5  121.000000000  -126.000000000    15.000000000         1.760000e+02
    6  289.000000000  -302.000000000    31.000000000         4.000000e+02
    7  673.000000000  -702.000000000    63.000000000         8.960000e+02
    8 1537.000000000 -1598.000000000   127.000000000         1.984000e+03
    9 3457.000000000 -3582.000000000   255.000000000         4.352000e+03
   10 7681.000000000 -7934.000000000   511.000000000         9.472000e+03
   1116897.000000000 -17406.000000000  1023.000000000         2.048000e+04
   1236865.000000000 -37886.000000000  2047.000000000         4.403200e+04
   1379873.000000000 -81918.000000000  4095.000000000         9.420800e+04
   14172033.000000000 -176126.000000000  8191.000000000         2.007040e+05
   15368641.000000000 -376830.000000000 16383.000000000         4.259840e+05
   16786433.000000000 -802814.000000000 32767.000000000         9.011200e+05
   171671169.000000000 -1703934.000000000 65535.000000000         1.900544e+06
   183538945.000000000 -3604478.000000000 131071.000000000         3.997696e+06
   197471105.000000000 -7602174.000000000 262143.000000000         8.388608e+06
   2015728641.000000000 -15990782.000000000 524287.000000000         1.756365e+07
   2133030145.000000000 -33554430.000000000 1048575.000000000         3.670016e+07
   2269206017.000000000 -70254590.000000000 2097151.000000000         7.654605e+07
   23144703489.000000000 -146800638.000000000 4194303.000000000         1.593836e+08
   24301989889.000000000 -306184190.000000000 8388607.000000000         3.313500e+08
